

TREE # 1

  0  0.0000   9222.835028  x:  0.17444   0.02804   0.07307   0.00000   0.21220   0.15259   0.14764   0.15672   0.09176   0.01488   0.10164   0.09888   0.08304   0.02822   0.03654   0.11840   0.16638   0.13073   0.17006   0.12456   0.13600   0.08105   0.05011   0.02312   0.14692   0.15208   0.08109   0.04353   0.13235   0.02986   0.05286   0.04009   0.10565   0.11049   0.05181   0.16210   0.10351   2.00000   1.39835   0.16116   0.29812   1.40136  
  1 99.0000   8117.372397  x:  0.33933   0.14883   0.13426   0.33082   0.26389   0.21911   0.20702   0.22921   0.13420   0.10708   0.15967   0.22640   0.21741   0.09885   0.16578   0.18737   0.24356   0.24253   0.25625   0.23617   0.18654   0.18067   0.21872   0.13337   0.27039   0.19702   0.10911   0.05602   0.15046   0.08412   0.12700   0.14545   0.14720   0.24540   0.15102   0.28428   0.25700   1.99214   1.43221   0.12848   0.00000   1.40043  
  2 3559.0559   7946.852521  x:  0.55221   0.30475   0.21323   0.75785   0.33062   0.30498   0.28369   0.32280   0.18897   0.22607   0.23459   0.39104   0.39088   0.19001   0.33262   0.27643   0.34322   0.38688   0.36753   0.38027   0.25179   0.30927   0.43638   0.27568   0.42981   0.25503   0.14526   0.07214   0.17384   0.15414   0.22270   0.28145   0.20085   0.41958   0.27910   0.44202   0.45515   1.98200   1.47593   0.08629   0.00112   1.39923  
  3 19406.8885   7859.727174  x:  0.65517   0.28659   0.15654   0.74707   0.32833   0.32863   0.31771   0.37463   0.12660   0.17277   0.19772   0.41345   0.39751   0.15038   0.33901   0.30508   0.39489   0.45155   0.41662   0.40523   0.22982   0.28236   0.41113   0.23729   0.49994   0.25277   0.10480   0.00000   0.14214   0.06976   0.14939   0.20109   0.18700   0.45991   0.28328   0.51798   0.50315   1.97901   1.42580   0.13679   0.00111   1.39785  
  4 375.4648   7803.345280  x:  0.80369   0.24741   0.06016   0.71434   0.31971   0.36120   0.35636   0.43826   0.02263   0.08628   0.14246   0.44454   0.40282   0.08723   0.34077   0.33761   0.45958   0.53241   0.48159   0.44220   0.20709   0.24452   0.36858   0.17101   0.60200   0.24816   0.15341   0.12368   0.15498   0.02028   0.07758   0.09673   0.15284   0.51606   0.27594   0.62097   0.56169   1.97457   1.35636   0.20702   0.00109   1.39533  
  5 769.0574   7788.795613  x:  0.84160   0.23142   0.03767   0.69484   0.31570   0.36830   0.36287   0.45130   0.00000   0.06675   0.13134   0.45086   0.40195   0.07133   0.33725   0.34290   0.47325   0.54914   0.49611   0.45233   0.20880   0.23651   0.35424   0.15344   0.62665   0.24500   0.15151   0.12571   0.16386   0.05446   0.09431   0.09665   0.13891   0.52957   0.26732   0.64515   0.57143   1.97339   1.33728   0.22646   0.00108   1.39443  
  6 443.3174   7764.598660  x:  0.98478   0.15102   0.03463   0.57995   0.29639   0.39041   0.36566   0.47815   0.01364   0.06071   0.13128   0.47190   0.40017   0.04061   0.31132   0.34587   0.50521   0.58665   0.53804   0.50638   0.27806   0.23731   0.30032   0.12225   0.71525   0.24151   0.15585   0.14947   0.18636   0.00000   0.18195   0.18767   0.06172   0.58474   0.19741   0.72174   0.58019   1.96732   1.26868   0.29759   0.00106   1.38930  
  7 269.7606   7747.080673  x:  1.11473   0.07978   0.08185   0.45667   0.28671   0.41039   0.36284   0.49658   0.07640   0.09613   0.15546   0.48869   0.40416   0.03682   0.28690   0.34416   0.52874   0.61177   0.57325   0.56113   0.34446   0.25333   0.26579   0.12239   0.78932   0.25409   0.16088   0.16538   0.19758   0.03024   0.15037   0.20538   0.00000   0.64322   0.12220   0.78761   0.57758   1.96172   1.20691   0.36245   0.00105   1.38357  
  8 365.4941   7739.384090  x:  1.22731   0.04821   0.10231   0.32724   0.29048   0.42786   0.35067   0.50129   0.10846   0.11656   0.18161   0.50079   0.40841   0.03567   0.26082   0.33312   0.53836   0.61749   0.59833   0.60666   0.39609   0.28203   0.25972   0.13040   0.84163   0.26929   0.16728   0.17677   0.21248   0.04336   0.14818   0.21238   0.10269   0.70547   0.06431   0.84187   0.56628   1.95567   1.14943   0.42431   0.00103   1.37649  
  9 245.9632   7734.000186  x:  1.29982   0.07214   0.09410   0.22605   0.36671   0.44932   0.33530   0.48803   0.08835   0.10721   0.21157   0.50194   0.42257   0.04655   0.24564   0.31473   0.52691   0.58720   0.60827   0.63115   0.40785   0.33742   0.32921   0.15723   0.84041   0.29269   0.17242   0.17544   0.21758   0.03816   0.17788   0.17816   0.07877   0.75054   0.07428   0.87044   0.54793   1.95103   1.11278   0.46723   0.00102   1.36628  
 10 71.4862   7732.561601  x:  1.33505   0.07811   0.09597   0.20992   0.43019   0.45993   0.33792   0.48673   0.07877   0.10037   0.22516   0.49576   0.43230   0.04966   0.24992   0.31958   0.52506   0.56947   0.61152   0.63555   0.40608   0.32337   0.32051   0.16427   0.81776   0.29439   0.17904   0.17653   0.22019   0.04093   0.15612   0.21540   0.07894   0.77175   0.10233   0.87831   0.54052   1.94924   1.09549   0.49159   0.00102   1.35509  
 11 31.6571   7731.772555  x:  1.36149   0.06290   0.10390   0.22218   0.46737   0.46447   0.34866   0.49373   0.08622   0.10718   0.23588   0.48999   0.44337   0.05331   0.26399   0.33915   0.53312   0.56574   0.61313   0.63648   0.40738   0.30943   0.31186   0.16705   0.79064   0.29128   0.17869   0.18001   0.22272   0.03959   0.17552   0.19808   0.08329   0.78482   0.10403   0.87723   0.53254   1.94893   1.08635   0.51125   0.00102   1.33863  
 12 19.4048   7730.090903  x:  1.42196   0.06570   0.09609   0.24925   0.45582   0.45169   0.36896   0.51466   0.09346   0.10455   0.23213   0.48302   0.46697   0.03141   0.29430   0.39234   0.56372   0.58709   0.60895   0.63125   0.42035   0.33910   0.35898   0.17820   0.73811   0.29022   0.18138   0.18495   0.23003   0.04153   0.16895   0.21756   0.08480   0.80848   0.09618   0.87023   0.53420   1.95268   1.08150   0.55907   0.00101   1.27045  
 13 12.4148   7727.453487  x:  1.50282   0.11360   0.08773   0.29554   0.39886   0.43713   0.36980   0.52174   0.09150   0.11803   0.24555   0.50484   0.49227   0.06870   0.32759   0.41634   0.57739   0.60620   0.60557   0.65608   0.42459   0.33485   0.36474   0.21909   0.74151   0.32320   0.19442   0.19026   0.22444   0.04497   0.18724   0.21977   0.08032   0.83941   0.13906   0.88188   0.58442   1.96174   1.08068   0.64263   0.00100   1.13554  
 14 25.2250   7724.340381  x:  1.53210   0.09686   0.07752   0.39300   0.40731   0.47138   0.37526   0.51947   0.07976   0.11860   0.25799   0.54238   0.50696   0.07629   0.33176   0.38271   0.55315   0.61127   0.60482   0.68170   0.42740   0.35320   0.40020   0.24154   0.80784   0.32994   0.18866   0.19189   0.24548   0.04513   0.18163   0.22938   0.08420   0.85799   0.12649   0.89808   0.61949   1.97259   1.07393   0.72807   0.00099   1.00000  
 15 34.5858   7723.282069  x:  1.50250   0.11441   0.09487   0.40293   0.43524   0.50203   0.39411   0.53646   0.07540   0.13514   0.24408   0.53907   0.50397   0.07594   0.34380   0.37108   0.56554   0.64098   0.64151   0.69655   0.42243   0.36352   0.41731   0.23997   0.85417   0.30456   0.20189   0.19728   0.21528   0.05055   0.19056   0.23821   0.08851   0.87247   0.12145   0.92068   0.62318   1.97118   1.08395   0.75457   0.00098   1.00000  
 16 16.4402   7722.630227  x:  1.45717   0.12321   0.10065   0.40021   0.44628   0.50794   0.39103   0.54159   0.07334   0.15501   0.23452   0.53758   0.51276   0.07644   0.36080   0.37155   0.58567   0.66285   0.67589   0.70635   0.42220   0.36403   0.42658   0.24323   0.87631   0.28984   0.20243   0.19331   0.25604   0.04691   0.19103   0.23868   0.08787   0.89034   0.13235   0.94254   0.62412   1.96938   1.07542   0.78570   0.00098   1.00000  
 17 16.1452   7721.917927  x:  1.39825   0.11199   0.09223   0.40609   0.44898   0.49869   0.38323   0.54702   0.07072   0.16534   0.22964   0.54840   0.53566   0.06945   0.37455   0.37391   0.60460   0.67093   0.70029   0.71368   0.43029   0.36317   0.43617   0.25573   0.88509   0.30395   0.20521   0.19780   0.23916   0.04987   0.19426   0.24368   0.08702   0.91790   0.13980   0.96551   0.62575   1.96970   1.04260   0.84147   0.00098   1.00000  
 18 13.8873   7720.663399  x:  1.35386   0.11763   0.08431   0.39769   0.45921   0.49845   0.43268   0.60093   0.08219   0.13158   0.23274   0.57374   0.55042   0.06924   0.36210   0.37702   0.62146   0.65791   0.70057   0.73250   0.45870   0.36703   0.42428   0.25687   0.88418   0.35014   0.20372   0.19553   0.25126   0.05022   0.19524   0.24060   0.08485   0.96482   0.13302   1.00128   0.64369   1.96442   1.05611   0.87120   0.00097   1.00000  
 19  7.3768   7715.072271  x:  1.40244   0.18025   0.09362   0.42812   0.48318   0.50063   0.40911   0.60315   0.10047   0.06833   0.26869   0.59567   0.52639   0.08842   0.32418   0.42822   0.66348   0.65273   0.68034   0.79860   0.49004   0.39831   0.40450   0.13556   0.88127   0.31399   0.17940   0.19490   0.24448   0.05674   0.18979   0.21878   0.07187   1.06749   0.09690   1.09736   0.73009   1.96161   1.08841   1.01550   0.00097   1.00000  
 20 10.3462   7700.742070  x:  1.71049   0.10481   0.09974   0.43415   0.53295   0.55637   0.38689   0.58655   0.02448   0.05081   0.29987   0.55441   0.49034   0.00968   0.29137   0.56514   0.74257   0.73422   0.70187   0.83975   0.40765   0.39257   0.40094   0.16819   1.00473   0.40583   0.33140   0.08245   0.26242   0.06144   0.19286   0.18922   0.05933   1.15956   0.05524   1.25679   0.84982   1.98081   1.27484   1.30705   0.00093   1.00000  
 21 31.0734   7692.300027  x:  1.90654   0.04720   0.02582   0.39897   0.53154   0.59123   0.44790   0.63304   0.00000   0.11993   0.29041   0.56708   0.52566   0.04220   0.32566   0.58254   0.74226   0.75590   0.74247   0.83484   0.37716   0.37502   0.43671   0.15561   1.07405   0.40554   0.28273   0.08861   0.25646   0.06627   0.18090   0.19043   0.05747   1.14261   0.08880   1.31163   0.86203   1.99879   1.36238   1.45984   0.00092   1.00000  
 22 62.9452   7686.188665  x:  2.09578   0.05785   0.07293   0.38241   0.52634   0.61072   0.49376   0.67653   0.01969   0.09740   0.21312   0.59005   0.57558   0.00992   0.35715   0.55977   0.72435   0.77973   0.79193   0.79418   0.35289   0.33144   0.46959   0.18079   1.14570   0.41391   0.19436   0.11963   0.26104   0.07333   0.19057   0.17904   0.05841   1.09641   0.13361   1.34758   0.84365   2.01542   1.39881   1.61854   0.00091   1.00000  
 23 87.8857   7684.507347  x:  2.15880   0.09302   0.03686   0.39730   0.54185   0.60260   0.48831   0.69119   0.05188   0.07460   0.18738   0.61859   0.59370   0.02050   0.37928   0.52158   0.72985   0.80554   0.83170   0.77566   0.38308   0.32899   0.45345   0.18629   1.15992   0.41397   0.21922   0.10196   0.26381   0.07598   0.18750   0.16925   0.05482   1.06306   0.12216   1.34586   0.79184   2.02061   1.40237   1.66108   0.00091   1.00000  
 24 28.2247   7684.088949  x:  2.17898   0.09356   0.05427   0.40428   0.54324   0.58412   0.48455   0.70790   0.02752   0.07660   0.19565   0.64055   0.59981   0.02433   0.38072   0.48925   0.74436   0.82085   0.84700   0.77280   0.38666   0.34180   0.44441   0.17271   1.15124   0.42016   0.22611   0.09677   0.26524   0.07579   0.18597   0.16800   0.05504   1.05162   0.12322   1.34303   0.76965   2.01817   1.40225   1.66797   0.00091   1.00000  
 25 13.5685   7683.901440  x:  2.19090   0.08786   0.05016   0.40968   0.54978   0.57068   0.47690   0.71683   0.03900   0.08188   0.19895   0.64259   0.59255   0.01276   0.37005   0.46071   0.76093   0.83620   0.85278   0.77769   0.38097   0.34744   0.44406   0.16458   1.14442   0.42912   0.22264   0.09847   0.26478   0.07638   0.18780   0.16693   0.05651   1.05024   0.13914   1.34504   0.76517   2.01446   1.40276   1.66425   0.00091   1.00000  
 26  8.0541   7683.823064  x:  2.19593   0.08178   0.05026   0.41243   0.55070   0.56723   0.47400   0.71827   0.04100   0.07607   0.19364   0.63757   0.58635   0.02283   0.37083   0.44845   0.77131   0.84188   0.85639   0.78595   0.37612   0.34611   0.44842   0.16632   1.13996   0.43347   0.21916   0.09991   0.26477   0.07639   0.18752   0.16905   0.05713   1.05294   0.13840   1.34547   0.76370   2.01255   1.39976   1.66061   0.00091   1.00000  
 27  5.1600   7683.619532  x:  2.20916   0.09324   0.04580   0.41976   0.54599   0.57196   0.47876   0.71788   0.03293   0.08823   0.19239   0.62456   0.58337   0.01676   0.37511   0.42045   0.78795   0.84186   0.85854   0.79904   0.37860   0.32951   0.45371   0.17487   1.13187   0.43336   0.21359   0.10049   0.26538   0.07632   0.18655   0.17000   0.05439   1.06941   0.12201   1.34676   0.76692   2.00933   1.37974   1.64649   0.00091   1.00000  
 28  3.3472   7682.763744  x:  2.25819   0.07357   0.04888   0.41853   0.52187   0.60650   0.49756   0.70060   0.04017   0.07564   0.20182   0.62312   0.60262   0.00000   0.42931   0.36043   0.82835   0.82688   0.88356   0.81445   0.39594   0.33648   0.45329   0.18575   1.12859   0.38778   0.23170   0.08326   0.26043   0.07945   0.18612   0.16488   0.05521   1.12291   0.13616   1.36412   0.81189   2.00510   1.28020   1.55563   0.00090   1.00000  
 29  6.1784   7680.004369  x:  2.39324   0.09863   0.04296   0.42549   0.55420   0.65504   0.51051   0.69967   0.05839   0.11964   0.18774   0.69625   0.59525   0.00562   0.49746   0.39766   0.89343   0.84657   0.93111   0.83855   0.35152   0.40422   0.42288   0.18265   1.19412   0.40247   0.20790   0.07176   0.26229   0.08689   0.18941   0.18363   0.05808   1.20122   0.10775   1.44169   0.87153   2.02988   0.93579   1.29633   0.00089   1.00000  
 30 15.1373   7677.915132  x:  2.48963   0.09848   0.05632   0.44450   0.57180   0.65370   0.50615   0.74755   0.05115   0.12837   0.21581   0.69612   0.60152   0.03182   0.46307   0.46815   0.89003   0.90160   0.96586   0.88708   0.42668   0.35883   0.49078   0.15732   1.26556   0.39304   0.22443   0.04698   0.26033   0.09507   0.18735   0.18676   0.06666   1.21841   0.13735   1.51852   0.88412   2.03965   0.67655   1.10301   0.00088   1.00000  
 31 27.1153   7677.572136  x:  2.50403   0.10177   0.05056   0.45741   0.56690   0.64938   0.50800   0.76275   0.04524   0.11954   0.23649   0.65978   0.62815   0.03930   0.43788   0.47962   0.87110   0.92537   0.97775   0.90227   0.42654   0.38218   0.47114   0.18260   1.27341   0.37443   0.21261   0.05051   0.25896   0.09634   0.18678   0.18703   0.06636   1.22113   0.13998   1.54211   0.87512   2.03131   0.63588   1.07530   0.00087   1.00000  
 32  9.1736   7677.530398  x:  2.50738   0.10120   0.05181   0.46016   0.56371   0.64967   0.51101   0.76586   0.04668   0.12434   0.22664   0.65618   0.63258   0.04243   0.43206   0.47720   0.85938   0.92829   0.97631   0.90349   0.42136   0.38539   0.47013   0.18006   1.26734   0.37261   0.21980   0.04664   0.26000   0.09625   0.18769   0.18706   0.06605   1.22471   0.14087   1.55159   0.87415   2.03014   0.63066   1.07596   0.00088   1.00000  
 33  2.7113   7677.450038  x:  2.51345   0.09644   0.05142   0.46015   0.56036   0.65516   0.50408   0.75742   0.04413   0.12609   0.21913   0.66223   0.63391   0.04236   0.43174   0.47479   0.83647   0.94521   0.98224   0.89415   0.42445   0.38086   0.46864   0.18088   1.24906   0.37741   0.21475   0.04700   0.25777   0.09633   0.18726   0.18703   0.06544   1.23508   0.13764   1.58177   0.86723   2.02838   0.64224   1.06742   0.00088   1.00000  
 34  1.8836   7677.314896  x:  2.52353   0.09772   0.05180   0.45925   0.55268   0.65319   0.51470   0.76048   0.05015   0.12085   0.23973   0.66218   0.61466   0.04379   0.44024   0.46927   0.82850   0.95522   0.97772   0.87692   0.41091   0.37375   0.47427   0.18456   1.24255   0.37711   0.21725   0.04402   0.25827   0.09639   0.18884   0.19024   0.06485   1.23007   0.13312   1.61425   0.85649   2.03840   0.64798   1.08009   0.00088   1.00000  
 35  1.5725   7676.893139  x:  2.56069   0.09293   0.05515   0.45719   0.56061   0.64107   0.52456   0.75940   0.04095   0.12691   0.22442   0.63858   0.59422   0.04163   0.45197   0.46514   0.85098   0.95205   0.94080   0.86349   0.43491   0.38544   0.46206   0.19200   1.25440   0.39063   0.21108   0.03639   0.25519   0.09883   0.18845   0.18844   0.06759   1.19648   0.13917   1.65620   0.84184   2.05110   0.68584   1.11356   0.00089   1.00000  
 36  2.8347   7676.384404  x:  2.60405   0.09069   0.05535   0.43807   0.56841   0.62738   0.51811   0.76064   0.04812   0.12076   0.21976   0.64206   0.63545   0.03320   0.44159   0.46857   0.88054   0.94848   0.91972   0.87653   0.41272   0.36729   0.46332   0.18559   1.27072   0.40034   0.20971   0.02368   0.25022   0.10023   0.18872   0.19322   0.06938   1.16485   0.12259   1.66041   0.82912   2.04670   0.74576   1.14261   0.00089   1.00000  
 37  6.9120   7675.939435  x:  2.64291   0.08852   0.05446   0.42977   0.56387   0.64009   0.51724   0.78248   0.04857   0.12095   0.21610   0.65414   0.60552   0.02497   0.40993   0.48405   0.86516   0.95283   0.97535   0.88819   0.41134   0.36584   0.45725   0.19401   1.26359   0.41231   0.20572   0.01453   0.24865   0.10177   0.18910   0.19423   0.06931   1.16816   0.12318   1.58093   0.84481   2.03118   0.77855   1.18590   0.00090   1.00000  
 38  4.6997   7675.888149  x:  2.64664   0.08901   0.05545   0.42738   0.56715   0.64034   0.51950   0.78103   0.04916   0.12017   0.21748   0.64488   0.61313   0.03199   0.40169   0.48016   0.86523   0.96363   0.97957   0.87090   0.41366   0.36569   0.45688   0.18721   1.26644   0.42012   0.20465   0.01460   0.24921   0.10170   0.18991   0.19518   0.06935   1.17680   0.12081   1.56549   0.85482   2.04669   0.78053   1.18953   0.00091   1.00000  
 39  1.8829   7675.768983  x:  2.65044   0.08664   0.05508   0.41977   0.57494   0.62589   0.52790   0.77879   0.04750   0.12101   0.21255   0.66014   0.60983   0.03874   0.39092   0.47904   0.86354   0.98676   0.95367   0.85871   0.41551   0.36183   0.45696   0.20284   1.27089   0.40495   0.20300   0.01754   0.24813   0.10164   0.19166   0.19608   0.06889   1.19327   0.12185   1.54184   0.85564   2.03541   0.77843   1.18985   0.00091   1.00000  
 40  0.6731   7675.270853  x:  2.66874   0.08509   0.06068   0.41129   0.57029   0.61512   0.52135   0.79370   0.05428   0.11598   0.22065   0.63760   0.60808   0.02202   0.42509   0.48482   0.82367   0.99283   0.93039   0.87963   0.41341   0.36433   0.45587   0.17989   1.27744   0.43997   0.19507   0.02772   0.24557   0.10104   0.19668   0.20344   0.07151   1.19758   0.12292   1.48787   0.83173   1.99666   0.77135   1.17691   0.00093   1.00000  
 41  1.4191   7674.860560  x:  2.68667   0.08043   0.06512   0.41056   0.55856   0.62594   0.51167   0.80549   0.05628   0.11878   0.21234   0.65024   0.60708   0.01200   0.38545   0.49734   0.83509   0.95481   0.95342   0.90595   0.41290   0.36453   0.45583   0.19898   1.24528   0.43569   0.18985   0.03779   0.24133   0.10099   0.20138   0.20879   0.07621   1.16471   0.12215   1.48114   0.82191   2.04711   0.76733   1.15636   0.00095   1.00000  
 42  3.3525   7674.776510  x:  2.69421   0.08006   0.06560   0.41514   0.55595   0.62333   0.51622   0.79831   0.05834   0.12158   0.21177   0.64824   0.60754   0.01835   0.36621   0.50081   0.84771   0.93427   0.97123   0.88516   0.41310   0.36404   0.45947   0.19930   1.24197   0.43848   0.18988   0.03947   0.24097   0.10112   0.20263   0.21087   0.07745   1.15323   0.11744   1.49027   0.82767   2.02236   0.76234   1.15038   0.00095   1.00000  
 43  2.3562   7674.464727  x:  2.72899   0.07503   0.06666   0.42294   0.55630   0.56237   0.53582   0.77413   0.05891   0.12186   0.20834   0.64325   0.60096   0.01092   0.36928   0.50695   0.83525   0.90175   0.98991   0.88532   0.41277   0.36570   0.46052   0.19615   1.25877   0.42923   0.19011   0.03753   0.24008   0.10096   0.20475   0.21035   0.07818   1.18603   0.11492   1.49494   0.80781   2.03682   0.72463   1.07899   0.00097   1.00000  
 44  0.4908   7671.515447  x:  2.98965   0.05966   0.08415   0.42176   0.50185   0.64151   0.54423   0.71418   0.07249   0.11485   0.25079   0.63977   0.60941   0.01482   0.38496   0.52650   0.84753   0.90222   0.86020   0.85943   0.45465   0.39524   0.44855   0.17820   1.22219   0.42530   0.21004   0.02458   0.25243   0.10286   0.23300   0.21952   0.09844   1.22520   0.13735   1.50066   0.72041   2.03667   0.21249   0.50466   0.00114   1.00000  
 45  4.9725   7670.730239  x:  3.05731   0.05417   0.08562   0.39637   0.53303   0.60569   0.51444   0.74906   0.07450   0.11761   0.25882   0.63600   0.61411   0.00987   0.42749   0.51314   0.81306   0.91147   0.83653   0.85428   0.47264   0.39996   0.44818   0.19755   1.19032   0.40790   0.21725   0.02246   0.25627   0.10382   0.24055   0.22340   0.10759   1.17945   0.09842   1.51609   0.80688   2.03472   0.08762   0.36472   0.00119   1.00000  
 46 11.7148   7670.492113  x:  3.07522   0.05660   0.08704   0.38947   0.54087   0.59971   0.55666   0.70310   0.07545   0.11543   0.26532   0.64030   0.61762   0.00529   0.42685   0.51318   0.80717   0.93642   0.84522   0.88264   0.47983   0.40329   0.44727   0.19164   1.17546   0.41722   0.21774   0.02247   0.25822   0.10465   0.24143   0.22334   0.11077   1.14917   0.09599   1.51517   0.82519   2.03440   0.10384   0.39634   0.00121   1.00000  
 47  1.2446   7661.945565  x:  3.97832   0.04266   0.08489   0.37774   0.55753   0.69042   0.47340   0.75192   0.07607   0.09584   0.30795   0.63460   0.61243   0.00528   0.39838   0.57012   0.83986   0.90758   0.96728   0.90681   0.50882   0.42808   0.44641   0.15942   1.18751   0.33699   0.19877   0.01624   0.27243   0.12590   0.27078   0.20100   0.14430   1.22436   0.10818   1.50761   0.88878   2.04431   1.68699   2.04399   0.00181   1.00000  
 48  3.0025   7658.347602  x:  4.25823   0.03319   0.08205   0.39096   0.56764   0.70174   0.47080   0.75730   0.07101   0.09570   0.30972   0.64043   0.61900   0.00000   0.39357   0.58292   0.85481   0.91104   0.99580   0.92506   0.50981   0.43157   0.45370   0.15929   1.20510   0.35083   0.19459   0.01622   0.27525   0.13234   0.27581   0.19976   0.15813   1.24347   0.11013   1.52840   0.89656   2.04362   1.61130   1.97600   0.00199   1.25158  
 49  1.3043   7658.347602  x:  4.25823   0.03319   0.08205   0.39096   0.56764   0.70174   0.47080   0.75730   0.07101   0.09570   0.30972   0.64043   0.61900   0.00000   0.39357   0.58292   0.85481   0.91104   0.99580   0.92506   0.50981   0.43157   0.45370   0.15929   1.20510   0.35083   0.19459   0.01622   0.27525   0.13234   0.27581   0.19976   0.15813   1.24347   0.11013   1.52840   0.89656   2.04362   1.61130   1.97600   0.00199   1.25158  
 50  5.0317   7508.895831  x:  4.25823   0.03319   0.08204   0.39097   0.56765   0.70174   0.47083   0.75732   0.07098   0.09570   0.30969   0.64044   0.61901   0.00001   0.39357   0.58291   0.85482   0.91105   0.99580   0.92506   0.50978   0.43155   0.45370   0.15933   1.20512   0.35090   0.19465   0.01632   0.27523   0.13227   0.27571   0.19975   0.15812   1.24347   0.11014   1.52841   0.89656   2.04362   1.61132   1.97597   0.06423   1.25158  
 51 18016.1346   7472.502972  x:  4.25886   0.14350   0.13116   0.45350   0.62727   0.74483   0.55043   0.82190   0.10766   0.16193   0.33551   0.70134   0.67296   0.08775   0.44500   0.62598   0.90513   0.96259   1.03718   0.97275   0.53224   0.46144   0.51008   0.26186   1.26433   0.46721   0.30258   0.25881   0.31010   0.12783   0.23745   0.24695   0.20553   1.27882   0.16280   1.57272   0.94064   1.99958   1.87812   1.70910   0.06874   1.24918  
 52 172.1670   7449.405125  x:  4.26491   0.16881   0.08658   0.49517   0.67235   0.79681   0.62730   0.88944   0.05918   0.13285   0.32361   0.75818   0.71530   0.08110   0.47686   0.67177   0.96427   1.02962   1.08754   1.01252   0.53306   0.47177   0.55123   0.28599   1.33382   0.51760   0.19194   0.11969   0.27682   0.04356   0.19742   0.23162   0.18681   1.31554   0.21344   1.63370   0.97578   1.93916   2.11098   1.47284   0.07077   1.24896  
 53 121.0330   7446.099152  x:  4.26779   0.16847   0.06610   0.50057   0.67949   0.80973   0.64184   0.90380   0.04018   0.11513   0.31268   0.76920   0.72142   0.06820   0.48058   0.68426   0.97967   1.04820   1.10174   1.02161   0.52697   0.46452   0.55423   0.28454   1.35429   0.52394   0.17777   0.08806   0.28050   0.11369   0.20061   0.22926   0.17547   1.32497   0.21999   1.65383   0.98146   1.92293   2.16264   1.41993   0.07123   1.24898  
 54 108.7855   7444.377025  x:  4.27558   0.15877   0.03947   0.49153   0.67479   0.82288   0.64132   0.91037   0.03555   0.07921   0.28031   0.77063   0.71428   0.02879   0.47163   0.70129   0.99740   1.07332   1.12244   1.03115   0.50359   0.42772   0.53467   0.26886   1.38716   0.51729   0.22520   0.09771   0.27185   0.10844   0.19922   0.20735   0.14925   1.33740   0.20671   1.69213   0.97737   1.90235   2.18477   1.39504   0.07127   1.24910  
 55 30.5395   7443.532523  x:  4.28628   0.15772   0.07423   0.47924   0.66652   0.83381   0.63040   0.91028   0.07325   0.08625   0.25810   0.76899   0.70449   0.00000   0.45941   0.72026   1.01424   1.09744   1.14571   1.04427   0.48241   0.39279   0.51460   0.25711   1.42445   0.50923   0.23515   0.08841   0.26640   0.10919   0.20700   0.21499   0.12914   1.35241   0.18466   1.73877   0.96713   1.88352   2.19688   1.37925   0.07139   1.24906  
 56 29.3954   7442.070506  x:  4.31238   0.16427   0.06217   0.44532   0.64331   0.85076   0.59482   0.90028   0.04793   0.14699   0.23637   0.76606   0.67967   0.00000   0.43013   0.75616   1.04213   1.13477   1.19681   1.07178   0.45080   0.36352   0.50052   0.22649   1.49610   0.48798   0.22348   0.09146   0.27333   0.10830   0.18925   0.21970   0.11689   1.38250   0.14530   1.84328   0.93853   1.86220   2.18967   1.37723   0.07145   1.24846  
 57 18.9936   7440.910436  x:  4.34120   0.15778   0.04664   0.43567   0.63478   0.86756   0.56527   0.89190   0.05328   0.13085   0.22072   0.76125   0.66102   0.00000   0.39085   0.78150   1.05741   1.15548   1.24265   1.08316   0.44436   0.38950   0.51868   0.21891   1.55544   0.47766   0.22087   0.08741   0.26553   0.10647   0.23721   0.19784   0.12122   1.41091   0.13943   1.94273   0.90986   1.86156   2.17132   1.38503   0.07158   1.24774  
 58 20.7172   7439.910888  x:  4.37046   0.13962   0.05442   0.44150   0.63659   0.88337   0.54868   0.88967   0.05733   0.08675   0.22056   0.75738   0.65677   0.00000   0.35127   0.79959   1.06532   1.16569   1.28256   1.08417   0.44892   0.40890   0.52808   0.21949   1.60068   0.47106   0.23741   0.06790   0.26293   0.11352   0.20427   0.19453   0.12432   1.43504   0.15337   2.03064   0.88619   1.86991   2.14557   1.39986   0.07158   1.24720  
 59 29.5710   7439.541098  x:  4.38861   0.11950   0.04779   0.45236   0.64334   0.89082   0.55395   0.89628   0.05243   0.08145   0.24149   0.75754   0.67088   0.00000   0.33176   0.80628   1.06607   1.16489   1.30072   1.07895   0.45746   0.39820   0.51528   0.21725   1.61378   0.46575   0.25285   0.05565   0.26572   0.11062   0.21372   0.21276   0.12046   1.44430   0.17017   2.07161   0.87890   1.87836   2.13313   1.40530   0.07161   1.24721  
 60 16.3902   7439.381021  x:  4.40148   0.11085   0.05241   0.45914   0.64785   0.89438   0.56238   0.90322   0.05045   0.08610   0.25232   0.75692   0.68246   0.00000   0.32239   0.81054   1.06618   1.16285   1.31048   1.07464   0.46372   0.38944   0.50578   0.21555   1.61664   0.46331   0.25408   0.05426   0.26634   0.11219   0.21603   0.19522   0.11991   1.44886   0.17973   2.09402   0.87736   1.88263   2.12515   1.40810   0.07162   1.24751  
 61 13.9430   7439.237066  x:  4.43147   0.11490   0.05389   0.46262   0.64995   0.89680   0.58254   0.91779   0.04997   0.08249   0.24141   0.75042   0.69674   0.00000   0.31196   0.82093   1.06730   1.15711   1.32572   1.06598   0.47129   0.38650   0.50089   0.20914   1.61038   0.45957   0.23901   0.06577   0.26204   0.11283   0.21655   0.20009   0.12650   1.45537   0.18425   2.13096   0.87896   1.88634   2.11004   1.41048   0.07163   1.24908  
 62  5.8852   7439.041445  x:  4.48912   0.12038   0.04854   0.46352   0.64983   0.89615   0.60385   0.93291   0.05992   0.09709   0.22953   0.74347   0.71257   0.00000   0.30043   0.84087   1.07034   1.14614   1.35120   1.05739   0.48143   0.40111   0.50863   0.21151   1.59584   0.46228   0.24517   0.05753   0.27515   0.11225   0.21488   0.20179   0.12905   1.46488   0.18021   2.19260   0.88051   1.89257   2.08760   1.40803   0.07168   1.25236  
 63  9.8391   7438.885373  x:  4.54409   0.12239   0.06243   0.46303   0.64982   0.89313   0.60899   0.93632   0.04586   0.10152   0.23269   0.74522   0.71917   0.00000   0.29571   0.85856   1.07431   1.13689   1.37321   1.05725   0.48167   0.41122   0.51744   0.22041   1.58242   0.47022   0.24973   0.05457   0.27012   0.11203   0.21928   0.20559   0.12658   1.47191   0.17586   2.24346   0.88249   1.89716   2.06853   1.40293   0.07171   1.25560  
 64 13.4828   7438.656005  x:  4.63872   0.12016   0.05645   0.46568   0.65400   0.88669   0.59957   0.92859   0.05641   0.10048   0.25966   0.75941   0.71890   0.00000   0.29339   0.88509   1.08176   1.12346   1.40376   1.06900   0.47725   0.41394   0.52687   0.23299   1.56146   0.48093   0.23546   0.06260   0.26318   0.11403   0.21553   0.20905   0.12492   1.48091   0.17632   2.31653   0.88764   1.90490   2.03927   1.38990   0.07178   1.26113  
 65 14.6039   7438.554935  x:  4.68752   0.12469   0.06059   0.46903   0.65824   0.88490   0.59222   0.92219   0.05437   0.09417   0.26524   0.76482   0.71174   0.00000   0.29285   0.89368   1.08472   1.11810   1.41107   1.07889   0.47715   0.41024   0.52600   0.23236   1.55223   0.48104   0.22979   0.06275   0.28061   0.11092   0.21792   0.20932   0.13398   1.48357   0.18293   2.34146   0.89121   1.90799   2.02704   1.37987   0.07183   1.26382  
 66 11.0270   7438.399004  x:  4.77901   0.12571   0.06221   0.47777   0.66815   0.88699   0.58533   0.91320   0.05417   0.10230   0.25977   0.76710   0.69336   0.00000   0.29171   0.89603   1.08733   1.11177   1.40256   1.10061   0.49176   0.41145   0.52175   0.21903   1.54112   0.47211   0.23433   0.05756   0.26882   0.11234   0.21704   0.21024   0.14737   1.48168   0.19744   2.35549   0.89373   1.91242   2.00931   1.35471   0.07191   1.26823  
 67  6.9221   7438.118443  x:  4.95744   0.10111   0.06626   0.47498   0.66924   0.89420   0.59077   0.90931   0.05068   0.10337   0.25038   0.76487   0.68344   0.00000   0.28873   0.88304   1.08790   1.10440   1.36771   1.12621   0.50600   0.41844   0.51956   0.21688   1.53191   0.46952   0.21998   0.06361   0.27602   0.10988   0.21502   0.21113   0.12612   1.46826   0.19608   2.34685   0.88344   1.91650   1.97530   1.30310   0.07200   1.27565  
 68 10.0073   7437.607078  x:  5.29411   0.11901   0.05825   0.45106   0.65425   0.90348   0.60411   0.90898   0.04965   0.09451   0.25608   0.75506   0.69852   0.00000   0.28983   0.84799   1.08363   1.09731   1.30081   1.14535   0.49114   0.40802   0.50903   0.23239   1.52623   0.47810   0.20928   0.04682   0.26815   0.10985   0.21340   0.20742   0.13056   1.44446   0.18590   2.30710   0.86423   1.91516   1.90230   1.21190   0.07216   1.28828  
 69 24.3579   7437.383044  x:  5.44714   0.11568   0.06315   0.44290   0.64752   0.90334   0.59675   0.90899   0.05127   0.09354   0.27056   0.74767   0.71448   0.00000   0.30717   0.83385   1.08117   1.10877   1.28975   1.11695   0.47243   0.41856   0.52241   0.20559   1.53482   0.45831   0.20733   0.04660   0.26862   0.10889   0.21169   0.20714   0.13145   1.43972   0.19203   2.27902   0.86298   1.90510   1.87058   1.16492   0.07228   1.29236  
 70 13.2224   7437.237177  x:  5.54800   0.10602   0.06065   0.45189   0.65428   0.89698   0.57934   0.90807   0.04910   0.10023   0.26054   0.73821   0.70755   0.00000   0.32945   0.82711   1.07648   1.12776   1.30059   1.07141   0.47380   0.41522   0.51830   0.21407   1.55077   0.46645   0.20049   0.04522   0.26830   0.10830   0.21104   0.20796   0.13385   1.44511   0.19676   2.24919   0.86677   1.90002   1.84148   1.13583   0.07232   1.29267  
 71  7.9552   7437.202319  x:  5.57139   0.11200   0.06088   0.45642   0.65650   0.89208   0.58110   0.91436   0.04840   0.09873   0.26401   0.74849   0.70122   0.00000   0.32884   0.82337   1.06936   1.13504   1.31490   1.06665   0.48303   0.41402   0.51919   0.21244   1.55827   0.46217   0.19990   0.04470   0.26863   0.10820   0.21127   0.20782   0.13126   1.45456   0.18568   2.23278   0.86592   1.90631   1.82959   1.12667   0.07235   1.28944  
 72  2.4915   7437.171412  x:  5.59045   0.10829   0.06150   0.45411   0.65240   0.88610   0.58623   0.92092   0.04879   0.10212   0.26123   0.75438   0.69926   0.00000   0.31886   0.82137   1.06032   1.14257   1.33592   1.07741   0.47929   0.41435   0.52330   0.21595   1.56675   0.46152   0.19968   0.04498   0.26918   0.10829   0.21165   0.20887   0.13194   1.46935   0.19359   2.20958   0.87438   1.90890   1.81067   1.11761   0.07238   1.28162  
 73  2.0323   7437.149557  x:  5.60135   0.10752   0.06115   0.46109   0.65732   0.88860   0.58468   0.91703   0.04816   0.10193   0.26281   0.74620   0.70922   0.00000   0.30966   0.82949   1.06179   1.14589   1.35052   1.08943   0.48090   0.41901   0.52132   0.21436   1.56908   0.46475   0.19925   0.04542   0.27008   0.10820   0.21203   0.20955   0.13338   1.47711   0.18846   2.18854   0.87750   1.90217   1.79120   1.10720   0.07241   1.26945  
 74  1.4446   7437.117706  x:  5.61169   0.11135   0.06147   0.45406   0.65401   0.89875   0.58659   0.91452   0.04837   0.10121   0.26643   0.74205   0.70806   0.00000   0.30363   0.85774   1.07905   1.14148   1.35928   1.08885   0.48752   0.41765   0.52314   0.21512   1.56510   0.46377   0.20041   0.04520   0.27039   0.10798   0.21283   0.20961   0.12926   1.47251   0.19226   2.15973   0.88238   1.91016   1.75440   1.07963   0.07249   1.23883  
 75  1.1830   7437.082930  x:  5.61959   0.10322   0.06220   0.45447   0.65988   0.90239   0.58723   0.91631   0.04820   0.10405   0.26541   0.75209   0.70267   0.00000   0.28728   0.87283   1.08560   1.12719   1.35837   1.07929   0.47944   0.41717   0.52503   0.21589   1.55902   0.46257   0.20150   0.04553   0.27034   0.10734   0.21280   0.20989   0.13883   1.46269   0.18593   2.14014   0.88171   1.90866   1.71294   1.03969   0.07258   1.19784  
 76  2.1793   7437.014090  x:  5.62919   0.11182   0.06161   0.44965   0.65586   0.88566   0.57261   0.91377   0.04768   0.10581   0.26457   0.75071   0.69876   0.00000   0.27089   0.86857   1.07081   1.09260   1.35632   1.06590   0.48419   0.41931   0.51633   0.21527   1.54687   0.46027   0.20222   0.04687   0.26934   0.10600   0.21240   0.20900   0.12815   1.44594   0.19129   2.12378   0.88107   1.89456   1.63169   0.94789   0.07278   1.10461  
 77  2.9831   7436.936948  x:  5.63367   0.10253   0.06194   0.44794   0.64729   0.86567   0.57042   0.90966   0.04759   0.10475   0.26642   0.72843   0.69522   0.00000   0.28602   0.85352   1.05294   1.07497   1.35393   1.06654   0.48404   0.41348   0.51553   0.21241   1.53020   0.45913   0.20406   0.04686   0.26769   0.10443   0.21200   0.20761   0.13625   1.43258   0.18347   2.11607   0.87378   1.90762   1.54603   0.84801   0.07298   1.00000  
 78  5.5577   7436.883869  x:  5.62974   0.10714   0.06186   0.46009   0.64849   0.86221   0.57957   0.89742   0.04742   0.10787   0.26460   0.72850   0.69560   0.00000   0.30839   0.83089   1.04536   1.09172   1.33275   1.06889   0.47702   0.41579   0.51554   0.21569   1.51520   0.45479   0.20550   0.04763   0.26851   0.10357   0.21307   0.20806   0.13013   1.42886   0.18728   2.11921   0.86616   1.91248   1.45010   0.76835   0.07317   1.00000  
 79  3.3599   7436.865551  x:  5.62483   0.10311   0.06292   0.45496   0.64325   0.86528   0.57928   0.89613   0.04726   0.10764   0.26805   0.73119   0.69729   0.00000   0.31385   0.82110   1.04558   1.10126   1.31981   1.06887   0.48702   0.41654   0.51580   0.21587   1.51612   0.45753   0.20604   0.04840   0.26900   0.10331   0.21344   0.20882   0.13631   1.43353   0.18654   2.12374   0.86717   1.90811   1.41723   0.74222   0.07325   1.00000  
 80  2.5556   7436.856596  x:  5.61656   0.10438   0.06326   0.45324   0.64914   0.86994   0.57553   0.90329   0.04717   0.10808   0.27123   0.72672   0.69546   0.00000   0.31518   0.81610   1.04582   1.10135   1.30966   1.06973   0.48650   0.41696   0.51804   0.21352   1.52226   0.46141   0.20568   0.04865   0.26946   0.10322   0.21356   0.20925   0.13485   1.43940   0.18529   2.12713   0.87432   1.91197   1.40424   0.73353   0.07329   1.00000  
 81  0.8624   7436.848444  x:  5.60148   0.10346   0.06330   0.45110   0.65320   0.87226   0.57158   0.90935   0.04734   0.10766   0.26924   0.73016   0.70003   0.00000   0.32524   0.81578   1.04642   1.09614   1.30517   1.07365   0.48623   0.42019   0.51449   0.21642   1.52763   0.45695   0.20555   0.04839   0.26963   0.10325   0.21376   0.20943   0.13527   1.44285   0.18409   2.12870   0.87837   1.91317   1.39767   0.73062   0.07335   1.00000  
 82  0.5968   7436.826329  x:  5.54710   0.10390   0.06341   0.45663   0.65376   0.87410   0.57536   0.91223   0.04764   0.10749   0.26834   0.73161   0.70008   0.00000   0.33591   0.81383   1.04942   1.08846   1.30205   1.07839   0.48861   0.41234   0.52696   0.21684   1.53402   0.45676   0.20476   0.04714   0.26994   0.10332   0.21412   0.20968   0.13429   1.44524   0.18681   2.13162   0.87331   1.90384   1.39312   0.73176   0.07351   1.00000  
 83  0.6839   7436.759762  x:  5.37787   0.10538   0.06478   0.46498   0.64314   0.87476   0.58807   0.90374   0.04899   0.10685   0.27126   0.73472   0.69621   0.00000   0.33744   0.80456   1.06270   1.09167   1.29770   1.07880   0.48259   0.42363   0.51616   0.20990   1.54214   0.46602   0.19919   0.04562   0.26977   0.10305   0.21294   0.21004   0.13472   1.45177   0.19431   2.14217   0.85962   1.90858   1.40087   0.72825   0.07401   1.00000  
 84  2.7868   7436.732030  x:  5.30722   0.10571   0.06487   0.46245   0.64681   0.87432   0.58356   0.89691   0.04862   0.10665   0.26815   0.73400   0.70375   0.00000   0.32780   0.80033   1.06236   1.10529   1.29490   1.07706   0.48450   0.41963   0.52119   0.21702   1.53299   0.45650   0.19698   0.04494   0.26887   0.10285   0.21209   0.20969   0.13422   1.45085   0.19286   2.14674   0.86524   1.91489   1.40876   0.72493   0.07424   1.00000  
 85  2.8349   7436.719350  x:  5.27631   0.10509   0.06461   0.45572   0.65238   0.87621   0.58504   0.90193   0.04920   0.10465   0.27087   0.73311   0.69918   0.00000   0.32918   0.80224   1.05462   1.11627   1.29634   1.07770   0.48438   0.42101   0.51917   0.21683   1.51889   0.45692   0.19714   0.04373   0.26862   0.10295   0.21208   0.20933   0.13346   1.44573   0.19069   2.14701   0.87249   1.90827   1.41082   0.72582   0.07436   1.00000  
 86  1.3130   7436.713856  x:  5.26679   0.10544   0.06466   0.45473   0.65267   0.87851   0.58122   0.90376   0.04947   0.10469   0.26835   0.73694   0.70284   0.00000   0.32991   0.80596   1.04730   1.12017   1.29615   1.07839   0.48466   0.41987   0.52014   0.21237   1.51727   0.46298   0.19736   0.04345   0.26860   0.10300   0.21214   0.20929   0.13291   1.44210   0.19163   2.14589   0.87087   1.91052   1.41148   0.72651   0.07443   1.00000  
 87  0.3792   7436.693434  x:  5.23979   0.10716   0.06460   0.45732   0.64968   0.88690   0.57754   0.90978   0.04870   0.10519   0.27135   0.73305   0.70117   0.00000   0.32757   0.81875   1.02773   1.12981   1.29340   1.07857   0.48375   0.42145   0.51936   0.21804   1.52688   0.45853   0.19730   0.04523   0.26880   0.10309   0.21176   0.20967   0.13460   1.43464   0.19427   2.14241   0.86139   1.91009   1.41585   0.72762   0.07476   1.00000  
 88  0.4795   7436.599085  x:  5.12848   0.10831   0.06179   0.45913   0.64985   0.86255   0.59140   0.89447   0.04822   0.10156   0.26933   0.73819   0.70114   0.00000   0.33181   0.82576   1.02831   1.13052   1.28483   1.06801   0.48040   0.41735   0.51973   0.21552   1.53949   0.46277   0.20398   0.04678   0.26843   0.10412   0.21164   0.20835   0.13064   1.44595   0.18335   2.11050   0.88712   1.90369   1.42958   0.73617   0.07635   1.00000  
 89  0.6674   7436.569789  x:  5.09653   0.10965   0.06132   0.45488   0.65291   0.87305   0.58103   0.90650   0.04879   0.10249   0.26731   0.73865   0.70078   0.00000   0.33155   0.80224   1.04874   1.12907   1.30055   1.06709   0.47851   0.41613   0.51958   0.21731   1.53035   0.46312   0.20576   0.04800   0.26838   0.10448   0.21164   0.20833   0.13046   1.44493   0.18549   2.09927   0.87750   1.90278   1.43401   0.73900   0.07687   1.00000  
 90  1.0748   7436.562029  x:  5.09306   0.10936   0.06145   0.45932   0.64655   0.88094   0.58120   0.90320   0.04882   0.10305   0.26682   0.73950   0.69956   0.00000   0.33071   0.79663   1.04742   1.12430   1.30546   1.06724   0.47882   0.41628   0.51932   0.21709   1.53235   0.46277   0.20537   0.04766   0.26846   0.10449   0.21168   0.20847   0.13084   1.43370   0.18239   2.09973   0.88694   1.90353   1.43582   0.74190   0.07704   1.00000  
 91  0.1437   7436.523762  x:  5.08223   0.10706   0.06270   0.45074   0.65381   0.86119   0.57828   0.90278   0.04847   0.10487   0.26736   0.73591   0.69689   0.00000   0.32178   0.80136   1.04810   1.11276   1.30253   1.06986   0.48193   0.41718   0.51735   0.21476   1.52983   0.46056   0.20259   0.04638   0.26891   0.10438   0.21179   0.20913   0.13253   1.41609   0.18480   2.09905   0.87719   1.90450   1.45066   0.75850   0.07793   1.00000  
 92  0.2081   7436.514999  x:  5.07993   0.10586   0.06253   0.45226   0.64827   0.86683   0.57551   0.90069   0.04828   0.10551   0.26657   0.73511   0.69487   0.00000   0.32132   0.80458   1.04215   1.10501   1.29844   1.06705   0.48023   0.41592   0.51651   0.21464   1.51854   0.45879   0.20194   0.04597   0.26860   0.10430   0.21162   0.20885   0.13158   1.42975   0.18438   2.09729   0.87356   1.90455   1.45888   0.76287   0.07814   1.00000  
 93  0.5937   7436.511612  x:  5.07639   0.10634   0.06278   0.45326   0.64892   0.86790   0.57759   0.90030   0.04857   0.10558   0.26665   0.73675   0.69610   0.00000   0.32693   0.79981   1.04202   1.10877   1.29332   1.06844   0.48114   0.41669   0.51710   0.21490   1.51868   0.45930   0.20227   0.04610   0.26887   0.10447   0.21209   0.20904   0.13135   1.43135   0.18474   2.10056   0.87413   1.90464   1.50147   0.81029   0.07822   1.00000  
 94  0.1032   7436.511564  x:  5.07503   0.10632   0.06279   0.45400   0.64821   0.86728   0.57724   0.90103   0.04857   0.10552   0.26669   0.73669   0.69614   0.00000   0.32692   0.79998   1.04229   1.10886   1.29304   1.06855   0.48113   0.41672   0.51711   0.21493   1.51825   0.45928   0.20228   0.04609   0.26885   0.10446   0.21210   0.20902   0.13136   1.43117   0.18465   2.10017   0.87437   1.90464   1.50165   0.81046   0.07823   1.00000  
 95  0.0206   7436.511276  x:  5.06406   0.10626   0.06301   0.45358   0.64850   0.86662   0.57787   0.90042   0.04878   0.10532   0.26693   0.73611   0.69625   0.00000   0.32736   0.79988   1.04133   1.10720   1.29340   1.06828   0.48134   0.41678   0.51731   0.21501   1.51695   0.45938   0.20223   0.04609   0.26867   0.10435   0.21209   0.20891   0.13162   1.43053   0.18452   2.09716   0.87441   1.90510   1.50216   0.80998   0.07827   1.00000  
 96  0.0466   7436.511269  x:  5.06401   0.10625   0.06301   0.45352   0.64846   0.86651   0.57775   0.90033   0.04870   0.10533   0.26700   0.73610   0.69618   0.00000   0.32739   0.79978   1.04125   1.10708   1.29331   1.06813   0.48128   0.41673   0.51728   0.21502   1.51681   0.45936   0.20227   0.04609   0.26867   0.10431   0.21203   0.20890   0.13163   1.43034   0.18452   2.09676   0.87440   1.90509   1.50288   0.81058   0.07826   1.00000  
 97  0.0011   7436.511269  x:  5.06399   0.10625   0.06302   0.45352   0.64846   0.86651   0.57774   0.90033   0.04871   0.10533   0.26700   0.73610   0.69617   0.00000   0.32737   0.79980   1.04126   1.10707   1.29331   1.06812   0.48127   0.41673   0.51728   0.21502   1.51681   0.45935   0.20227   0.04609   0.26866   0.10430   0.21204   0.20890   0.13163   1.43033   0.18452   2.09678   0.87439   1.90509   1.50294   0.81064   0.07826   1.00000  
 98  0.0001   7436.511269  x:  5.06398   0.10625   0.06302   0.45352   0.64846   0.86651   0.57774   0.90033   0.04871   0.10533   0.26700   0.73610   0.69617   0.00000   0.32737   0.79980   1.04126   1.10707   1.29331   1.06812   0.48128   0.41673   0.51727   0.21502   1.51681   0.45935   0.20227   0.04609   0.26866   0.10430   0.21204   0.20890   0.13163   1.43033   0.18452   2.09678   0.87439   1.90509   1.50294   0.81064   0.07826   1.00000  