

TREE # 1

  0  0.0000   9221.411185  x:  0.17444   0.02804   0.07307   0.00000   0.21220   0.15259   0.14764   0.15672   0.09176   0.01488   0.10164   0.09888   0.08304   0.02822   0.03654   0.11840   0.16638   0.13073   0.17006   0.12456   0.13600   0.08105   0.05011   0.02312   0.14692   0.15208   0.08109   0.04353   0.13235   0.02986   0.05286   0.04009   0.10565   0.11049   0.05181   0.16210   0.10351   2.00000   1.39835   0.16116   0.29812   1.40136  
  1 99.0000   8114.875302  x:  0.33897   0.14876   0.13430   0.33081   0.26371   0.21905   0.20693   0.22903   0.13456   0.10765   0.15866   0.22772   0.21393   0.09847   0.16791   0.18486   0.24386   0.24335   0.25668   0.23610   0.18611   0.18022   0.21876   0.13312   0.27013   0.19693   0.10904   0.05596   0.15039   0.08399   0.12686   0.14524   0.14721   0.24516   0.15092   0.28403   0.25682   1.99209   1.43209   0.12836   0.00000   1.40048  
  2 3561.5145   7960.289776  x:  0.53891   0.29544   0.20868   0.73270   0.32630   0.29980   0.27897   0.31690   0.18656   0.22035   0.22793   0.38426   0.37297   0.18381   0.32751   0.26561   0.33802   0.38020   0.36193   0.37164   0.24700   0.30072   0.42365   0.26677   0.41986   0.25142   0.14299   0.07106   0.17231   0.14974   0.21677   0.27299   0.19770   0.40881   0.27134   0.43220   0.44309   1.98247   1.47308   0.08850   0.00106   1.39941  
  3 19385.0985   7871.687687  x:  0.64241   0.27750   0.15255   0.72175   0.32225   0.32417   0.31272   0.36871   0.12505   0.16588   0.18953   0.40133   0.37573   0.14420   0.33437   0.29191   0.39138   0.44594   0.41588   0.39751   0.22510   0.27450   0.39970   0.22917   0.49052   0.24886   0.10342   0.00000   0.14062   0.06710   0.14541   0.19456   0.18206   0.44998   0.27563   0.50821   0.49170   1.97896   1.42504   0.13884   0.00105   1.39705  
  4 384.7325   7815.285123  x:  0.79025   0.23913   0.05833   0.68925   0.31102   0.35744   0.35073   0.43174   0.02402   0.07838   0.13224   0.42356   0.37720   0.08206   0.33667   0.32112   0.45787   0.52714   0.48589   0.43538   0.20258   0.23795   0.35958   0.16504   0.59209   0.24404   0.14993   0.12462   0.15119   0.02158   0.07684   0.09434   0.14465   0.50691   0.26845   0.61013   0.55048   1.97388   1.35843   0.20915   0.00103   1.39317  
  5 789.7692   7799.354160  x:  0.83420   0.22049   0.03349   0.66589   0.30545   0.36587   0.35786   0.44650   0.00000   0.05606   0.11925   0.42779   0.37622   0.06450   0.33251   0.32613   0.47421   0.54632   0.50373   0.44757   0.20526   0.22918   0.34343   0.14547   0.62052   0.24028   0.14720   0.12639   0.16155   0.06132   0.09824   0.09692   0.12660   0.52293   0.25799   0.63777   0.56154   1.97227   1.33695   0.23202   0.00102   1.39171  
  6 429.5033   7769.712254  x:  1.03110   0.11141   0.04989   0.50217   0.27600   0.39708   0.36081   0.48287   0.05229   0.06396   0.12460   0.44081   0.38450   0.03319   0.29722   0.32647   0.52175   0.59714   0.56228   0.52340   0.30184   0.23182   0.26989   0.11067   0.74123   0.23820   0.15398   0.16066   0.18988   0.00000   0.19606   0.20275   0.00957   0.60087   0.16012   0.74158   0.57253   1.96299   1.24388   0.33330   0.00100   1.38297  
  7 263.7418   7764.333165  x:  1.05538   0.10132   0.05857   0.47700   0.27527   0.40102   0.35978   0.48574   0.06510   0.07193   0.13054   0.44233   0.38703   0.03440   0.29269   0.32508   0.52613   0.60085   0.56843   0.53341   0.31321   0.23633   0.26582   0.11238   0.75408   0.24171   0.15517   0.16291   0.19164   0.01061   0.18552   0.20164   0.00000   0.61317   0.14695   0.75376   0.57150   1.96174   1.23246   0.34604   0.00100   1.38157  
  8 290.7423   7753.402530  x:  1.17371   0.12912   0.03383   0.31216   0.31352   0.42324   0.33002   0.46958   0.04748   0.07806   0.17756   0.45588   0.41040   0.05075   0.26588   0.29267   0.51866   0.57601   0.57912   0.57969   0.35474   0.30479   0.32169   0.14470   0.78560   0.27170   0.16921   0.15714   0.23381   0.00469   0.20542   0.17895   0.06586   0.70834   0.10149   0.80547   0.54465   1.95066   1.17739   0.41185   0.00098   1.37000  
  9 125.3978   7751.167082  x:  1.21410   0.12298   0.06158   0.28027   0.39852   0.43570   0.33104   0.46603   0.03427   0.05871   0.17703   0.45996   0.42231   0.05059   0.27526   0.28734   0.51306   0.55621   0.57569   0.58338   0.34628   0.29355   0.33531   0.15824   0.76689   0.27264   0.17415   0.16517   0.20576   0.00785   0.20373   0.20376   0.07117   0.73402   0.11462   0.81750   0.53518   1.94612   1.15019   0.44980   0.00098   1.35820  
 10 41.1304   7750.269316  x:  1.23329   0.10893   0.04632   0.26966   0.44734   0.43689   0.33890   0.47068   0.04239   0.07912   0.18595   0.46455   0.43171   0.05956   0.29376   0.29722   0.51625   0.55097   0.57315   0.58304   0.34486   0.28289   0.34169   0.15442   0.74626   0.26400   0.17221   0.16611   0.22042   0.00561   0.21120   0.19567   0.06270   0.74071   0.13197   0.82073   0.53133   1.94418   1.14148   0.47060   0.00098   1.34484  
 11 28.6718   7749.541746  x:  1.25276   0.11752   0.04616   0.26621   0.46109   0.42201   0.35017   0.48262   0.06277   0.06614   0.17176   0.46577   0.43476   0.04382   0.31228   0.31911   0.52806   0.56468   0.57205   0.57463   0.35464   0.29234   0.35374   0.17048   0.72837   0.27601   0.18020   0.16263   0.24094   0.00509   0.21301   0.19658   0.05637   0.74543   0.14824   0.82078   0.52895   1.94133   1.14592   0.49527   0.00098   1.31229  
 12 11.7003   7747.687577  x:  1.29626   0.15237   0.02459   0.28759   0.44512   0.38772   0.35983   0.49705   0.05662   0.07101   0.18810   0.49022   0.45424   0.05769   0.34995   0.35181   0.54391   0.59170   0.57309   0.58083   0.36878   0.31273   0.37227   0.18117   0.70872   0.28910   0.19125   0.17061   0.20379   0.00976   0.21616   0.21377   0.03549   0.75511   0.16556   0.81970   0.53431   1.93950   1.15625   0.58279   0.00097   1.20134  
 13 19.1736   7744.272540  x:  1.35751   0.19589   0.07321   0.36374   0.42735   0.38210   0.37276   0.51018   0.02457   0.07461   0.21702   0.52395   0.48404   0.07529   0.37787   0.36884   0.54417   0.61461   0.57185   0.60584   0.37120   0.31556   0.38772   0.19100   0.72099   0.29280   0.18500   0.17731   0.23078   0.00847   0.23514   0.20214   0.01569   0.78030   0.17777   0.82799   0.56381   1.93911   1.18158   0.73216   0.00096   1.00000  
 14 53.2602   7740.622390  x:  1.40580   0.20429   0.03528   0.48848   0.44726   0.46261   0.40093   0.52393   0.02948   0.07741   0.23771   0.54618   0.51238   0.06584   0.37465   0.36564   0.52717   0.62751   0.57065   0.64635   0.39642   0.33206   0.43406   0.20922   0.79981   0.29799   0.19225   0.17777   0.25912   0.01116   0.20296   0.25562   0.01823   0.82940   0.18729   0.85978   0.62562   1.95091   1.25962   0.92044   0.00094   1.00000  
 15 43.0238   7739.181853  x:  1.40066   0.18654   0.03137   0.52327   0.46231   0.49997   0.40198   0.52528   0.05220   0.08578   0.21681   0.54142   0.51546   0.07362   0.37917   0.37000   0.54264   0.63734   0.59482   0.66509   0.39720   0.33798   0.45273   0.23230   0.84037   0.30541   0.20460   0.18201   0.22877   0.01498   0.23854   0.22890   0.03601   0.85385   0.18450   0.88250   0.64819   1.96212   1.29774   0.98785   0.00093   1.00000  
 16 32.8974   7738.116985  x:  1.35994   0.15675   0.03345   0.53797   0.46228   0.50455   0.38192   0.52130   0.04491   0.09754   0.18441   0.54723   0.52830   0.09184   0.40339   0.37395   0.58399   0.64483   0.64710   0.67407   0.38219   0.34935   0.47556   0.25204   0.85595   0.28853   0.20568   0.18341   0.24301   0.01428   0.23092   0.24797   0.05551   0.88008   0.16686   0.90900   0.64871   1.98104   1.31018   1.06283   0.00093   1.00000  
 17 16.6289   7736.943710  x:  1.31172   0.15665   0.04064   0.53276   0.46386   0.49394   0.41685   0.57248   0.04538   0.11947   0.19267   0.57719   0.55667   0.05930   0.40264   0.34840   0.61120   0.64468   0.68242   0.66324   0.38736   0.34382   0.47124   0.25793   0.86507   0.28164   0.20074   0.19148   0.23908   0.01684   0.23473   0.25363   0.08165   0.91494   0.16009   0.94995   0.64055   1.99538   1.34145   1.14365   0.00093   1.00000  
 18 11.8250   7732.116739  x:  1.26747   0.16871   0.03142   0.52361   0.51299   0.46367   0.42514   0.60337   0.04980   0.06390   0.20673   0.63827   0.54538   0.09891   0.40387   0.28539   0.63764   0.65246   0.71230   0.72972   0.45216   0.36144   0.43595   0.22741   0.89739   0.36903   0.22034   0.16861   0.25635   0.02024   0.22782   0.22467   0.00000   0.97330   0.19235   1.06393   0.64999   1.99903   1.52789   1.43530   0.00092   1.00000  
 19 12.3057   7721.491037  x:  1.38492   0.26680   0.07799   0.41786   0.56715   0.46642   0.39661   0.58669   0.07372   0.10355   0.20803   0.61684   0.49605   0.07044   0.38904   0.34180   0.68908   0.75916   0.74876   0.81631   0.48102   0.36418   0.38868   0.07095   0.98202   0.37252   0.22067   0.15942   0.26013   0.03922   0.19551   0.23405   0.00000   1.06147   0.28167   1.23535   0.71398   1.96604   2.02692   2.05078   0.00090   1.00000  
 20 55.2171   7701.104519  x:  1.76078   0.12945   0.08320   0.33202   0.55401   0.54206   0.47354   0.61903   0.01945   0.09788   0.30961   0.60414   0.55459   0.00000   0.37473   0.49129   0.70218   0.87437   0.74953   0.87491   0.42036   0.37898   0.42529   0.17521   1.10843   0.41040   0.20168   0.13801   0.25507   0.05480   0.17366   0.18545   0.00000   1.04702   0.21535   1.34288   0.72692   1.93658   2.83580   3.09306   0.00087   1.00000  
 21 95.9801   7696.803319  x:  1.93321   0.14620   0.07597   0.31682   0.53919   0.57839   0.51261   0.70057   0.05101   0.06323   0.25898   0.61951   0.57788   0.08690   0.38335   0.48075   0.70256   0.85045   0.78579   0.84565   0.39752   0.34901   0.42233   0.16088   1.10860   0.36839   0.23278   0.11510   0.25924   0.05889   0.16276   0.18135   0.00000   1.06433   0.12796   1.33525   0.71390   1.97361   3.07327   3.30329   0.00086   1.00000  
 22 55.8877   7694.848161  x:  2.05412   0.14886   0.05703   0.35145   0.53484   0.56414   0.46064   0.71766   0.06187   0.09446   0.19945   0.63913   0.57639   0.07109   0.36027   0.41493   0.71559   0.80263   0.82012   0.78332   0.41057   0.34915   0.42155   0.16605   1.09361   0.37378   0.21954   0.11285   0.25251   0.06212   0.16055   0.16185   0.00000   1.09208   0.10939   1.32622   0.73301   2.02237   3.17707   3.42539   0.00087   1.00000  
 23 30.2441   7694.394490  x:  2.09110   0.13705   0.05787   0.34119   0.52947   0.55863   0.45182   0.72308   0.05087   0.10416   0.20175   0.64585   0.56938   0.07282   0.35634   0.38744   0.73702   0.78774   0.84569   0.76788   0.39616   0.34485   0.41569   0.17646   1.09082   0.39031   0.22092   0.10996   0.25542   0.06142   0.15749   0.16702   0.00000   1.10120   0.12797   1.32660   0.74538   2.03032   3.22867   3.43359   0.00086   1.00000  
 24 17.1713   7694.249903  x:  2.10570   0.12911   0.05982   0.34724   0.52851   0.55597   0.45575   0.71728   0.05685   0.09479   0.21480   0.64624   0.56063   0.06548   0.35718   0.37282   0.75400   0.78238   0.85944   0.76984   0.39100   0.35374   0.42522   0.16602   1.08487   0.38515   0.21539   0.11169   0.25330   0.06163   0.15808   0.16455   0.00000   1.10539   0.12822   1.32530   0.74056   2.02630   3.24495   3.43865   0.00086   1.00000  
 25  6.0622   7694.134945  x:  2.11536   0.13224   0.05701   0.35424   0.52613   0.55678   0.46235   0.70924   0.06089   0.09552   0.21914   0.64224   0.55391   0.06020   0.35897   0.36486   0.76595   0.77845   0.86647   0.77697   0.38666   0.34893   0.42362   0.16823   1.08254   0.38549   0.21876   0.10978   0.25369   0.06194   0.15832   0.16523   0.02191   1.10772   0.12747   1.32411   0.73409   2.02183   3.24959   3.44820   0.00086   1.00000  
 26  5.6587   7693.876555  x:  2.14346   0.12187   0.05743   0.37229   0.51926   0.55744   0.48164   0.69445   0.05697   0.10922   0.21231   0.63753   0.54428   0.05082   0.36682   0.35683   0.78564   0.77417   0.86957   0.79618   0.39131   0.34160   0.41679   0.16467   1.07581   0.39440   0.22976   0.10370   0.25347   0.06301   0.15720   0.16990   0.01288   1.10599   0.12491   1.31781   0.72136   2.01256   3.25654   3.46396   0.00086   1.00000  
 27  3.8851   7693.034031  x:  2.19966   0.10169   0.05898   0.37881   0.50385   0.56960   0.50538   0.68192   0.06128   0.11050   0.18108   0.65530   0.57453   0.05266   0.38504   0.36250   0.80188   0.77351   0.86976   0.83372   0.41285   0.34269   0.41360   0.16559   1.09139   0.39559   0.19044   0.11699   0.25011   0.06728   0.15673   0.17644   0.03112   1.09090   0.15318   1.31953   0.72933   2.01249   3.30152   3.53444   0.00086   1.00000  
 28  5.6605   7690.268194  x:  2.34898   0.07489   0.07305   0.41140   0.53142   0.59298   0.48820   0.69967   0.06538   0.11044   0.18991   0.71766   0.65576   0.01862   0.40833   0.41110   0.82912   0.83476   0.90031   0.88398   0.41619   0.37672   0.42384   0.14971   1.17927   0.37730   0.26079   0.06487   0.24753   0.07765   0.16970   0.18105   0.06231   1.06078   0.17672   1.37708   0.78974   2.05527   3.49252   3.84988   0.00084   1.00000  
 29 19.1518   7687.221288  x:  2.49618   0.12000   0.05948   0.46093   0.60045   0.62484   0.48592   0.77036   0.06124   0.12037   0.23134   0.70713   0.62238   0.02388   0.42997   0.47658   0.86753   0.93202   0.95927   0.91111   0.39727   0.37574   0.45900   0.18294   1.27427   0.42552   0.21337   0.06634   0.25584   0.08529   0.18696   0.20310   0.03315   1.09143   0.12514   1.47401   0.84657   2.08110   3.73327   4.24213   0.00083   1.00000  
 30 39.6741   7686.373699  x:  2.52157   0.11814   0.06031   0.46933   0.58309   0.64257   0.51463   0.78689   0.04127   0.12287   0.22683   0.67695   0.60841   0.03952   0.43180   0.48291   0.85991   0.94498   0.96897   0.90563   0.42386   0.37432   0.49568   0.20796   1.28164   0.39821   0.22702   0.05277   0.25121   0.08815   0.19099   0.19727   0.01937   1.16716   0.14518   1.51824   0.87864   2.04571   3.81456   4.38125   0.00082   1.00000  
 31 17.7931   7686.175186  x:  2.52738   0.12016   0.05169   0.47455   0.57529   0.64780   0.51380   0.76719   0.05145   0.11466   0.22760   0.68379   0.62840   0.03626   0.43205   0.48888   0.85735   0.95111   0.96739   0.90300   0.41129   0.36524   0.48539   0.21551   1.27484   0.39737   0.22528   0.05026   0.25054   0.08863   0.19240   0.19478   0.00516   1.21166   0.14095   1.53408   0.87948   2.02765   3.84526   4.41019   0.00082   1.00000  
 32  7.5377   7686.134389  x:  2.52789   0.11946   0.05308   0.47446   0.57630   0.65205   0.52038   0.76360   0.04645   0.11912   0.22118   0.68869   0.62888   0.03521   0.43227   0.49285   0.85551   0.95263   0.96164   0.90226   0.40609   0.37613   0.48185   0.21145   1.27211   0.40207   0.22426   0.04930   0.25006   0.08832   0.19265   0.19403   0.00896   1.22283   0.13701   1.54133   0.87454   2.03086   3.85810   4.41677   0.00082   1.00000  
 33  2.7174   7686.063474  x:  2.53583   0.11427   0.05495   0.47374   0.56393   0.65458   0.52356   0.75786   0.05102   0.11801   0.22274   0.69165   0.62009   0.03585   0.43249   0.49765   0.85126   0.95215   0.94994   0.89672   0.39837   0.36854   0.49005   0.20555   1.26885   0.40749   0.22419   0.04761   0.24941   0.08850   0.19352   0.19514   0.01002   1.22964   0.14388   1.55799   0.86350   2.05474   3.87350   4.43102   0.00082   1.00000  
 34  1.3132   7685.833798  x:  2.56225   0.11298   0.05724   0.47409   0.55967   0.65819   0.51080   0.75343   0.04104   0.11163   0.23085   0.67817   0.61759   0.03314   0.43702   0.50615   0.85318   0.94746   0.94735   0.87869   0.42339   0.36210   0.47475   0.20835   1.26301   0.39707   0.21898   0.04191   0.24728   0.09018   0.19057   0.19089   0.01393   1.21654   0.14342   1.59259   0.83461   2.06901   3.94431   4.46396   0.00083   1.00000  
 35  2.2234   7685.336777  x:  2.61397   0.11361   0.05355   0.46498   0.54865   0.64201   0.50415   0.77037   0.05728   0.11291   0.21795   0.65025   0.61682   0.03746   0.41335   0.48670   0.84756   0.93526   0.94459   0.86814   0.39450   0.37974   0.45501   0.20359   1.25270   0.39259   0.21225   0.03060   0.24738   0.09342   0.19118   0.19288   0.01041   1.16964   0.14827   1.62712   0.82742   2.04430   4.06782   4.56956   0.00084   1.00000  
 36  6.9241   7685.025504  x:  2.63198   0.11251   0.05649   0.44230   0.55146   0.63555   0.50651   0.76861   0.05670   0.11624   0.20708   0.67180   0.60803   0.03019   0.39607   0.48451   0.85000   0.94406   0.95260   0.86826   0.40289   0.35722   0.47279   0.18840   1.24440   0.40468   0.20953   0.02134   0.24672   0.09503   0.19033   0.19173   0.01880   1.15848   0.12769   1.59503   0.85333   2.03032   4.15153   4.63266   0.00084   1.00000  
 37  6.9760   7684.899153  x:  2.63799   0.11107   0.05650   0.43474   0.55222   0.64094   0.51492   0.76489   0.05985   0.11039   0.21576   0.67100   0.59769   0.03116   0.39577   0.48619   0.85238   0.94990   0.95937   0.86131   0.40653   0.36540   0.45347   0.18785   1.24233   0.40372   0.20760   0.01934   0.24748   0.09600   0.19060   0.19179   0.01831   1.16954   0.12957   1.55377   0.87348   2.04497   4.17164   4.66139   0.00085   1.00000  
 38  4.5550   7684.862725  x:  2.63801   0.11068   0.05683   0.43442   0.55407   0.63774   0.51093   0.77291   0.05808   0.10957   0.21539   0.65968   0.60733   0.03126   0.39311   0.48261   0.85663   0.95482   0.95699   0.86669   0.40723   0.36413   0.45494   0.18222   1.25082   0.40850   0.20652   0.01878   0.24767   0.09589   0.19055   0.19151   0.01812   1.17984   0.13586   1.53518   0.86240   2.04999   4.17877   4.66705   0.00085   1.00000  
 39  1.2362   7684.787823  x:  2.63911   0.11364   0.05623   0.43158   0.55487   0.63770   0.50349   0.78067   0.06010   0.11064   0.21119   0.67675   0.59433   0.03054   0.39529   0.47763   0.85670   0.95774   0.95233   0.86646   0.40524   0.36456   0.45303   0.18670   1.26835   0.40005   0.20424   0.01985   0.24751   0.09607   0.19127   0.19141   0.01343   1.18612   0.14819   1.51512   0.83895   2.04126   4.18339   4.66986   0.00085   1.00000  
 40  0.9137   7684.254757  x:  2.64052   0.13320   0.06172   0.40595   0.54513   0.63711   0.51769   0.76368   0.06852   0.10955   0.20731   0.67341   0.60519   0.02969   0.42256   0.45439   0.84052   0.93871   0.96186   0.82572   0.41683   0.36424   0.45744   0.16436   1.26716   0.42515   0.19048   0.03176   0.24949   0.09510   0.20011   0.19771   0.00385   1.17167   0.14880   1.47962   0.83399   2.02435   4.18727   4.66317   0.00088   1.00000  
 41  0.7196   7683.980091  x:  2.64326   0.13755   0.06108   0.40012   0.54712   0.61979   0.52028   0.76563   0.06894   0.10693   0.20512   0.67338   0.60301   0.02889   0.40225   0.45498   0.84487   0.93262   0.95300   0.84393   0.42098   0.36379   0.45431   0.17408   1.24592   0.41279   0.18432   0.03722   0.24996   0.09480   0.20203   0.19963   0.00000   1.17236   0.14398   1.47298   0.84364   2.03510   4.19528   4.65220   0.00088   1.00000  
 42  4.1031   7683.933402  x:  2.64407   0.13125   0.06286   0.40343   0.54080   0.62676   0.50668   0.78154   0.06946   0.10557   0.20842   0.67441   0.59971   0.02798   0.39890   0.46972   0.84583   0.92001   0.94899   0.84629   0.42163   0.36471   0.45169   0.16949   1.23328   0.41907   0.18397   0.03817   0.24953   0.09485   0.20255   0.20136   0.00000   1.17778   0.14355   1.47016   0.84608   2.02729   4.19350   4.65027   0.00089   1.00000  
 43  1.1706   7683.603783  x:  2.65789   0.16520   0.06310   0.39669   0.53376   0.64621   0.51257   0.78256   0.07125   0.10010   0.21235   0.68392   0.60932   0.01828   0.38492   0.49476   0.86843   0.86571   0.96002   0.87381   0.42804   0.37024   0.45548   0.17438   1.22205   0.42161   0.19185   0.03416   0.25242   0.09571   0.20795   0.20050   0.00000   1.17180   0.15709   1.47015   0.83828   2.03869   4.23808   4.70571   0.00091   1.00000  
 44  0.5719   7682.120502  x:  2.76205   0.15570   0.06878   0.41074   0.54544   0.54602   0.52831   0.76976   0.06782   0.08778   0.22304   0.68312   0.61763   0.05336   0.36123   0.50371   0.82365   0.88080   0.90840   0.85568   0.45594   0.38188   0.45279   0.20117   1.19616   0.40212   0.21442   0.02999   0.26183   0.09883   0.22611   0.22237   0.00000   1.20183   0.15196   1.47467   0.82819   2.03236   4.39603   4.82567   0.00100   1.00000  
 45  3.0749   7681.862166  x:  2.77775   0.15939   0.06885   0.40195   0.53718   0.56983   0.51010   0.78401   0.06705   0.08864   0.22348   0.68108   0.61815   0.03981   0.39528   0.46315   0.80772   0.91935   0.89218   0.88081   0.45718   0.38384   0.45245   0.21365   1.15759   0.39471   0.21696   0.02979   0.26189   0.09951   0.22970   0.22398   0.00000   1.19984   0.14869   1.47752   0.83137   2.04036   4.43229   4.85412   0.00102   1.00000  
 46  4.9263   7681.312708  x:  2.81784   0.16419   0.07119   0.39915   0.54116   0.60960   0.51035   0.77506   0.06299   0.08744   0.23326   0.68628   0.62813   0.06044   0.37749   0.45176   0.88867   0.94226   0.83202   0.85165   0.46215   0.38775   0.45999   0.21941   1.15996   0.39772   0.21749   0.02891   0.26280   0.10320   0.23289   0.22554   0.00000   1.18521   0.14169   1.47989   0.84115   2.03310   4.55424   5.00370   0.00106   1.00000  
 47  0.6075   7675.916826  x:  3.22593   0.14525   0.06547   0.39338   0.58134   0.63366   0.54702   0.73502   0.03729   0.10711   0.29224   0.67123   0.61432   0.00000   0.46997   0.54340   0.87532   0.90145   0.86104   0.96621   0.45295   0.41383   0.50260   0.25939   1.25803   0.43771   0.19767   0.00825   0.25971   0.13844   0.24054   0.22134   0.00000   1.17629   0.08963   1.47064   0.85554   2.06548   5.80269   6.32744   0.00144   1.00000  
 48 12.3830   7675.486057  x:  3.27648   0.14186   0.06574   0.39979   0.58472   0.65762   0.55443   0.72583   0.03373   0.11123   0.29746   0.67631   0.61742   0.00647   0.43547   0.55794   0.85734   0.92933   0.90274   0.97230   0.45763   0.41851   0.50692   0.26255   1.24336   0.44980   0.19548   0.00746   0.26086   0.14257   0.24235   0.22174   0.05532   1.16738   0.10170   1.46840   0.83371   2.06746   5.94369   6.48769   0.00148   1.00000  
 49 18.8804   7675.260615  x:  3.28891   0.14016   0.06636   0.40544   0.58455   0.67541   0.55763   0.72134   0.03275   0.11317   0.29741   0.68151   0.62099   0.01618   0.40074   0.56309   0.84353   0.95498   0.93445   0.96880   0.46203   0.42039   0.50735   0.26221   1.22438   0.45667   0.19520   0.00839   0.26199   0.14349   0.24320   0.22233   0.02548   1.16105   0.11529   1.46728   0.81497   2.06657   5.97184   6.52593   0.00150   1.00000  
 50  8.4873   7662.010052  x:  4.19997   0.07704   0.04259   0.40752   0.60868   0.73413   0.43112   0.77096   0.08079   0.12611   0.31653   0.65811   0.65471   0.05221   0.49455   0.57812   0.71227   0.94470   0.88014   0.88411   0.39634   0.40055   0.53137   0.26855   1.35240   0.41840   0.22959   0.06582   0.24440   0.24998   0.19360   0.18964   0.00448   1.50586   0.15626   1.53660   0.90440   1.91234   9.88984  10.41992   0.00309   1.00000  
 51  1.2658   7628.957002  x:  6.17094   0.00000   0.07642   0.39095   0.70677   0.82379   0.60501   0.78229   0.03664   0.13299   0.27457   0.76683   0.74162   0.07402   0.37056   0.58466   0.97364   1.00928   0.99371   0.95844   0.48757   0.42696   0.52890   0.20437   1.33439   0.42842   0.26013   0.06260   0.26090   0.42743   0.19252   0.18472   0.37445   1.39956   0.06671   1.82863   0.89645   2.19813  17.40413  17.60691   0.00594   1.00000  
 52  3.0212   7616.511919  x:  7.81596   0.00000   0.08802   0.38653   0.76392   0.89870   0.67823   0.82164   0.01381   0.13061   0.25476   0.82651   0.78873   0.10151   0.32251   0.61108   1.09458   1.05212   1.07663   0.98791   0.54047   0.44007   0.53478   0.17442   1.37425   0.44713   0.26806   0.06155   0.26650   0.57504   0.19976   0.18386   0.54518   1.41963   0.03543   2.04872   0.88903   2.26865  23.65127  23.58902   0.00831   1.00000  
 53 33.0719   7598.631049  x: 10.42605   0.00000   0.09983   0.50636   0.80424   1.08776   0.77070   1.04007   0.01947   0.11422   0.27505   0.94814   0.84798   0.11057   0.39111   0.72953   1.32253   1.22128   1.34648   1.15259   0.66073   0.50697   0.61145   0.19215   1.72188   0.54303   0.25088   0.02768   0.28999   0.78907   0.26513   0.24358   0.46430   1.69631   0.28436   2.50812   0.91709   2.17139  32.37400  32.95068   0.01149   1.00000  
 54  5.6762   7598.586232  x: 10.44487   0.01737   0.09986   0.50692   0.80425   1.08876   0.77107   1.04133   0.01952   0.11407   0.27512   0.94868   0.84807   0.11050   0.39148   0.73019   1.32373   1.22210   1.34816   1.15346   0.66131   0.50722   0.61176   0.19220   1.72389   0.54362   0.25075   0.02740   0.29014   0.79060   0.26551   0.24387   0.46337   1.69786   0.28589   2.51116   0.91711   2.17039  32.43940  33.01921   0.01151   1.00000  
 55 18.1046   7587.314038  x: 11.47640   0.05120   0.08452   0.44465   0.71620   1.03273   0.69847   1.01133   0.02430   0.09322   0.25547   0.87478   0.74930   0.06105   0.37042   0.70396   1.24995   1.14193   1.35681   1.10228   0.60568   0.45058   0.55317   0.16995   1.67935   0.54181   0.23861   0.00000   0.29054   0.87193   0.25778   0.21599   0.30076   1.64581   0.28683   2.59406   0.86158   2.02684  36.81329  37.09692   0.01322   1.00000  
 56  5.5202   7582.368945  x: 12.33229   0.06552   0.06472   0.43621   0.65921   0.96526   0.61176   0.98242   0.03072   0.09506   0.24632   0.81598   0.68999   0.02809   0.36695   0.70179   1.14638   1.09555   1.35503   1.06150   0.54333   0.42038   0.52835   0.17300   1.64656   0.54963   0.25308   0.00000   0.30703   0.92745   0.25470   0.20066   0.09564   1.61209   0.24193   2.64563   0.88378   1.95487  40.24765  40.42234   0.01461   1.00000  
 57  5.0890   7577.131823  x: 13.80669   0.09218   0.04562   0.52902   0.67237   0.89861   0.52148   0.96926   0.01486   0.14008   0.25155   0.79821   0.73220   0.05567   0.38949   0.77187   1.00548   1.13344   1.32414   1.05334   0.48434   0.45220   0.56481   0.21660   1.67630   0.55450   0.27310   0.00000   0.31747   1.01808   0.25177   0.19761   0.19408   1.63806   0.08140   2.63854   1.05601   2.02357  45.55090  45.78149   0.01683   1.00000  
 58  2.9767   7573.440995  x: 14.31670   0.07427   0.05571   0.55920   0.65290   0.86025   0.54585   0.96371   0.00948   0.12786   0.25510   0.82844   0.75925   0.07628   0.41829   0.76012   1.00146   1.16968   1.25020   1.07322   0.53238   0.47336   0.57242   0.23256   1.67238   0.51960   0.23963   0.00000   0.30311   1.01843   0.26470   0.20666   0.11671   1.59447   0.02365   2.37298   1.11296   2.04878  47.23146  47.56382   0.01768   1.00000  
 59  0.9941   7573.421277  x: 14.32246   0.07407   0.05590   0.55948   0.65262   0.85987   0.54630   0.96369   0.00942   0.12765   0.25516   0.82885   0.75957   0.07653   0.41864   0.75985   1.00162   1.17011   1.24926   1.07353   0.53309   0.47361   0.57247   0.23268   1.67240   0.51916   0.23923   0.00755   0.30293   1.01838   0.26487   0.20676   0.11584   1.59392   0.02350   2.36930   1.11321   2.04905  47.25038  47.58386   0.01769   1.00000  
 60  9.8159   7571.191518  x: 14.51561   0.06739   0.07880   0.55481   0.62714   0.86015   0.60310   0.97388   0.00832   0.10402   0.26171   0.86019   0.77413   0.08800   0.43702   0.71987   1.05628   1.18969   1.19458   1.10463   0.59294   0.48480   0.56502   0.22094   1.68805   0.49424   0.21852   0.01233   0.28989   1.00343   0.27661   0.20902   0.09034   1.56381   0.13512   2.09143   1.03235   2.05623  47.87602  48.24070   0.01810   1.00000  
 61  2.6895   7566.363399  x: 15.05449   0.08787   0.08713   0.53166   0.58573   0.81569   0.61976   0.92648   0.00154   0.10133   0.27009   0.84233   0.75851   0.07902   0.45911   0.65490   1.02432   1.16007   1.08805   1.08671   0.58015   0.45789   0.54154   0.21072   1.59784   0.46970   0.23853   0.01371   0.27864   0.97463   0.26620   0.18215   0.23037   1.47511   0.13812   1.63859   0.96626   1.99648  50.25652  50.42045   0.01938   1.00000  
 62  1.6978   7556.728331  x: 15.66271   0.10242   0.04585   0.53735   0.55834   0.80923   0.55957   0.84699   0.00404   0.14534   0.25199   0.72080   0.64307   0.01767   0.42435   0.66065   0.91671   1.02457   1.11337   0.92853   0.40313   0.36684   0.52411   0.22275   1.30850   0.50324   0.26089   0.00000   0.28496   0.85847   0.22488   0.14534   0.17279   1.43015   0.09767   2.01078   0.92325   1.82127  53.67044  53.52719   0.02110   1.00000  
 63  1.0951   7539.558908  x: 15.99511   0.07995   0.03331   0.57400   0.58106   0.81051   0.59737   0.81538   0.00302   0.15600   0.24256   0.71102   0.62386   0.00000   0.44748   0.65476   0.92703   0.98086   1.06398   0.86306   0.37450   0.34608   0.53124   0.26240   1.11441   0.46720   0.22001   0.06860   0.25117   0.64483   0.20930   0.15928   0.14287   1.38009   0.08925   1.94255   0.88769   1.81501  55.60564  55.40216   0.02250   1.00000  
 64  2.3536   7539.558908  x: 15.99511   0.07995   0.03331   0.57400   0.58106   0.81051   0.59737   0.81538   0.00302   0.15600   0.24256   0.71102   0.62386   0.00000   0.44748   0.65476   0.92703   0.98086   1.06398   0.86306   0.37450   0.34608   0.53124   0.26240   1.11441   0.46720   0.22001   0.06860   0.25117   0.64483   0.20930   0.15928   0.14287   1.38009   0.08925   1.94255   0.88769   1.81501  55.60564  55.40216   0.02250   1.00000  
 65  6.0926   7511.955870  x: 15.99511   0.07990   0.03338   0.57392   0.58102   0.81050   0.59734   0.81541   0.00319   0.15598   0.24256   0.71110   0.62391   0.00019   0.44749   0.65478   0.92706   0.98090   1.06402   0.86318   0.37472   0.34623   0.53123   0.26240   1.11461   0.46717   0.21985   0.06819   0.25101   0.64377   0.20939   0.15952   0.14285   1.38011   0.08929   1.94255   0.88772   1.81517  55.60561  55.40219   0.05342   1.00000  
 66 2358.2733   7489.608516  x: 15.98911   0.09253   0.09601   0.57213   0.59219   0.82135   0.61017   0.83768   0.18316   0.17680   0.26842   0.74953   0.65478   0.04859   0.46588   0.67287   0.95010   1.00622   1.08481   0.91178   0.44863   0.40636   0.55028   0.28619   1.17695   0.47926   0.20358   0.00000   0.23803   0.40688   0.25614   0.24219   0.15627   1.39523   0.14340   1.95093   0.90666   1.84087  55.68452  55.32327   0.06033   1.00000  
 67 121.9421   7482.278118  x: 15.98453   0.10048   0.12831   0.56890   0.59945   0.82937   0.61925   0.85370   0.28705   0.18484   0.28378   0.77659   0.67553   0.07688   0.47766   0.68562   0.96673   1.02448   1.10002   0.94497   0.49564   0.44513   0.56244   0.29872   1.22102   0.48713   0.20043   0.06282   0.23577   0.23581   0.27962   0.28800   0.16432   1.40559   0.18026   1.95734   0.91928   1.85909  55.73652  55.27126   0.06492   1.00000  
 68 608.4415   7474.305728  x: 15.97831   0.09926   0.10101   0.55331   0.60160   0.83739   0.62568   0.86812   0.27681   0.15597   0.27935   0.79749   0.68589   0.06966   0.47994   0.69627   0.98190   1.04207   1.11595   0.96701   0.50810   0.45598   0.56277   0.28644   1.25855   0.48601   0.19771   0.05592   0.25066   0.08069   0.24666   0.26093   0.16466   1.41256   0.20095   1.96585   0.92629   1.87447  55.74778  55.26000   0.06462   1.00000  
 69 113.6050   7471.033586  x: 15.95975   0.09512   0.04574   0.51266   0.60980   0.85567   0.63635   0.90115   0.25630   0.08637   0.27028   0.84461   0.71069   0.05005   0.48235   0.72307   1.02020   1.08610   1.15656   1.02397   0.54081   0.47685   0.55671   0.25468   1.35999   0.48227   0.21832   0.04768   0.30580   0.09039   0.25307   0.27508   0.16232   1.43013   0.24400   1.98814   0.94124   1.91812  55.79542  55.21234   0.06617   1.00000  
 70 33.8993   7468.880816  x: 15.93168   0.09981   0.07125   0.47029   0.62739   0.87420   0.63548   0.93033   0.22597   0.04898   0.27125   0.88142   0.73427   0.03040   0.47557   0.75300   1.06011   1.13402   1.20411   1.08937   0.57463   0.48428   0.53684   0.23211   1.47736   0.48225   0.18921   0.05016   0.23931   0.10946   0.24983   0.26100   0.16483   1.45216   0.27046   2.01767   0.95187   1.96155  55.79142  55.21632   0.06626   1.00000  
 71 33.0178   7467.013409  x: 15.88236   0.10609   0.13491   0.42369   0.66280   0.89789   0.62082   0.95900   0.17895   0.11174   0.29337   0.90638   0.75672   0.02594   0.45054   0.79115   1.10728   1.19212   1.26831   1.17370   0.61689   0.48316   0.51059   0.22241   1.63006   0.48716   0.23120   0.04670   0.26406   0.11876   0.24770   0.24870   0.16967   1.48446   0.27839   2.06695   0.95820   2.00382  55.74055  55.26714   0.06619   1.00000  
 72 31.2186   7466.134679  x: 15.84861   0.10436   0.13927   0.42186   0.69144   0.91517   0.61663   0.97223   0.15252   0.12425   0.29729   0.90496   0.75638   0.00000   0.42585   0.80924   1.12587   1.21536   1.30013   1.20396   0.62811   0.49227   0.52575   0.22886   1.69571   0.49269   0.20975   0.04761   0.28383   0.11254   0.27449   0.28517   0.17151   1.50442   0.27088   2.10195   0.96142   2.00324  55.69902  55.30864   0.06560   1.00000  
 73 24.3116   7464.213521  x: 15.76118   0.10064   0.08196   0.48390   0.76539   0.96593   0.63672   1.00611   0.13781   0.10890   0.30009   0.89112   0.74648   0.00000   0.37669   0.84992   1.15606   1.24425   1.36693   1.23958   0.62706   0.53173   0.61380   0.27559   1.78602   0.51985   0.22617   0.04662   0.26373   0.13123   0.24512   0.27930   0.18326   1.55800   0.24674   2.19613   0.98082   1.94162  55.65448  55.35309   0.06560   1.00000  
 74 14.3653   7463.073390  x: 15.70788   0.10095   0.06108   0.51520   0.76363   0.98350   0.65472   1.01837   0.12228   0.08701   0.30126   0.89418   0.75618   0.00000   0.37618   0.87120   1.16327   1.24057   1.39799   1.22735   0.58873   0.49621   0.60456   0.28017   1.77589   0.51582   0.19813   0.04690   0.26804   0.13363   0.28028   0.23293   0.18542   1.58749   0.23179   2.24774   0.99904   1.90827  55.66868  55.33884   0.06552   1.00000  
 75 12.6894   7462.242129  x: 15.65970   0.09595   0.05639   0.52810   0.73764   0.98931   0.66416   1.02066   0.09472   0.06214   0.29188   0.90029   0.76345   0.00000   0.38322   0.88699   1.16484   1.22947   1.41788   1.20258   0.54845   0.46225   0.58397   0.26568   1.74379   0.50148   0.20062   0.04587   0.25251   0.12965   0.25961   0.26431   0.17846   1.60871   0.21866   2.28785   1.01107   1.89955  55.68591  55.32156   0.06492   1.00000  
 76 18.5953   7461.962638  x: 15.62690   0.09169   0.05502   0.52464   0.71574   0.98742   0.66129   1.01637   0.08655   0.07330   0.28071   0.90528   0.76110   0.00000   0.38346   0.89497   1.16546   1.22282   1.42370   1.18744   0.54231   0.47625   0.59248   0.25348   1.72524   0.49696   0.17837   0.04669   0.25652   0.13410   0.24127   0.26207   0.17153   1.61731   0.21652   2.30840   1.01135   1.91567  55.69625  55.31119   0.06473   1.00000  
 77 10.0415   7461.688678  x: 15.57385   0.09150   0.05887   0.51681   0.68933   0.98342   0.65157   1.00729   0.07658   0.06759   0.25987   0.90825   0.75106   0.00000   0.37397   0.90440   1.16557   1.21425   1.42920   1.16801   0.53816   0.49774   0.60571   0.24329   1.70521   0.49868   0.18843   0.04569   0.24992   0.13165   0.25436   0.25312   0.16628   1.62735   0.21456   2.33755   1.00550   1.94355  55.69902  55.30837   0.06435   1.00000  
 78 12.0662   7461.061329  x: 15.34886   0.12519   0.03900   0.51152   0.66703   0.98289   0.62730   0.98945   0.09697   0.06641   0.26594   0.91719   0.73764   0.00000   0.31236   0.93984   1.17551   1.20096   1.45625   1.13893   0.53367   0.47347   0.59089   0.24795   1.69123   0.52952   0.18770   0.04610   0.25427   0.13185   0.24325   0.24939   0.18327   1.65754   0.22829   2.45082   0.97219   1.99385  55.69291  55.31424   0.06435   1.00000  
 79  8.2878   7459.728748  x: 14.80054   0.11520   0.08632   0.53151   0.67455   1.00409   0.62085   0.98385   0.05596   0.08484   0.29674   0.92579   0.72645   0.00000   0.19250   1.02774   1.20708   1.18052   1.53501   1.11365   0.53422   0.44625   0.59039   0.25108   1.68400   0.56423   0.19642   0.04198   0.26812   0.12235   0.23851   0.24698   0.15215   1.71247   0.24485   2.71391   0.89769   2.00560  55.71862  55.28798   0.06483   1.00000  
 80 29.4057   7458.789829  x: 14.39577   0.09541   0.06583   0.51750   0.67271   1.00959   0.62808   0.98500   0.06807   0.12208   0.30230   0.91387   0.72801   0.00000   0.15185   1.08854   1.22298   1.16832   1.59268   1.12581   0.54024   0.44364   0.57125   0.21017   1.67552   0.52095   0.21408   0.04155   0.25657   0.11672   0.24861   0.24348   0.13778   1.72777   0.25197   2.87800   0.85680   1.98017  55.70997  55.29623   0.06479   1.00000  
 81 38.9952   7457.885064  x: 13.97295   0.11421   0.09706   0.49108   0.67060   1.00505   0.63939   0.98654   0.07840   0.11300   0.27648   0.88570   0.73337   0.00000   0.14713   1.14237   1.22974   1.15549   1.64763   1.15319   0.53976   0.46093   0.55444   0.20013   1.66296   0.47201   0.21968   0.04189   0.28259   0.11689   0.23487   0.23571   0.17091   1.72386   0.26192   3.01770   0.83876   1.93838  55.69436  55.31141   0.06504   1.00000  
 82 48.8959   7457.029953  x: 13.55725   0.11220   0.07873   0.45769   0.67564   0.98048   0.64458   0.98321   0.04348   0.13745   0.26946   0.86890   0.76277   0.00000   0.18840   1.16681   1.22007   1.14328   1.67991   1.19092   0.53712   0.47574   0.53671   0.25909   1.64870   0.47596   0.22620   0.03968   0.27778   0.11229   0.23858   0.23885   0.19743   1.68285   0.26409   3.09373   0.85424   1.93677  55.69381  55.31153   0.06479   1.00000  
 83 27.8394   7456.224691  x: 13.14447   0.06863   0.08093   0.44502   0.70109   0.95468   0.64361   0.98097   0.05836   0.11883   0.26383   0.86774   0.78737   0.00000   0.22484   1.16038   1.20081   1.13918   1.68479   1.21736   0.53005   0.46496   0.52935   0.28384   1.64210   0.48490   0.22774   0.04032   0.29353   0.11178   0.22616   0.22740   0.17436   1.62209   0.23845   3.12285   0.87657   1.97061  55.67878  55.32615   0.06438   1.00000  
 84 35.4528   7454.824078  x: 12.37329   0.11054   0.08174   0.46632   0.77193   0.92584   0.64214   0.98810   0.03542   0.12285   0.28156   0.88733   0.80666   0.00000   0.26516   1.10091   1.16242   1.15389   1.64536   1.23521   0.52145   0.43659   0.56461   0.21979   1.64718   0.48312   0.23698   0.03769   0.30127   0.10385   0.22196   0.21739   0.17842   1.51179   0.19155   3.10781   0.93819   2.02415  55.68152  55.32262   0.06385   1.00000  
 85 39.7836   7452.978197  x: 11.28644   0.12535   0.07716   0.41147   0.74005   0.94589   0.63942   1.01277   0.02839   0.14705   0.23421   0.89953   0.73068   0.00000   0.26736   0.96960   1.14977   1.23485   1.52768   1.18613   0.50315   0.40991   0.53636   0.18300   1.71939   0.55281   0.24028   0.03619   0.30655   0.09639   0.20768   0.20503   0.13483   1.44584   0.19584   2.98056   1.00848   1.95205  55.69582  55.30722   0.06328   1.00000  
 86 30.2660   7451.945815  x: 10.62295   0.10951   0.07336   0.39721   0.69902   0.98111   0.60685   1.00166   0.01895   0.12882   0.30273   0.90540   0.74134   0.00000   0.27970   0.89892   1.16314   1.27900   1.47573   1.13612   0.48101   0.44081   0.52378   0.19810   1.76110   0.52054   0.24370   0.03523   0.31387   0.09316   0.20017   0.19512   0.15108   1.48679   0.16411   2.85384   0.97796   1.92974  55.70100  55.30137   0.06292   1.00000  
 87 29.0983   7450.702302  x:  9.77367   0.08874   0.06741   0.44722   0.71506   1.03762   0.57978   0.99383   0.01656   0.15783   0.23705   0.87381   0.74963   0.00000   0.33100   0.87292   1.21039   1.31473   1.46724   1.11043   0.43475   0.40267   0.53975   0.22261   1.79145   0.48005   0.24782   0.03443   0.31630   0.08870   0.19891   0.19033   0.17062   1.60656   0.18207   2.66282   0.90964   1.96422  55.71069  55.29081   0.06317   1.00000  
 88 26.6098   7449.390291  x:  8.82810   0.15171   0.05915   0.43657   0.70478   1.04089   0.61172   1.01641   0.02255   0.15183   0.24338   0.87984   0.76886   0.00000   0.36622   0.88524   1.22755   1.25971   1.53523   1.11669   0.46922   0.39222   0.55567   0.20556   1.74236   0.53400   0.25122   0.03412   0.32634   0.09011   0.19766   0.18959   0.10009   1.71594   0.17632   2.45017   0.85817   1.94809  55.69518  55.30535   0.06363   1.00000  
 89 21.4863   7448.077128  x:  7.83799   0.10284   0.06353   0.44622   0.72120   1.00269   0.61142   1.00795   0.02291   0.14651   0.27555   0.91125   0.73489   0.00000   0.30070   0.90483   1.21928   1.17641   1.58479   1.12986   0.47123   0.41476   0.53384   0.17549   1.67997   0.55067   0.25377   0.03471   0.33116   0.09337   0.19775   0.18716   0.13829   1.75936   0.25648   2.26221   0.90301   1.93446  55.69107  55.30844   0.06424   1.00000  
 90 31.1134   7446.484486  x:  6.66740   0.09697   0.05638   0.41572   0.71466   0.95091   0.58809   0.98205   0.04152   0.15680   0.25247   0.92297   0.68559   0.00000   0.16571   0.95839   1.22264   1.13012   1.61237   1.14723   0.45796   0.40413   0.52860   0.21290   1.67401   0.49496   0.25037   0.03635   0.32570   0.08817   0.19628   0.18632   0.16273   1.71219   0.16204   2.11582   0.94335   1.91922  55.74386  55.25441   0.06503   1.00000  
 91 34.9667   7445.505351  x:  5.96392   0.11978   0.05103   0.43993   0.68826   0.94162   0.55578   0.93447   0.04127   0.14243   0.26509   0.84641   0.69823   0.00000   0.13911   1.00114   1.21137   1.14687   1.58569   1.09319   0.49627   0.39825   0.52196   0.23298   1.67717   0.45106   0.24722   0.03681   0.32323   0.08907   0.19374   0.18167   0.12351   1.59360   0.21072   2.07616   0.93332   1.91526  55.76722  55.23026   0.06560   1.00000  
 92 23.2101   7444.866080  x:  5.53632   0.10607   0.05442   0.44719   0.66719   0.95574   0.58373   0.93799   0.05164   0.14365   0.27430   0.81907   0.70881   0.00000   0.16909   1.01615   1.18896   1.17916   1.54931   1.06332   0.46060   0.41566   0.51944   0.20513   1.68507   0.49250   0.24565   0.03747   0.32078   0.09022   0.19781   0.18537   0.15768   1.50242   0.21637   2.09688   0.86570   1.91713  55.77635  55.22062   0.06640   1.00000  
 93 16.9337   7444.242843  x:  5.23112   0.10270   0.05329   0.46006   0.67045   0.96224   0.57277   0.92618   0.04583   0.13545   0.25684   0.87951   0.68640   0.00000   0.23159   0.94653   1.12233   1.18916   1.45434   1.09290   0.50014   0.41393   0.50902   0.21474   1.65852   0.48334   0.23961   0.03839   0.31818   0.09457   0.19944   0.18872   0.16917   1.48173   0.22776   2.17685   0.79025   1.90196  55.78286  55.21362   0.06699   1.00000  
 94  7.4371   7443.654672  x:  5.01379   0.11668   0.05864   0.43052   0.67540   0.95730   0.56815   0.93369   0.05448   0.13372   0.27140   0.87874   0.69258   0.00000   0.28268   0.85327   1.07455   1.19250   1.36518   1.12782   0.45870   0.41067   0.54155   0.22628   1.65066   0.46637   0.23795   0.03952   0.31412   0.09892   0.20451   0.19301   0.14345   1.51567   0.25619   2.27913   0.79800   1.90563  55.78488  55.21115   0.06800   1.00000  
 95 10.5046   7443.170713  x:  4.92026   0.11077   0.05852   0.43315   0.69925   0.94471   0.57522   0.94709   0.05419   0.12744   0.27327   0.82290   0.69273   0.00000   0.33004   0.77896   1.07482   1.18865   1.30315   1.11749   0.49116   0.42914   0.51088   0.21528   1.64395   0.47706   0.23423   0.04042   0.31127   0.10078   0.20655   0.19763   0.14830   1.56370   0.22656   2.35592   0.84369   1.92246  55.79301  55.20269   0.06864   1.00000  
 96  6.8878   7442.641403  x:  5.01919   0.09841   0.06387   0.44106   0.69131   0.90552   0.55408   0.91997   0.05919   0.12577   0.26809   0.85733   0.71118   0.00000   0.38012   0.76687   1.14550   1.17966   1.29154   1.07252   0.50772   0.41314   0.54425   0.20827   1.64181   0.48960   0.23246   0.04175   0.30611   0.10498   0.21389   0.20566   0.16073   1.55337   0.21212   2.37181   0.88871   1.89099  55.78678  55.20859   0.06963   1.00000  
 97  2.6389   7441.795830  x:  5.29914   0.12220   0.06720   0.48479   0.67307   0.87883   0.62126   0.92369   0.05947   0.12145   0.26832   0.88656   0.68114   0.00000   0.37781   0.75807   1.20167   1.14004   1.28158   1.05263   0.48917   0.44346   0.52264   0.24350   1.61471   0.45220   0.22263   0.04374   0.29487   0.11168   0.22174   0.21646   0.13248   1.48516   0.21670   2.31944   0.89563   1.90954  55.78603  55.20882   0.07104   1.00000  
 98  6.8709   7440.969694  x:  5.60470   0.10594   0.06917   0.47484   0.63121   0.88316   0.60909   0.90109   0.05376   0.10145   0.26548   0.81657   0.68813   0.00000   0.32641   0.75680   1.14817   1.09555   1.28792   1.10826   0.50633   0.42005   0.54396   0.22689   1.56397   0.46168   0.20507   0.04534   0.27927   0.11372   0.22246   0.22202   0.14369   1.42233   0.21407   2.22052   0.86177   1.90579  55.82293  55.17137   0.07226   1.00000  
 99  9.0965   7440.742150  x:  5.66512   0.11434   0.06808   0.46110   0.66468   0.89007   0.57119   0.89549   0.05593   0.09960   0.25790   0.81516   0.69121   0.00000   0.32254   0.79215   1.08825   1.10553   1.30348   1.09271   0.48892   0.44015   0.52458   0.22011   1.55212   0.46840   0.20112   0.04574   0.27469   0.11339   0.22272   0.22392   0.12968   1.41941   0.20773   2.18891   0.86241   1.89537  55.83505  55.15901   0.07283   1.00000  
100  4.3928   7440.637143  x:  5.66219   0.10812   0.06977   0.44336   0.67191   0.89214   0.58011   0.91648   0.05527   0.09985   0.25958   0.81876   0.68855   0.00000   0.32043   0.82142   1.04477   1.11935   1.30770   1.06472   0.50151   0.42887   0.53470   0.22759   1.54501   0.45819   0.20096   0.04608   0.27247   0.11392   0.22326   0.22407   0.13598   1.42565   0.20671   2.17252   0.87185   1.89936  55.83562  55.15825   0.07317   1.00000  
101  2.8656   7440.465659  x:  5.48905   0.10881   0.07028   0.47247   0.64012   0.87090   0.59489   0.90150   0.05255   0.09830   0.26638   0.82201   0.68234   0.00000   0.31768   0.87386   1.02857   1.15588   1.29449   1.09142   0.49921   0.42683   0.53352   0.22387   1.52607   0.46626   0.20046   0.04619   0.27155   0.11302   0.22258   0.22392   0.13005   1.44820   0.19305   2.14507   0.90035   1.89932  55.83292  55.16018   0.07416   1.00000  
102  1.4600   7440.116118  x:  5.05861   0.11097   0.06793   0.46555   0.64022   0.85160   0.61085   0.89590   0.05106   0.10118   0.23596   0.83109   0.73254   0.00000   0.28655   0.85327   1.04124   1.11117   1.30887   1.07272   0.49298   0.42813   0.52117   0.21979   1.50544   0.46755   0.19779   0.04645   0.26416   0.10935   0.21801   0.21925   0.12742   1.44186   0.18858   2.08807   0.90019   1.89140  55.83924  55.15199   0.07632   1.00000  
103  4.2046   7439.874026  x:  4.76172   0.11071   0.06644   0.44536   0.64780   0.84829   0.59731   0.89585   0.05073   0.09731   0.24849   0.82033   0.68620   0.00000   0.30894   0.83671   1.06415   1.06790   1.34125   1.06221   0.48407   0.41616   0.52187   0.21668   1.49510   0.46435   0.19423   0.04657   0.25872   0.10514   0.21446   0.21484   0.12450   1.42626   0.18497   2.05011   0.89224   1.89338  55.85190  55.13797   0.07789   1.00000  
104 11.5696   7439.786942  x:  4.77593   0.11029   0.06513   0.45710   0.63070   0.88515   0.56745   0.93051   0.05326   0.09908   0.24893   0.82575   0.68946   0.00000   0.32343   0.82543   1.06308   1.06319   1.31638   1.06673   0.48204   0.41707   0.51815   0.21809   1.49407   0.46415   0.19591   0.04655   0.25907   0.10447   0.21376   0.21328   0.12715   1.41938   0.18200   2.04604   0.90237   1.89565  55.84545  55.14369   0.07850   1.00000  
105  0.4456   7439.603218  x:  4.87542   0.10659   0.06092   0.43920   0.64394   0.87159   0.57751   0.90094   0.05713   0.09583   0.25433   0.82034   0.68274   0.00000   0.35198   0.78138   1.04735   1.09686   1.25249   1.05773   0.47688   0.41403   0.51373   0.21403   1.49939   0.46105   0.19685   0.04634   0.25830   0.10163   0.20977   0.20675   0.13339   1.42603   0.18797   2.03119   0.87996   1.89558  55.84445  55.14322   0.07971   1.00000  
106  1.3285   7439.586623  x:  4.88032   0.10641   0.06084   0.45005   0.63462   0.86422   0.57832   0.89850   0.05738   0.09803   0.25269   0.82001   0.68122   0.00000   0.35356   0.77035   1.03446   1.09891   1.26781   1.05452   0.47588   0.41380   0.51346   0.21413   1.51269   0.46048   0.19764   0.04627   0.25894   0.10158   0.20981   0.20662   0.13373   1.42734   0.18692   2.03637   0.88063   1.89491  55.84337  55.14404   0.07984   1.00000  
107  0.6138   7439.509963  x:  4.86734   0.10695   0.06219   0.44555   0.64419   0.86003   0.57302   0.90592   0.05418   0.10419   0.25314   0.81157   0.67920   0.00000   0.32527   0.78292   1.04948   1.11255   1.29230   1.05630   0.47702   0.41440   0.51614   0.21777   1.49784   0.45940   0.20235   0.04571   0.26523   0.10425   0.21088   0.20721   0.13408   1.41989   0.18316   2.07547   0.88003   1.89470  55.83652  55.14957   0.08075   1.00000  
108  0.1610   7439.494456  x:  4.86200   0.10717   0.06260   0.44417   0.64506   0.86791   0.57852   0.89523   0.05312   0.10555   0.25306   0.81082   0.67842   0.00000   0.32449   0.79585   1.04663   1.09430   1.28552   1.05531   0.47713   0.41386   0.51686   0.21686   1.50917   0.45994   0.20327   0.04558   0.26681   0.10464   0.21116   0.20744   0.13366   1.42063   0.18079   2.08142   0.88326   1.89487  55.83489  55.15092   0.08091   1.00000  
109  0.7440   7439.492194  x:  4.85788   0.10725   0.06253   0.44530   0.64490   0.86087   0.57621   0.89941   0.05260   0.10535   0.25309   0.80963   0.67836   0.00000   0.32537   0.79769   1.04587   1.09053   1.28050   1.05502   0.47671   0.41394   0.51688   0.21661   1.51157   0.45988   0.20319   0.04555   0.26704   0.10461   0.21111   0.20753   0.13315   1.42090   0.18128   2.07785   0.88047   1.89401  55.83523  55.15052   0.08094   1.00000  
110  0.2007   7439.481819  x:  4.82203   0.10790   0.06358   0.44628   0.64491   0.86192   0.57665   0.89599   0.05080   0.10627   0.25335   0.81059   0.67879   0.00000   0.33139   0.78687   1.04121   1.09314   1.27344   1.05475   0.47843   0.41398   0.51798   0.21760   1.50564   0.45970   0.20356   0.04552   0.26854   0.10472   0.21183   0.20925   0.13097   1.41736   0.18117   2.05009   0.88085   1.89419  55.83450  55.15097   0.08123   1.00000  
111  0.1712   7439.480298  x:  4.82604   0.10770   0.06414   0.44723   0.64385   0.86046   0.57723   0.89503   0.05019   0.10667   0.25414   0.81125   0.67970   0.00000   0.33285   0.78663   1.04086   1.09078   1.27247   1.05470   0.47912   0.41456   0.51735   0.21781   1.50178   0.45922   0.20331   0.04556   0.26824   0.10418   0.21175   0.20914   0.13127   1.41628   0.18228   2.05406   0.88010   1.89429  55.83553  55.14989   0.08134   1.00000  
112  0.0108   7439.480152  x:  4.82403   0.10756   0.06410   0.44740   0.64342   0.86063   0.57698   0.89493   0.04985   0.10688   0.25427   0.81080   0.67949   0.00000   0.33276   0.78637   1.04121   1.09114   1.27224   1.05394   0.47894   0.41448   0.51696   0.21766   1.50220   0.45905   0.20304   0.04566   0.26797   0.10437   0.21171   0.20901   0.13144   1.41614   0.18196   2.05261   0.88026   1.89403  55.83601  55.14939   0.08136   1.00000  
113  0.0029   7439.480110  x:  4.82429   0.10755   0.06406   0.44735   0.64353   0.86093   0.57686   0.89504   0.04964   0.10684   0.25427   0.81081   0.67947   0.00000   0.33278   0.78628   1.04100   1.09148   1.27222   1.05394   0.47881   0.41458   0.51711   0.21771   1.50252   0.45913   0.20299   0.04578   0.26805   0.10423   0.21164   0.20904   0.13143   1.41626   0.18212   2.05313   0.88032   1.89409  55.83598  55.14943   0.08135   1.00000  
114  0.0006   7439.480086  x:  4.82578   0.10764   0.06413   0.44736   0.64357   0.86083   0.57689   0.89498   0.04964   0.10680   0.25431   0.81091   0.67960   0.00000   0.33287   0.78635   1.04104   1.09136   1.27229   1.05403   0.47878   0.41452   0.51705   0.21775   1.50245   0.45904   0.20294   0.04594   0.26804   0.10427   0.21170   0.20900   0.13150   1.41636   0.18206   2.05329   0.88023   1.89423  55.83587  55.14955   0.08134   1.00000  
115  0.0009   7439.480075  x:  4.82541   0.10758   0.06407   0.44743   0.64357   0.86081   0.57697   0.89502   0.04971   0.10685   0.25429   0.81093   0.67955   0.00000   0.33281   0.78640   1.04117   1.09135   1.27232   1.05407   0.47883   0.41457   0.51711   0.21775   1.50250   0.45906   0.20294   0.04603   0.26805   0.10426   0.21167   0.20904   0.13148   1.41634   0.18206   2.05311   0.88028   1.89411  55.83587  55.14955   0.08135   1.00000  
116  0.0004   7439.480075  x:  4.82500   0.10760   0.06408   0.44739   0.64354   0.86082   0.57694   0.89502   0.04972   0.10685   0.25427   0.81089   0.67953   0.00000   0.33279   0.78638   1.04111   1.09135   1.27230   1.05405   0.47885   0.41455   0.51708   0.21772   1.50246   0.45908   0.20291   0.04604   0.26805   0.10425   0.21168   0.20904   0.13144   1.41631   0.18207   2.05313   0.88025   1.89411  55.83590  55.14952   0.08135   1.00000  
117  0.0005   7439.480074  x:  4.82503   0.10760   0.06408   0.44739   0.64355   0.86082   0.57694   0.89502   0.04972   0.10684   0.25427   0.81089   0.67953   0.00000   0.33279   0.78638   1.04111   1.09134   1.27231   1.05405   0.47885   0.41455   0.51707   0.21773   1.50246   0.45908   0.20291   0.04604   0.26805   0.10425   0.21167   0.20904   0.13144   1.41632   0.18207   2.05312   0.88025   1.89412  55.83590  55.14952   0.08135   1.00000  
118  0.0000   7439.480074  x:  4.82502   0.10760   0.06408   0.44739   0.64355   0.86082   0.57694   0.89502   0.04972   0.10684   0.25427   0.81089   0.67953   0.00000   0.33279   0.78638   1.04111   1.09134   1.27231   1.05405   0.47885   0.41455   0.51707   0.21773   1.50246   0.45908   0.20291   0.04604   0.26806   0.10425   0.21167   0.20904   0.13144   1.41632   0.18207   2.05312   0.88025   1.89412  55.83590  55.14952   0.08135   1.00000  