

TREE # 1

  0  0.0000   9221.054590  x:  0.17444   0.02804   0.07307   0.00000   0.21220   0.15259   0.14764   0.15672   0.09176   0.01488   0.10164   0.09888   0.08304   0.02822   0.03654   0.11840   0.16638   0.13073   0.17006   0.12456   0.13600   0.08105   0.05011   0.02312   0.14692   0.15208   0.08109   0.04353   0.13235   0.02986   0.05286   0.04009   0.10565   0.11049   0.05181   0.16210   0.10351   2.00000   1.39835   0.16116   0.29812   1.40136  
  1 99.0000   8113.152949  x:  0.33903   0.14885   0.13456   0.32998   0.26364   0.21904   0.20684   0.22913   0.13431   0.10738   0.15907   0.22743   0.21451   0.09836   0.16526   0.18712   0.24344   0.24236   0.25614   0.23612   0.18673   0.18335   0.21546   0.13307   0.27015   0.19695   0.10896   0.05599   0.15041   0.08399   0.12681   0.14536   0.14721   0.24518   0.15103   0.28407   0.25688   1.99211   1.43201   0.12837   0.00000   1.40076  
  2 3554.4469   7960.448484  x:  0.52428   0.28479   0.20373   0.70129   0.32153   0.29382   0.27347   0.31064   0.18219   0.21146   0.22368   0.37209   0.36246   0.17729   0.31011   0.26446   0.33017   0.36800   0.35303   0.36167   0.24381   0.29847   0.40153   0.25679   0.40885   0.24744   0.14031   0.07000   0.17072   0.14488   0.21002   0.26379   0.19397   0.39676   0.26269   0.42134   0.42948   1.98323   1.46990   0.09147   0.00099   1.40009  
  3 19283.5350   7873.885244  x:  0.62614   0.26581   0.14727   0.68726   0.31635   0.31645   0.30554   0.36104   0.12075   0.15704   0.18657   0.38886   0.36606   0.13793   0.31546   0.29066   0.38052   0.43142   0.40105   0.38739   0.22309   0.27774   0.39212   0.21862   0.47812   0.24419   0.10110   0.00000   0.13872   0.06418   0.14052   0.18715   0.17719   0.43707   0.26602   0.49597   0.47695   1.98089   1.42455   0.13830   0.00098   1.39959  
  4 389.5490   7820.154452  x:  0.76684   0.22738   0.05643   0.65081   0.30442   0.34659   0.34089   0.42101   0.02380   0.07283   0.13350   0.40980   0.36853   0.07865   0.31569   0.31898   0.44145   0.50772   0.46225   0.42386   0.20243   0.24812   0.37487   0.15627   0.57444   0.23916   0.14111   0.11656   0.14519   0.02152   0.07541   0.09257   0.14021   0.49102   0.25797   0.59294   0.53243   1.97765   1.36417   0.20151   0.00096   1.39844  
  5 805.2836   7804.500230  x:  0.81035   0.20853   0.03190   0.62596   0.29878   0.35457   0.34789   0.43581   0.00000   0.05072   0.12110   0.41392   0.36783   0.06157   0.31112   0.32419   0.45697   0.52662   0.47874   0.43617   0.20462   0.23930   0.36551   0.13680   0.60255   0.23558   0.13844   0.11783   0.15501   0.06083   0.09503   0.09423   0.12220   0.50686   0.24741   0.62036   0.54335   1.97660   1.34407   0.22299   0.00096   1.39779  
  6 442.9284   7773.225586  x:  0.99771   0.10501   0.04926   0.46298   0.27219   0.38353   0.35284   0.47364   0.04827   0.05813   0.12495   0.42533   0.37476   0.03403   0.27633   0.32721   0.50100   0.57720   0.53456   0.50895   0.28688   0.22639   0.31781   0.10396   0.71757   0.23538   0.14719   0.14710   0.18355   0.00771   0.18783   0.18973   0.01355   0.58068   0.15577   0.72056   0.55529   1.97037   1.26071   0.31567   0.00094   1.39280  
  7 276.0842   7764.917413  x:  1.03969   0.09009   0.06481   0.41783   0.27293   0.39037   0.35076   0.47833   0.06941   0.07341   0.13655   0.42828   0.37944   0.03803   0.26862   0.32530   0.50752   0.58298   0.54564   0.52630   0.30451   0.23227   0.31148   0.10889   0.73900   0.24262   0.15060   0.14985   0.18759   0.02710   0.16858   0.18426   0.00000   0.60305   0.13346   0.74164   0.55318   1.96868   1.24182   0.33779   0.00093   1.39092  
  8 261.6106   7755.884134  x:  1.14115   0.13264   0.04640   0.27778   0.31867   0.41057   0.32397   0.46216   0.05336   0.07500   0.17632   0.44119   0.39889   0.05117   0.24601   0.30098   0.49771   0.55846   0.56061   0.56250   0.33748   0.28802   0.33071   0.14449   0.76139   0.27013   0.16403   0.14795   0.21399   0.02150   0.18829   0.17474   0.07648   0.68804   0.10312   0.78575   0.52989   1.96030   1.19340   0.40169   0.00092   1.38138  
  9 119.5197   7753.630242  x:  1.17707   0.10909   0.05419   0.26328   0.41150   0.42545   0.32317   0.45449   0.03989   0.05837   0.18616   0.44987   0.41468   0.05334   0.25582   0.30282   0.48979   0.53245   0.56143   0.56578   0.33715   0.29943   0.34966   0.15401   0.73517   0.26659   0.16218   0.15446   0.19552   0.02285   0.18353   0.19136   0.06197   0.71014   0.11067   0.79249   0.51596   1.95685   1.16334   0.44965   0.00092   1.36998  
 10 39.1645   7752.781250  x:  1.19591   0.10608   0.05454   0.25164   0.45178   0.42619   0.33511   0.46379   0.05000   0.07375   0.18670   0.44924   0.42089   0.05937   0.27145   0.32192   0.49769   0.53049   0.56267   0.56500   0.33553   0.28531   0.34755   0.15356   0.71495   0.26291   0.16342   0.15448   0.21713   0.02056   0.19687   0.17910   0.06169   0.71745   0.13795   0.79640   0.51576   1.95261   1.16114   0.47205   0.00092   1.35702  
 11 23.2452   7751.852816  x:  1.21586   0.12576   0.05334   0.24664   0.45940   0.41342   0.34861   0.47919   0.06202   0.06721   0.17632   0.45170   0.42734   0.04766   0.28676   0.34963   0.51568   0.54565   0.56208   0.56015   0.34051   0.28593   0.35654   0.16676   0.69976   0.27738   0.17979   0.15423   0.21141   0.02477   0.18770   0.20565   0.06329   0.72432   0.16140   0.79807   0.51671   1.94712   1.17105   0.51251   0.00091   1.32417  
 12 13.3316   7748.914876  x:  1.26098   0.15640   0.02796   0.30536   0.43645   0.38379   0.35982   0.49781   0.06135   0.07149   0.20575   0.49526   0.46422   0.05998   0.32691   0.39325   0.54536   0.57977   0.55964   0.57515   0.36470   0.33018   0.40816   0.18739   0.68874   0.30172   0.18169   0.16198   0.20266   0.02520   0.21174   0.19056   0.01945   0.73699   0.17068   0.79564   0.52405   1.93942   1.20253   0.67938   0.00090   1.19353  
 13 26.6912   7744.860608  x:  1.31411   0.20041   0.09356   0.41865   0.42425   0.40593   0.37433   0.50995   0.03409   0.04685   0.22136   0.53449   0.49444   0.07251   0.35287   0.39631   0.54645   0.60260   0.56485   0.61316   0.37033   0.33481   0.42518   0.20923   0.73459   0.30611   0.16814   0.17199   0.24987   0.02534   0.21585   0.20194   0.01789   0.77800   0.17642   0.81585   0.57320   1.93571   1.26882   0.90294   0.00089   1.00000  
 14 58.3418   7741.828310  x:  1.33638   0.20282   0.05859   0.50676   0.44403   0.46873   0.39468   0.52016   0.01697   0.09998   0.24409   0.55112   0.51124   0.09063   0.36587   0.37921   0.53712   0.61553   0.58562   0.65341   0.38248   0.33088   0.41966   0.20981   0.80259   0.29453   0.18921   0.17570   0.22587   0.03132   0.20664   0.23996   0.04394   0.82163   0.18381   0.85186   0.63146   1.94802   1.36217   1.06690   0.00087   1.00000  
 15 54.0810   7740.777982  x:  1.32285   0.17635   0.04513   0.53590   0.46446   0.49736   0.39436   0.51908   0.04554   0.09398   0.21401   0.53778   0.51065   0.07517   0.36873   0.37259   0.54379   0.62516   0.61271   0.65710   0.39187   0.35278   0.43382   0.24102   0.83075   0.30097   0.20055   0.17159   0.23009   0.03242   0.22092   0.22390   0.05523   0.84520   0.17462   0.87311   0.64451   1.96747   1.40700   1.12081   0.00087   1.00000  
 16 23.3168   7739.984495  x:  1.29728   0.15926   0.03183   0.54387   0.45828   0.49381   0.38300   0.51962   0.04936   0.10805   0.19141   0.53649   0.52579   0.08518   0.38529   0.36854   0.56692   0.63224   0.65351   0.65830   0.37614   0.35489   0.44236   0.26002   0.83236   0.28091   0.19038   0.17604   0.24850   0.03141   0.21054   0.24079   0.06884   0.87077   0.16395   0.89528   0.63771   1.99725   1.43207   1.19399   0.00087   1.00000  
 17 12.4511   7739.003892  x:  1.27745   0.15478   0.05734   0.53493   0.45447   0.48664   0.39403   0.54346   0.04066   0.11887   0.18160   0.54975   0.54353   0.08815   0.39183   0.35723   0.59173   0.63611   0.68978   0.65659   0.35846   0.34409   0.43987   0.26949   0.83414   0.27640   0.19137   0.18403   0.21637   0.03510   0.23204   0.23078   0.08017   0.89888   0.15716   0.92422   0.62551   2.02184   1.48986   1.27822   0.00086   1.00000  
 18 17.6771   7735.107875  x:  1.26430   0.14110   0.06902   0.50632   0.47534   0.47671   0.44776   0.61783   0.00738   0.12040   0.21160   0.62300   0.56990   0.05387   0.37061   0.31473   0.63809   0.63174   0.73627   0.65239   0.39177   0.34789   0.44940   0.24337   0.85029   0.31460   0.20485   0.16476   0.26282   0.03089   0.21188   0.23375   0.03916   0.96025   0.16444   1.00990   0.59429   2.05484   1.79643   1.58678   0.00085   1.00000  
 19 25.4131   7724.155105  x:  1.34059   0.17473   0.06927   0.48551   0.49566   0.47009   0.43220   0.62211   0.05416   0.10219   0.20310   0.65561   0.53454   0.04724   0.34907   0.30959   0.67596   0.64687   0.75640   0.69704   0.44924   0.33956   0.43678   0.16002   0.90174   0.33844   0.19618   0.16192   0.25242   0.04375   0.20186   0.21495   0.00000   1.02786   0.22578   1.12588   0.61062   2.06203   2.31068   2.24138   0.00084   1.00000  
 20 84.6341   7710.454683  x:  1.56672   0.12130   0.08477   0.39796   0.51107   0.53042   0.43423   0.60400   0.00000   0.08014   0.23179   0.61870   0.52173   0.10887   0.39409   0.43649   0.71472   0.72915   0.78319   0.77824   0.37181   0.34763   0.40699   0.19267   1.00223   0.39130   0.24014   0.12570   0.26316   0.04582   0.19401   0.20563   0.00000   1.04525   0.19559   1.20129   0.65070   1.99498   3.20612   3.20645   0.00082   1.00000  
 21 148.3380   7704.838695  x:  1.73210   0.12921   0.07107   0.37571   0.50927   0.58222   0.48560   0.64830   0.02427   0.11588   0.25107   0.57219   0.59212   0.01668   0.38213   0.47212   0.68938   0.76671   0.77240   0.74921   0.32238   0.34703   0.42717   0.22463   1.03398   0.32638   0.19862   0.13961   0.26791   0.05164   0.19025   0.19704   0.00000   1.03202   0.12032   1.18478   0.68256   1.96262   3.60092   3.66537   0.00081   1.00000  
 22 103.3091   7703.561767  x:  1.82046   0.12619   0.05932   0.36592   0.49989   0.58505   0.49429   0.68632   0.02291   0.10377   0.20755   0.57848   0.61538   0.05817   0.38382   0.43738   0.67101   0.76132   0.79106   0.72422   0.36292   0.33360   0.43017   0.25296   1.01923   0.29237   0.20017   0.13589   0.26351   0.05395   0.18400   0.18956   0.00000   1.01454   0.10656   1.14982   0.71435   1.98597   3.71273   3.76310   0.00081   1.00000  
 23 24.3293   7703.136428  x:  1.85300   0.12537   0.05827   0.36914   0.50077   0.57769   0.47878   0.68755   0.01875   0.11456   0.20075   0.58307   0.61396   0.05280   0.37825   0.41942   0.67099   0.76341   0.80239   0.71209   0.35835   0.32996   0.42586   0.26203   1.01601   0.29856   0.20457   0.13267   0.26402   0.05390   0.18456   0.18792   0.04065   1.01013   0.11151   1.13922   0.72362   2.00077   3.74062   3.78934   0.00081   1.00000  
 24 17.4545   7702.754519  x:  1.90558   0.10346   0.06040   0.38376   0.50301   0.56005   0.45998   0.69198   0.01908   0.12624   0.19816   0.59677   0.60159   0.04448   0.37197   0.39677   0.68050   0.77003   0.81619   0.70012   0.35016   0.32980   0.42169   0.25754   1.00595   0.31297   0.20883   0.12960   0.26522   0.05422   0.18483   0.18803   0.03251   0.99847   0.10934   1.12054   0.72569   2.02188   3.77126   3.81468   0.00081   1.00000  
 25 11.6655   7702.467967  x:  1.93593   0.09961   0.06219   0.38763   0.50654   0.55777   0.46289   0.69303   0.02947   0.11966   0.20332   0.59784   0.58566   0.04667   0.37417   0.38842   0.69759   0.77227   0.83284   0.70972   0.33983   0.34147   0.42685   0.23790   1.00127   0.31067   0.19426   0.13549   0.26358   0.05517   0.18300   0.19109   0.04451   0.99435   0.10676   1.11797   0.70902   2.02990   3.80386   3.82162   0.00080   1.00000  
 26  6.8145   7701.253744  x:  2.01793   0.09455   0.05879   0.42649   0.47749   0.57676   0.50329   0.67034   0.03412   0.11603   0.21435   0.57161   0.57088   0.02396   0.38987   0.36967   0.73631   0.74085   0.86868   0.76380   0.35871   0.32532   0.43183   0.23473   1.00127   0.31226   0.22459   0.11514   0.26215   0.05862   0.18023   0.18251   0.05420   0.98835   0.12694   1.14444   0.64143   2.03815   3.90202   3.96331   0.00080   1.00000  
 27  6.7543   7698.279496  x:  2.13378   0.07739   0.05847   0.41298   0.45594   0.60362   0.52036   0.63591   0.02781   0.13187   0.18633   0.59806   0.59743   0.00000   0.39949   0.38507   0.77764   0.71584   0.89171   0.79530   0.38355   0.34405   0.42831   0.23940   1.04031   0.35885   0.16709   0.12634   0.24905   0.06758   0.17386   0.17877   0.02690   1.00951   0.19215   1.23644   0.66947   2.03940   4.18297   4.29542   0.00079   1.00000  
 28 19.7340   7693.417558  x:  2.24317   0.11758   0.05534   0.41015   0.49009   0.61829   0.50811   0.64135   0.05935   0.12606   0.16795   0.64954   0.61208   0.01065   0.39299   0.42065   0.81217   0.74522   0.90507   0.80446   0.37217   0.36303   0.42561   0.19140   1.09280   0.36743   0.20928   0.09022   0.25181   0.07562   0.17284   0.17048   0.00000   1.06174   0.17431   1.34506   0.72596   2.04743   4.51350   4.72754   0.00078   1.00000  
 29 68.9810   7691.414384  x:  2.27719   0.12084   0.04051   0.42100   0.52941   0.60078   0.49856   0.71451   0.06168   0.10887   0.22185   0.62015   0.55333   0.03747   0.38134   0.43729   0.81350   0.81823   0.90670   0.81139   0.40416   0.32129   0.45314   0.20915   1.13146   0.40566   0.18625   0.09471   0.24994   0.08088   0.17275   0.17251   0.00254   1.11587   0.15854   1.39276   0.76275   2.04427   4.68041   4.99309   0.00078   1.00000  
 30 37.9058   7691.071651  x:  2.27591   0.10441   0.05557   0.41699   0.53176   0.59145   0.49397   0.73401   0.04685   0.11472   0.22710   0.60410   0.54539   0.03425   0.38377   0.43844   0.80584   0.84633   0.90583   0.81953   0.42019   0.34220   0.46509   0.19723   1.13804   0.39173   0.19476   0.09011   0.25009   0.08192   0.17184   0.17163   0.00979   1.12719   0.17351   1.39313   0.77187   2.03534   4.70288   5.03794   0.00078   1.00000  
 31 13.4781   7690.911355  x:  2.27068   0.09204   0.05283   0.41692   0.53735   0.58467   0.49000   0.74152   0.05374   0.10456   0.22981   0.61368   0.56653   0.03083   0.39011   0.43290   0.79415   0.87340   0.90373   0.83992   0.42436   0.34486   0.45013   0.19450   1.14628   0.39230   0.19581   0.08859   0.24979   0.08292   0.17110   0.17110   0.01880   1.13281   0.18277   1.38174   0.76346   2.02377   4.71287   5.05790   0.00077   1.00000  
 32  5.0523   7690.782528  x:  2.27347   0.10077   0.05341   0.41420   0.54780   0.58982   0.49777   0.74639   0.04949   0.11632   0.20948   0.62119   0.56597   0.03079   0.39895   0.42520   0.78872   0.89177   0.90135   0.85465   0.42520   0.34833   0.45061   0.18963   1.15932   0.40453   0.19226   0.08818   0.25176   0.08320   0.17131   0.17236   0.01825   1.12868   0.17933   1.37058   0.75344   2.02422   4.72886   5.09144   0.00078   1.00000  
 33  3.0574   7690.208292  x:  2.31129   0.11448   0.05677   0.38347   0.55378   0.61512   0.50677   0.73498   0.06192   0.10717   0.22417   0.64839   0.57068   0.02471   0.43145   0.40397   0.80110   0.92016   0.92018   0.85910   0.41318   0.33419   0.48994   0.18276   1.20861   0.40390   0.20404   0.07488   0.25246   0.08592   0.17421   0.17497   0.00325   1.11830   0.20002   1.36064   0.77660   2.04764   4.83847   5.24526   0.00077   1.00000  
 34  4.2817   7689.685106  x:  2.33537   0.12132   0.05695   0.38629   0.55804   0.61840   0.50802   0.73464   0.06010   0.10634   0.22728   0.65108   0.57316   0.02323   0.43529   0.40897   0.81496   0.92238   0.92697   0.85685   0.41812   0.34072   0.47920   0.18286   1.21676   0.40214   0.20556   0.07020   0.25194   0.08715   0.17492   0.17568   0.00000   1.12700   0.19550   1.36918   0.78564   2.04857   4.89584   5.31628   0.00077   1.00000  
 35 15.1868   7688.482896  x:  2.44721   0.10694   0.04949   0.40753   0.54513   0.60782   0.51580   0.76167   0.07288   0.11116   0.19729   0.66122   0.59887   0.04499   0.38359   0.43345   0.82679   0.90411   0.91687   0.89126   0.37786   0.34300   0.50918   0.17069   1.21909   0.41928   0.22210   0.04463   0.25258   0.09089   0.17918   0.18417   0.00448   1.17814   0.18176   1.45651   0.81832   2.02347   5.13448   5.59881   0.00077   1.00000  
 36 27.8676   7688.291142  x:  2.46758   0.10510   0.05430   0.41048   0.54287   0.61301   0.50160   0.75841   0.06741   0.11448   0.19371   0.67996   0.59716   0.03662   0.38864   0.46104   0.79942   0.91587   0.92280   0.89197   0.39060   0.33043   0.51923   0.16846   1.20949   0.41523   0.22200   0.04139   0.25084   0.09189   0.17866   0.18336   0.01016   1.17089   0.16969   1.49678   0.80679   2.03096   5.17615   5.63177   0.00077   1.00000  
 37  5.8929   7688.197967  x:  2.47903   0.10553   0.05391   0.41279   0.53931   0.61714   0.50878   0.76384   0.07093   0.11116   0.19922   0.68099   0.59447   0.04156   0.39266   0.46297   0.77863   0.92552   0.92224   0.88560   0.38503   0.34385   0.50834   0.17201   1.20406   0.41780   0.22228   0.04085   0.25186   0.09231   0.18004   0.18553   0.01094   1.15456   0.17322   1.52703   0.80376   2.04590   5.18934   5.65688   0.00077   1.00000  
 38  3.5804   7688.010665  x:  2.50118   0.11304   0.05658   0.41444   0.55142   0.61182   0.50464   0.75183   0.06454   0.10984   0.20177   0.65745   0.61977   0.04901   0.39675   0.44168   0.79749   0.95307   0.90732   0.87644   0.39327   0.34306   0.50645   0.17034   1.20359   0.41983   0.22063   0.03885   0.25151   0.09291   0.18165   0.18636   0.00747   1.13656   0.16561   1.56361   0.80445   2.04920   5.23297   5.69630   0.00077   1.00000  
 39  1.6383   7687.269265  x:  2.56441   0.11443   0.05334   0.41788   0.55827   0.60852   0.52254   0.74217   0.06421   0.11165   0.20371   0.69612   0.58650   0.03673   0.43437   0.42181   0.84614   0.96527   0.88218   0.86689   0.39878   0.35721   0.47936   0.20459   1.21683   0.38889   0.21823   0.02949   0.24823   0.09618   0.18918   0.18851   0.01138   1.16541   0.14146   1.58692   0.83379   2.01646   5.37661   5.86203   0.00078   1.00000  
 40  3.7016   7686.540630  x:  2.62434   0.13261   0.05752   0.42540   0.55752   0.63083   0.51650   0.76273   0.06211   0.10437   0.21641   0.67897   0.61030   0.02946   0.43937   0.46755   0.85499   0.94238   0.93700   0.86792   0.41220   0.37248   0.45430   0.17685   1.23596   0.41989   0.21410   0.01834   0.24728   0.09862   0.19514   0.19273   0.00412   1.20799   0.12865   1.54836   0.86757   2.03990   5.51912   6.03644   0.00078   1.00000  
 41  9.9016   7686.463191  x:  2.62943   0.13717   0.05791   0.42609   0.56197   0.63186   0.51453   0.76474   0.05968   0.10481   0.21729   0.68242   0.61099   0.03160   0.41806   0.47666   0.85994   0.94508   0.94544   0.87163   0.41351   0.37469   0.45218   0.18452   1.24311   0.41208   0.21328   0.01829   0.24713   0.09902   0.19559   0.19287   0.00000   1.20275   0.13543   1.54319   0.86396   2.04380   5.53093   6.05053   0.00078   1.00000  
 42  3.6521   7686.430003  x:  2.62703   0.13358   0.05925   0.42876   0.56302   0.63291   0.51989   0.76185   0.06062   0.10531   0.21721   0.68660   0.61275   0.03787   0.41167   0.48230   0.86351   0.94267   0.95291   0.85861   0.41701   0.37535   0.45413   0.18092   1.25078   0.41595   0.21294   0.01938   0.24768   0.09925   0.19625   0.19448   0.00000   1.19407   0.13423   1.54215   0.86163   2.03201   5.52147   6.05076   0.00078   1.00000  
 43  0.6384   7686.378756  x:  2.62841   0.13399   0.05967   0.43020   0.56478   0.62920   0.52131   0.76193   0.06072   0.10589   0.21756   0.68734   0.61369   0.03884   0.40931   0.48537   0.86370   0.93908   0.95909   0.85565   0.41863   0.37619   0.45440   0.18152   1.25434   0.41639   0.21124   0.02132   0.24783   0.09935   0.19711   0.19583   0.02007   1.18954   0.13272   1.54099   0.86299   2.02658   5.51752   6.04929   0.00079   1.00000  
 44  0.8590   7685.916067  x:  2.64626   0.14174   0.06227   0.43397   0.57655   0.59793   0.52025   0.77464   0.05570   0.10649   0.22529   0.68379   0.61997   0.02232   0.40913   0.51247   0.87098   0.90813   0.95465   0.89088   0.42788   0.38298   0.44927   0.20010   1.25555   0.40714   0.19393   0.03904   0.24763   0.09928   0.20387   0.20423   0.00000   1.17646   0.11370   1.52618   0.89440   2.05477   5.49863   6.02326   0.00081   1.00000  
 45  1.7465   7685.916067  x:  2.64626   0.14174   0.06227   0.43397   0.57655   0.59793   0.52025   0.77464   0.05570   0.10649   0.22529   0.68379   0.61997   0.02232   0.40913   0.51247   0.87098   0.90813   0.95465   0.89088   0.42788   0.38298   0.44927   0.20010   1.25555   0.40714   0.19393   0.03904   0.24763   0.09928   0.20387   0.20423   0.00000   1.17646   0.11370   1.52618   0.89440   2.05477   5.49863   6.02326   0.00081   1.00000  
 46  2.9726   7533.720639  x:  2.64627   0.14174   0.06227   0.43397   0.57655   0.59793   0.52025   0.77464   0.05570   0.10649   0.22529   0.68379   0.61997   0.02233   0.40913   0.51247   0.87097   0.90813   0.95465   0.89088   0.42788   0.38298   0.44927   0.20010   1.25555   0.40714   0.19394   0.03903   0.24764   0.09929   0.20387   0.20423   0.00001   1.17647   0.11371   1.52618   0.89440   2.05476   5.49863   6.02326   0.07088   1.00000  
 47 26583.7358   7488.770690  x:  2.67405   0.22119   0.12497   0.48274   0.62768   0.65617   0.57477   0.82390   0.12822   0.17847   0.28691   0.73962   0.67076   0.10818   0.45936   0.56133   0.91341   0.95635   1.00085   0.93977   0.48584   0.44058   0.51530   0.25304   1.29844   0.46315   0.27312   0.11432   0.31932   0.17147   0.26277   0.26378   0.62150   1.22431   0.18371   1.56355   0.94167   2.00521   5.76791   5.75406   0.07964   1.00000  
 48 290.1575   7469.093549  x:  2.70220   0.18321   0.09093   0.49828   0.65053   0.70324   0.61187   0.86036   0.09407   0.14522   0.28929   0.77812   0.69206   0.09170   0.47614   0.59603   0.94802   0.99762   1.03822   0.96538   0.50380   0.45961   0.54026   0.23895   1.33354   0.46657   0.21317   0.00901   0.28921   0.09152   0.22972   0.22969   0.63298   1.24343   0.19962   1.59623   0.96202   1.96522   5.91808   5.60397   0.08074   1.00000  
 49 110.0405   7459.137902  x:  2.73823   0.12428   0.04629   0.50876   0.66906   0.75342   0.64577   0.89593   0.04377   0.09424   0.28177   0.81528   0.70912   0.05675   0.48790   0.63338   0.98497   1.04217   1.07881   0.99096   0.51621   0.46838   0.55654   0.21659   1.37360   0.46587   0.19041   0.09027   0.26413   0.06273   0.19842   0.19759   0.58753   1.26113   0.20896   1.63451   0.97976   1.92117   6.07671   5.44542   0.08160   1.00000  
 50 184.4397   7456.599504  x:  2.75915   0.09799   0.04977   0.50657   0.67005   0.77063   0.64948   0.90346   0.03641   0.07631   0.27418   0.82370   0.70964   0.03622   0.48659   0.64752   0.99734   1.05786   1.09406   1.00038   0.51571   0.45937   0.55129   0.21076   1.39045   0.46240   0.18595   0.07926   0.26836   0.12583   0.20736   0.20960   0.56174   1.26719   0.20581   1.65240   0.98218   1.90404   6.12567   5.39651   0.08181   1.00000  
 51 81.3142   7455.022850  x:  2.81391   0.06512   0.10324   0.48530   0.65498   0.79209   0.62875   0.89795   0.07586   0.07723   0.25674   0.82107   0.69491   0.00000   0.46943   0.66941   1.01100   1.07740   1.11785   1.01702   0.50366   0.41746   0.51589   0.21217   1.42037   0.45271   0.21297   0.07574   0.26916   0.10785   0.22255   0.22257   0.54960   1.27702   0.18660   1.69047   0.97399   1.87813   6.15632   5.36595   0.08193   1.00000  
 52 30.4327   7453.361166  x:  2.91480   0.03966   0.09859   0.43872   0.62263   0.82097   0.58412   0.88046   0.04837   0.09955   0.23577   0.81301   0.66266   0.00000   0.43407   0.70023   1.02631   1.09836   1.15572   1.04059   0.48143   0.36786   0.47427   0.19034   1.46142   0.42363   0.21638   0.07176   0.27097   0.11082   0.20568   0.20378   0.57714   1.29186   0.15987   1.75668   0.95323   1.85039   6.16304   5.35943   0.08203   1.00000  
 53 28.8822   7452.133615  x:  3.04440   0.05458   0.07622   0.41112   0.60304   0.85019   0.53925   0.86210   0.06010   0.11410   0.23300   0.80320   0.63480   0.00000   0.38134   0.72635   1.03321   1.10669   1.19287   1.05337   0.47543   0.39097   0.48952   0.18869   1.50014   0.40902   0.18626   0.07950   0.25374   0.10750   0.22919   0.22868   0.57336   1.30623   0.13734   1.83263   0.91830   1.84393   6.16575   5.35697   0.08210   1.00000  
 54 24.6560   7450.842107  x:  3.21511   0.06902   0.07960   0.40743   0.60200   0.88306   0.50553   0.85131   0.07579   0.11560   0.24445   0.79446   0.61861   0.00000   0.31432   0.75249   1.03466   1.10480   1.23599   1.05831   0.47577   0.43109   0.51831   0.21587   1.53840   0.41876   0.19760   0.07709   0.26998   0.11900   0.19988   0.20268   0.55270   1.32411   0.13177   1.92504   0.87346   1.85445   6.16254   5.36053   0.08214   1.00000  
 55 36.8283   7449.255518  x:  3.45122   0.05860   0.07917   0.43198   0.62549   0.91744   0.51095   0.86550   0.03249   0.09593   0.27035   0.79395   0.63089   0.00000   0.24115   0.78258   1.03111   1.08803   1.29136   1.05275   0.47344   0.43800   0.52295   0.24117   1.56786   0.44209   0.22699   0.07116   0.28177   0.10984   0.22407   0.21924   0.53119   1.34880   0.16859   2.04151   0.82500   1.88797   6.14103   5.38254   0.08218   1.00000  
 56 36.2166   7447.758406  x:  3.71861   0.03995   0.07015   0.46818   0.65807   0.94225   0.55368   0.90150   0.06227   0.10855   0.30153   0.80537   0.66948   0.00000   0.19914   0.82339   1.03222   1.06704   1.35221   1.04860   0.48306   0.41506   0.50517   0.23856   1.58237   0.45689   0.19941   0.08064   0.26328   0.12461   0.22028   0.21635   0.50689   1.37701   0.22026   2.16216   0.78773   1.92515   6.10639   5.41782   0.08221   1.00000  
 57 48.2648   7446.525015  x:  3.97685   0.09432   0.10436   0.47369   0.66244   0.93063   0.61148   0.94038   0.05354   0.11779   0.27300   0.82468   0.70560   0.00000   0.24521   0.87829   1.05241   1.05624   1.40545   1.05931   0.50639   0.42210   0.50989   0.20144   1.56671   0.45517   0.18794   0.08751   0.29335   0.12623   0.21312   0.23116   0.45980   1.40531   0.24191   2.25536   0.78556   1.93394   6.07545   5.44944   0.08223   1.00000  
 58 26.2866   7445.696689  x:  4.15137   0.08455   0.08467   0.46886   0.65759   0.90154   0.63925   0.95363   0.06368   0.11943   0.24513   0.84294   0.72333   0.00000   0.30180   0.91050   1.07444   1.05687   1.42622   1.07651   0.52326   0.44186   0.53109   0.19559   1.54524   0.46766   0.22632   0.08075   0.27733   0.13400   0.23864   0.21240   0.43222   1.42591   0.23903   2.30145   0.80809   1.92883   6.05130   5.47413   0.08221   1.00000  
 59 25.6101   7445.118138  x:  4.27792   0.05456   0.07368   0.47065   0.65886   0.86891   0.64158   0.94712   0.06280   0.11150   0.24342   0.85734   0.73082   0.00000   0.34444   0.91726   1.09368   1.06546   1.42008   1.09284   0.52526   0.44533   0.54637   0.22425   1.52704   0.48948   0.22150   0.08282   0.28328   0.13420   0.21773   0.24108   0.41410   1.44252   0.22023   2.31600   0.84407   1.91647   6.03637   5.48955   0.08219   1.00000  
 60 18.2944   7444.620834  x:  4.39328   0.05521   0.08095   0.48287   0.66981   0.84118   0.63485   0.93446   0.05273   0.10450   0.26237   0.86794   0.73371   0.00000   0.37191   0.90437   1.10965   1.08013   1.39466   1.10713   0.51652   0.43455   0.55075   0.25108   1.51373   0.50320   0.19642   0.08891   0.29142   0.13684   0.23698   0.22184   0.38989   1.45879   0.19459   2.31171   0.88795   1.90277   6.03280   5.49365   0.08217   1.00000  
 61 18.6006   7443.976962  x:  4.55035   0.09057   0.06334   0.50815   0.69252   0.82156   0.62941   0.92205   0.05330   0.09933   0.29433   0.87231   0.72779   0.00000   0.38592   0.85796   1.12276   1.10711   1.33239   1.11828   0.50229   0.41520   0.54320   0.24489   1.50475   0.48872   0.21794   0.08448   0.27765   0.14185   0.22775   0.22942   0.34593   1.47989   0.16413   2.27842   0.95202   1.89395   6.04400   5.48334   0.08211   1.00000  
 62 16.7574   7443.263731  x:  4.71537   0.06388   0.07109   0.51012   0.69350   0.82870   0.63703   0.92448   0.05633   0.08806   0.28039   0.85453   0.70311   0.00000   0.38497   0.78240   1.11752   1.13490   1.24493   1.11096   0.50782   0.43574   0.54117   0.21068   1.50810   0.46030   0.21030   0.08558   0.29175   0.14300   0.22852   0.22550   0.31063   1.49118   0.16462   2.20570   1.00337   1.90248   6.05694   5.47160   0.08203   1.00000  
 63 14.1747   7442.893386  x:  4.79835   0.06590   0.08396   0.49136   0.67732   0.84202   0.64013   0.92952   0.04233   0.10499   0.26835   0.84413   0.70082   0.00000   0.39544   0.74328   1.10502   1.14589   1.20795   1.09989   0.51271   0.44024   0.53200   0.22132   1.51760   0.47303   0.20661   0.08655   0.26588   0.14955   0.22220   0.22531   0.28292   1.48607   0.17383   2.15034   1.00658   1.90517   6.07096   5.45834   0.08197   1.00000  
 64 13.9362   7442.509081  x:  4.87841   0.07795   0.05941   0.46418   0.65504   0.86093   0.63770   0.93402   0.05005   0.10188   0.25891   0.83865   0.70867   0.00000   0.41610   0.70993   1.08419   1.15334   1.18484   1.08293   0.51143   0.42669   0.51698   0.23516   1.52921   0.49129   0.20364   0.08513   0.28135   0.14897   0.22519   0.22304   0.25089   1.46996   0.18282   2.08116   0.98566   1.90430   6.08873   5.44148   0.08190   1.00000  
 65 15.7331   7442.213469  x:  4.92999   0.07678   0.06530   0.45931   0.65453   0.87366   0.61935   0.92740   0.05015   0.07487   0.26472   0.84160   0.71759   0.00000   0.44030   0.70297   1.06143   1.15348   1.18995   1.06837   0.49937   0.41807   0.52540   0.22362   1.53076   0.48647   0.20110   0.08517   0.26918   0.15233   0.22102   0.22041   0.23522   1.44548   0.17675   2.01836   0.94238   1.89449   6.09754   5.43354   0.08184   1.00000  
 66  8.5644   7442.076730  x:  4.95036   0.06890   0.06566   0.46478   0.66182   0.87561   0.60763   0.92153   0.04688   0.09126   0.27144   0.84263   0.71781   0.00000   0.44964   0.70770   1.05039   1.15153   1.19702   1.06396   0.49486   0.41680   0.53120   0.21691   1.52744   0.48029   0.20317   0.08445   0.27408   0.15162   0.22259   0.22114   0.21961   1.43158   0.17613   1.98806   0.91960   1.88840   6.10509   5.42650   0.08181   1.00000  
 67 10.1394   7441.919137  x:  4.96059   0.07430   0.06096   0.48097   0.67831   0.86473   0.59749   0.91413   0.04729   0.09290   0.24806   0.83380   0.69307   0.00000   0.43949   0.73377   1.04108   1.14517   1.21233   1.06440   0.48740   0.41254   0.52563   0.22549   1.51471   0.47525   0.19949   0.08432   0.27116   0.15240   0.22131   0.22005   0.20416   1.41958   0.19353   1.96223   0.90634   1.87977   6.11409   5.41834   0.08177   1.00000  
 68  4.0425   7441.584387  x:  4.94901   0.07871   0.06252   0.45873   0.64914   0.81637   0.61121   0.91589   0.04610   0.08732   0.26442   0.82582   0.68470   0.00000   0.36073   0.80441   1.03055   1.11479   1.25547   1.06423   0.48461   0.41979   0.50950   0.23122   1.47779   0.45845   0.19808   0.08247   0.26781   0.15240   0.21796   0.21719   0.16931   1.41403   0.18967   1.94146   0.90929   1.88590   6.13529   5.39960   0.08167   1.00000  
 69  3.1427   7441.403558  x:  4.93064   0.08321   0.06262   0.46127   0.64827   0.82835   0.60697   0.90490   0.04539   0.09271   0.24448   0.82186   0.70300   0.00000   0.32165   0.82169   1.03854   1.10030   1.27078   1.05185   0.49455   0.40326   0.52545   0.21357   1.47264   0.48434   0.19700   0.08105   0.26828   0.15140   0.21740   0.21705   0.15312   1.41754   0.17109   1.95993   0.92116   1.88421   6.13638   5.40023   0.08161   1.00000  
 70  2.5937   7441.085905  x:  4.89035   0.09210   0.06537   0.45417   0.64776   0.88429   0.59044   0.88686   0.04834   0.09488   0.25590   0.82887   0.70599   0.00000   0.32563   0.82438   1.07264   1.09039   1.30166   1.04010   0.47725   0.42157   0.51574   0.20961   1.49781   0.48523   0.19908   0.07868   0.27043   0.14879   0.21737   0.21778   0.12366   1.42717   0.19638   2.02994   0.94581   1.87915   6.12202   5.41834   0.08150   1.00000  
 71  2.6485   7440.820590  x:  4.86431   0.09751   0.06328   0.45833   0.66013   0.91190   0.60230   0.90791   0.04553   0.09707   0.25585   0.83202   0.68567   0.00000   0.33581   0.81079   1.09133   1.09277   1.31392   1.05596   0.49005   0.42218   0.51073   0.23021   1.52734   0.46709   0.19975   0.07644   0.27134   0.14500   0.21846   0.21747   0.10981   1.43745   0.16862   2.08891   0.92120   1.89483   6.11113   5.43262   0.08143   1.00000  
 72  4.2729   7440.533102  x:  4.86232   0.10246   0.06555   0.44982   0.65593   0.87892   0.58709   0.93094   0.04720   0.10125   0.25216   0.82549   0.69191   0.00000   0.33226   0.78482   1.08316   1.11166   1.30802   1.08936   0.47643   0.40211   0.54487   0.22949   1.55450   0.45500   0.20025   0.07205   0.27173   0.13810   0.21645   0.21593   0.10222   1.45464   0.19662   2.14510   0.88194   1.89800   6.11061   5.43725   0.08135   1.00000  
 73  3.0094   7440.217775  x:  4.88740   0.10410   0.06407   0.46035   0.65343   0.83897   0.56016   0.92803   0.04635   0.10003   0.25062   0.81670   0.70200   0.00000   0.32930   0.77535   1.05540   1.13226   1.29939   1.08470   0.48774   0.42634   0.50562   0.20732   1.56168   0.47318   0.19895   0.06562   0.27112   0.12790   0.21351   0.21345   0.10927   1.46496   0.19759   2.18548   0.84004   1.88932   6.11704   5.43566   0.08130   1.00000  
 74  3.3257   7439.801219  x:  4.95702   0.10405   0.06241   0.45675   0.63384   0.85719   0.58247   0.90102   0.04719   0.10878   0.25594   0.79699   0.67506   0.00000   0.32641   0.80487   1.00748   1.13283   1.29293   1.03088   0.46247   0.41605   0.51830   0.21270   1.53332   0.46263   0.19934   0.05608   0.26977   0.11207   0.20989   0.20864   0.13102   1.43732   0.18365   2.19778   0.83870   1.89630   6.12903   5.43053   0.08126   1.00000  
 75  2.7002   7439.691516  x:  4.98138   0.10596   0.06371   0.44716   0.63480   0.87451   0.57071   0.88720   0.04641   0.10653   0.25651   0.81236   0.67685   0.00000   0.31620   0.81192   1.00818   1.11469   1.29431   1.04819   0.48934   0.40916   0.51867   0.21864   1.52185   0.45009   0.20030   0.05362   0.26920   0.10769   0.20936   0.20777   0.13634   1.42235   0.19110   2.18060   0.84650   1.90305   6.12941   5.43228   0.08125   1.00000  
 76  2.8538   7439.633193  x:  4.99679   0.10654   0.06382   0.43862   0.64506   0.88687   0.57048   0.89762   0.04773   0.10825   0.25450   0.81479   0.68034   0.00000   0.30313   0.81352   1.02770   1.09753   1.30046   1.07213   0.47556   0.41725   0.51509   0.21522   1.51875   0.45816   0.20064   0.05233   0.27021   0.10556   0.20922   0.20816   0.14080   1.41430   0.18673   2.15402   0.85017   1.90081   6.12598   5.43716   0.08124   1.00000  
 77  2.2353   7439.610657  x:  5.00322   0.10696   0.06357   0.43900   0.64594   0.88446   0.56626   0.90732   0.04775   0.10794   0.25953   0.80522   0.67742   0.00000   0.30050   0.81435   1.04860   1.09410   1.31179   1.06613   0.48207   0.41546   0.51797   0.21458   1.52712   0.45948   0.20139   0.05169   0.27055   0.10473   0.20962   0.20834   0.14184   1.41943   0.18786   2.13309   0.85477   1.89682   6.12297   5.44113   0.08124   1.00000  
 78  1.2187   7439.600201  x:  5.00535   0.10715   0.06364   0.44270   0.64456   0.88016   0.56550   0.90686   0.04791   0.10976   0.25450   0.81389   0.67985   0.00000   0.29859   0.81266   1.05478   1.09455   1.31834   1.05992   0.47887   0.41638   0.51814   0.21694   1.53457   0.45610   0.20153   0.05142   0.27067   0.10440   0.20981   0.20839   0.14211   1.42687   0.18643   2.12007   0.85814   1.90160   6.12221   5.44272   0.08123   1.00000  
 79  0.8032   7439.585509  x:  5.00510   0.10766   0.06362   0.44884   0.64013   0.87891   0.57597   0.89794   0.04823   0.10998   0.25541   0.81600   0.67714   0.00000   0.30034   0.80789   1.04616   1.09528   1.32326   1.06574   0.48007   0.41695   0.51930   0.21611   1.54016   0.45865   0.20210   0.05084   0.27092   0.10423   0.21040   0.20888   0.13990   1.43761   0.18584   2.10346   0.86431   1.89423   6.12050   5.44653   0.08121   1.00000  
 80  0.4217   7439.555364  x:  5.00092   0.10801   0.06399   0.44779   0.64458   0.87547   0.57564   0.89103   0.04885   0.10845   0.25605   0.80463   0.68163   0.00000   0.31426   0.81030   1.03952   1.10540   1.31048   1.07004   0.47912   0.41719   0.51784   0.21575   1.53114   0.46160   0.20259   0.04919   0.27017   0.10372   0.21122   0.20920   0.13480   1.43829   0.18338   2.08102   0.87642   1.90733   6.12438   5.44806   0.08116   1.00000  
 81  0.4889   7439.521540  x:  4.99468   0.10890   0.06415   0.44442   0.64993   0.86943   0.57523   0.89809   0.04974   0.10815   0.25517   0.81120   0.68371   0.00000   0.32097   0.80688   1.03737   1.10978   1.28336   1.05910   0.47998   0.41812   0.51735   0.22048   1.51281   0.45872   0.20395   0.04734   0.26930   0.10339   0.21225   0.20954   0.12983   1.42718   0.18213   2.06341   0.88478   1.89241   6.12730   5.45165   0.08110   1.00000  
 82  1.2800   7439.514588  x:  4.99161   0.10874   0.06475   0.44644   0.64589   0.86456   0.57416   0.89788   0.05027   0.10777   0.25601   0.81476   0.67625   0.00000   0.32531   0.79967   1.04050   1.10072   1.27971   1.05676   0.47914   0.41623   0.51731   0.21721   1.50760   0.46270   0.20381   0.04676   0.26871   0.10319   0.21215   0.20942   0.12898   1.42161   0.18208   2.06282   0.88528   1.89448   6.13122   5.44942   0.08109   1.00000  
 83  0.6786   7439.511790  x:  4.98842   0.10835   0.06443   0.44879   0.64371   0.86211   0.57524   0.89474   0.05022   0.10769   0.25427   0.81096   0.67881   0.00000   0.32727   0.79399   1.04349   1.09364   1.27902   1.05600   0.47822   0.41635   0.51643   0.21863   1.50514   0.45968   0.20364   0.04650   0.26829   0.10312   0.21204   0.20916   0.12910   1.41895   0.18140   2.06357   0.88451   1.89341   6.13378   5.44790   0.08108   1.00000  
 84  0.4966   7439.509345  x:  4.97393   0.10832   0.06455   0.44502   0.64676   0.86096   0.57952   0.88928   0.05032   0.10741   0.25460   0.81156   0.67834   0.00000   0.32792   0.79191   1.04821   1.09383   1.27713   1.05481   0.47876   0.41581   0.51664   0.21819   1.50308   0.46007   0.20356   0.04641   0.26815   0.10347   0.21207   0.20917   0.12963   1.42071   0.18250   2.06299   0.88043   1.89358   6.13532   5.44900   0.08108   1.00000  
 85  0.1300   7439.497071  x:  4.88681   0.10794   0.06403   0.44786   0.64410   0.86429   0.57791   0.89719   0.04990   0.10666   0.25451   0.81287   0.68080   0.00000   0.33482   0.78777   1.04512   1.09205   1.27443   1.05606   0.47982   0.41503   0.51739   0.21862   1.50143   0.45974   0.20306   0.04616   0.26790   0.10568   0.21245   0.20964   0.13300   1.42254   0.18188   2.06033   0.88211   1.89458   6.14113   5.45898   0.08104   1.00000  
 86  0.4379   7439.496526  x:  4.88223   0.10802   0.06404   0.44762   0.64488   0.86263   0.57900   0.89656   0.04984   0.10655   0.25454   0.81293   0.68108   0.00000   0.33474   0.78812   1.04475   1.09229   1.27423   1.05613   0.48016   0.41514   0.51739   0.21828   1.50505   0.45995   0.20308   0.04612   0.26796   0.10570   0.21245   0.20966   0.13319   1.41849   0.18177   2.06039   0.88323   1.89464   6.14152   5.45988   0.08104   1.00000  
 87  0.1744   7439.494594  x:  4.85491   0.10795   0.06410   0.44924   0.64183   0.86227   0.57819   0.89552   0.04969   0.10662   0.25444   0.81169   0.68047   0.00000   0.33209   0.78728   1.04376   1.09478   1.27421   1.05548   0.47947   0.41505   0.51681   0.21779   1.50303   0.45953   0.20289   0.04572   0.26831   0.10468   0.21192   0.20932   0.13209   1.41598   0.18259   2.05747   0.87982   1.89469   6.15000   5.46581   0.08103   1.00000  
 88  0.0416   7439.494079  x:  4.84747   0.10779   0.06410   0.44724   0.64380   0.86159   0.57725   0.89576   0.04968   0.10664   0.25430   0.81109   0.68004   0.00000   0.33215   0.78699   1.04142   1.09241   1.27423   1.05433   0.47926   0.41493   0.51662   0.21765   1.50350   0.45917   0.20281   0.04561   0.26835   0.10437   0.21175   0.20918   0.13172   1.41726   0.18236   2.05686   0.87977   1.89449   6.15292   5.46720   0.08103   1.00000  
 89  0.2650   7439.494039  x:  4.84679   0.10775   0.06409   0.44750   0.64352   0.86164   0.57722   0.89563   0.04966   0.10661   0.25436   0.81108   0.68004   0.00000   0.33229   0.78782   1.04156   1.09174   1.27322   1.05437   0.47916   0.41491   0.51662   0.21762   1.50401   0.45916   0.20280   0.04563   0.26834   0.10435   0.21173   0.20916   0.13169   1.41764   0.18241   2.05666   0.87948   1.89445   6.15353   5.46774   0.08103   1.00000  
 90  0.0313   7439.493593  x:  4.83864   0.10733   0.06409   0.44755   0.64366   0.86121   0.57668   0.89506   0.04973   0.10688   0.25425   0.81088   0.67942   0.00000   0.33202   0.78728   1.04171   1.09140   1.27320   1.05433   0.47874   0.41497   0.51648   0.21788   1.50308   0.45901   0.20284   0.04633   0.26792   0.10423   0.21161   0.20893   0.13161   1.41678   0.18230   2.05461   0.88024   1.89409   6.16612   5.47990   0.08106   1.00000  
 91  0.0204   7439.492337  x:  4.82720   0.10712   0.06347   0.44729   0.64373   0.86126   0.57791   0.89553   0.04949   0.10698   0.25424   0.81168   0.68024   0.00000   0.33479   0.78604   1.04183   1.09230   1.27187   1.05429   0.47921   0.41460   0.51666   0.21750   1.50253   0.45943   0.20334   0.04619   0.26794   0.10352   0.21157   0.20908   0.13187   1.41698   0.18178   2.05447   0.88137   1.89407   6.25370   5.56714   0.08129   1.00000  
 92  0.0155   7439.490966  x:  4.81406   0.10766   0.06442   0.44726   0.64334   0.86055   0.57705   0.89489   0.04966   0.10686   0.25414   0.81060   0.67951   0.00000   0.33296   0.78571   1.04060   1.09091   1.27144   1.05368   0.47898   0.41454   0.51639   0.21752   1.50185   0.45889   0.20275   0.04611   0.26813   0.10422   0.21168   0.20904   0.13132   1.41559   0.18189   2.05046   0.88036   1.89412   6.34903   5.66201   0.08150   1.00000  
 93  0.0665   7439.490773  x:  4.81241   0.10770   0.06384   0.44741   0.64347   0.86024   0.57656   0.89468   0.04981   0.10682   0.25437   0.81067   0.67935   0.00000   0.33280   0.78578   1.04058   1.09109   1.27166   1.05395   0.47864   0.41490   0.51661   0.21779   1.50183   0.45906   0.20299   0.04592   0.26794   0.10431   0.21165   0.20898   0.13119   1.41573   0.18205   2.05216   0.88017   1.89405   6.37791   5.69135   0.08153   1.00000  
 94  0.0254   7439.489514  x:  4.81313   0.10772   0.06406   0.44758   0.64372   0.86045   0.57677   0.89513   0.04981   0.10689   0.25441   0.81097   0.67959   0.00000   0.33373   0.78553   1.04107   1.09133   1.27179   1.05419   0.47859   0.41539   0.51683   0.21831   1.50228   0.45947   0.20303   0.04602   0.26835   0.10401   0.21157   0.20930   0.13130   1.41603   0.18212   2.05403   0.87992   1.89410   6.52671   5.84108   0.08154   1.00000  
 95  0.0264   7439.483442  x:  4.83488   0.10794   0.06460   0.44758   0.64432   0.86232   0.57842   0.89714   0.04946   0.10740   0.25455   0.81199   0.68059   0.00000   0.33595   0.78526   1.04310   1.09138   1.27281   1.05449   0.47877   0.41661   0.51782   0.21896   1.50395   0.46051   0.20324   0.04632   0.26923   0.10320   0.21136   0.20979   0.13142   1.41697   0.18240   2.05575   0.87951   1.89482   8.33438   7.65104   0.08135   1.00000  
 96  0.7296   7439.481125  x:  4.81947   0.10776   0.06406   0.44759   0.64358   0.86041   0.57673   0.89475   0.04978   0.10680   0.25430   0.81076   0.67941   0.00000   0.33266   0.78622   1.04088   1.09147   1.27191   1.05409   0.47883   0.41456   0.51698   0.21775   1.50222   0.45901   0.20284   0.04604   0.26804   0.10431   0.21172   0.20905   0.13142   1.41639   0.18206   2.05418   0.88040   1.89407   8.71265   8.02633   0.08140   1.00000  
 97  0.3253   7439.480698  x:  4.83018   0.10743   0.06398   0.44704   0.64335   0.86115   0.57694   0.89507   0.04968   0.10683   0.25419   0.81091   0.67955   0.00000   0.33261   0.78669   1.04107   1.09107   1.27281   1.05390   0.47887   0.41427   0.51709   0.21754   1.50254   0.45900   0.20297   0.04599   0.26789   0.10431   0.21164   0.20894   0.13140   1.41598   0.18202   2.05090   0.88004   1.89407   9.35380   8.66691   0.08130   1.00000  
 98  0.3652   7439.480353  x:  4.82490   0.10754   0.06425   0.44771   0.64377   0.86067   0.57712   0.89507   0.04969   0.10683   0.25434   0.81090   0.67949   0.00000   0.33268   0.78637   1.04131   1.09172   1.27197   1.05421   0.47889   0.41463   0.51708   0.21773   1.50251   0.45905   0.20283   0.04608   0.26818   0.10421   0.21175   0.20903   0.13162   1.41687   0.18214   2.05534   0.88067   1.89421  10.22458   9.53847   0.08133   1.00000  
 99  0.4371   7439.480195  x:  4.82379   0.10763   0.06400   0.44729   0.64345   0.86083   0.57681   0.89495   0.04975   0.10687   0.25427   0.81088   0.67957   0.00000   0.33287   0.78633   1.04097   1.09117   1.27241   1.05396   0.47882   0.41454   0.51706   0.21777   1.50240   0.45913   0.20294   0.04602   0.26801   0.10427   0.21163   0.20909   0.13135   1.41607   0.18204   2.05231   0.88005   1.89407  10.96044  10.27403   0.08137   1.00000  
100  0.5326   7439.480124  x:  4.82643   0.10756   0.06414   0.44743   0.64363   0.86085   0.57705   0.89512   0.04969   0.10683   0.25426   0.81091   0.67949   0.00000   0.33277   0.78642   1.04124   1.09147   1.27227   1.05414   0.47887   0.41456   0.51708   0.21768   1.50253   0.45903   0.20290   0.04604   0.26809   0.10422   0.21172   0.20897   0.13151   1.41648   0.18209   2.05354   0.88038   1.89416  11.94269  11.25629   0.08133   1.00000  
101  0.4997   7439.480095  x:  4.82432   0.10763   0.06405   0.44738   0.64351   0.86079   0.57689   0.89496   0.04973   0.10684   0.25429   0.81088   0.67956   0.00000   0.33278   0.78638   1.04104   1.09129   1.27233   1.05400   0.47885   0.41453   0.51707   0.21775   1.50241   0.45912   0.20290   0.04604   0.26804   0.10427   0.21164   0.20910   0.13141   1.41626   0.18205   2.05300   0.88021   1.89410  12.70256  12.01619   0.08136   1.00000  
102  0.4978   7439.480083  x:  4.82540   0.10758   0.06410   0.44739   0.64358   0.86085   0.57697   0.89507   0.04971   0.10685   0.25426   0.81090   0.67951   0.00000   0.33283   0.78636   1.04115   1.09137   1.27231   1.05409   0.47885   0.41457   0.51708   0.21772   1.50250   0.45906   0.20293   0.04603   0.26806   0.10424   0.21171   0.20898   0.13146   1.41634   0.18208   2.05313   0.88025   1.89414  13.65861  12.97223   0.08135   1.00000  
103  0.4999   7439.480078  x:  4.82501   0.10760   0.06408   0.44739   0.64354   0.86080   0.57694   0.89500   0.04972   0.10684   0.25428   0.81089   0.67954   0.00000   0.33277   0.78640   1.04111   1.09134   1.27231   1.05404   0.47885   0.41454   0.51707   0.21773   1.50244   0.45909   0.20290   0.04604   0.26806   0.10425   0.21165   0.20907   0.13144   1.41633   0.18206   2.05316   0.88028   1.89412  14.39958  13.71320   0.08135   1.00000  
104  0.5124   7439.480076  x:  4.82488   0.10760   0.06408   0.44738   0.64354   0.86083   0.57693   0.89502   0.04972   0.10685   0.25427   0.81089   0.67954   0.00000   0.33281   0.78637   1.04109   1.09133   1.27232   1.05405   0.47885   0.41455   0.51708   0.21773   1.50247   0.45909   0.20292   0.04603   0.26805   0.10425   0.21169   0.20902   0.13144   1.41630   0.18207   2.05308   0.88022   1.89412  15.32069  14.63432   0.08135   1.00000  
105  0.5098   7439.480075  x:  4.82514   0.10759   0.06408   0.44739   0.64356   0.86082   0.57695   0.89503   0.04971   0.10684   0.25427   0.81089   0.67952   0.00000   0.33278   0.78638   1.04112   1.09135   1.27230   1.05406   0.47885   0.41455   0.51707   0.21772   1.50246   0.45908   0.20291   0.04604   0.26806   0.10425   0.21166   0.20904   0.13145   1.41633   0.18207   2.05314   0.88027   1.89412  16.08352  15.39713   0.08135   1.00000  
106  0.5106   7439.480075  x:  4.82493   0.10760   0.06408   0.44739   0.64354   0.86082   0.57693   0.89501   0.04972   0.10684   0.25428   0.81089   0.67954   0.00000   0.33279   0.78639   1.04110   1.09134   1.27232   1.05404   0.47885   0.41454   0.51708   0.21773   1.50246   0.45909   0.20291   0.04604   0.26805   0.10425   0.21168   0.20904   0.13144   1.41631   0.18206   2.05313   0.88024   1.89412  17.05327  16.36689   0.08135   1.00000  
107  0.5116   7439.480075  x:  4.82506   0.10760   0.06408   0.44739   0.64355   0.86082   0.57694   0.89503   0.04972   0.10685   0.25427   0.81089   0.67953   0.00000   0.33279   0.78637   1.04111   1.09135   1.27230   1.05406   0.47885   0.41455   0.51707   0.21772   1.50246   0.45908   0.20291   0.04604   0.26806   0.10425   0.21167   0.20904   0.13144   1.41632   0.18207   2.05312   0.88026   1.89412  17.82222  17.13584   0.08135   1.00000  
108  0.5082   7439.480075  x:  4.82501   0.10760   0.06408   0.44739   0.64355   0.86082   0.57694   0.89502   0.04972   0.10684   0.25427   0.81089   0.67954   0.00000   0.33279   0.78639   1.04111   1.09134   1.27232   1.05405   0.47885   0.41454   0.51708   0.21773   1.50246   0.45909   0.20291   0.04604   0.26806   0.10425   0.21167   0.20904   0.13144   1.41632   0.18207   2.05314   0.88025   1.89412  18.89722  18.21085   0.08135   1.00000  
109  0.5337   7439.480075  x:  4.82502   0.10760   0.06408   0.44739   0.64355   0.86082   0.57694   0.89502   0.04972   0.10684   0.25427   0.81089   0.67953   0.00000   0.33279   0.78638   1.04111   1.09134   1.27231   1.05405   0.47885   0.41455   0.51707   0.21773   1.50246   0.45908   0.20291   0.04604   0.26805   0.10425   0.21167   0.20904   0.13144   1.41632   0.18207   2.05312   0.88025   1.89412  19.42210  18.73573   0.08135   1.00000  
110  0.4151   7439.480074  x:  4.82504   0.10760   0.06408   0.44739   0.64355   0.86082   0.57694   0.89502   0.04972   0.10684   0.25427   0.81089   0.67953   0.00000   0.33279   0.78638   1.04111   1.09134   1.27231   1.05405   0.47885   0.41455   0.51707   0.21773   1.50246   0.45909   0.20291   0.04604   0.26806   0.10425   0.21167   0.20904   0.13144   1.41632   0.18207   2.05313   0.88026   1.89412  20.71237  20.02599   0.08135   1.00000  
111  0.4994   7439.480074  x:  4.82502   0.10760   0.06408   0.44739   0.64355   0.86082   0.57694   0.89502   0.04972   0.10684   0.25427   0.81089   0.67953   0.00000   0.33279   0.78638   1.04111   1.09134   1.27231   1.05405   0.47885   0.41455   0.51707   0.21773   1.50246   0.45908   0.20291   0.04604   0.26805   0.10425   0.21167   0.20904   0.13144   1.41632   0.18207   2.05313   0.88025   1.89412  21.45375  20.76737   0.08135   1.00000  
112  0.6774   7439.480074  x:  4.82502   0.10760   0.06408   0.44739   0.64355   0.86082   0.57694   0.89502   0.04972   0.10684   0.25427   0.81089   0.67953   0.00000   0.33279   0.78638   1.04111   1.09134   1.27231   1.05405   0.47885   0.41455   0.51707   0.21773   1.50246   0.45908   0.20291   0.04604   0.26805   0.10425   0.21167   0.20904   0.13144   1.41632   0.18207   2.05313   0.88025   1.89412  21.73613  21.04975   0.08135   1.00000  
113  4.3490   7439.480074  x:  4.82502   0.10760   0.06408   0.44739   0.64355   0.86082   0.57694   0.89502   0.04972   0.10684   0.25427   0.81089   0.67953   0.00000   0.33279   0.78638   1.04111   1.09134   1.27231   1.05405   0.47885   0.41455   0.51707   0.21773   1.50246   0.45908   0.20291   0.04604   0.26805   0.10425   0.21167   0.20904   0.13144   1.41632   0.18207   2.05313   0.88025   1.89412  21.56763  20.88125   0.08135   1.00000  
114  0.3993   7439.480074  x:  4.82502   0.10760   0.06408   0.44739   0.64355   0.86082   0.57694   0.89502   0.04972   0.10684   0.25427   0.81089   0.67953   0.00000   0.33279   0.78638   1.04111   1.09134   1.27231   1.05405   0.47885   0.41455   0.51707   0.21773   1.50246   0.45908   0.20291   0.04604   0.26806   0.10425   0.21167   0.20904   0.13144   1.41632   0.18207   2.05312   0.88025   1.89412  21.56763  20.88125   0.08135   1.00000  