

TREE # 1

  0  0.0000   9227.123848  x:  0.17444   0.02804   0.07307   0.00000   0.21220   0.15259   0.14764   0.15672   0.09176   0.01488   0.10164   0.09888   0.08304   0.02822   0.03654   0.11840   0.16638   0.13073   0.17006   0.12456   0.13600   0.08105   0.05011   0.02312   0.14692   0.15208   0.08109   0.04353   0.13235   0.02986   0.05286   0.04009   0.10565   0.11049   0.05181   0.16210   0.10351   2.00000   1.39835   0.16116   0.29812   1.40136  
  1 99.0000   8122.194224  x:  0.34050   0.15023   0.13518   0.33328   0.26417   0.21966   0.20746   0.22980   0.13460   0.10747   0.15956   0.22889   0.21537   0.09931   0.16674   0.18781   0.24419   0.24339   0.25707   0.23701   0.18678   0.18117   0.22045   0.13416   0.27135   0.19734   0.10928   0.05614   0.15061   0.08452   0.12761   0.14626   0.14761   0.24651   0.15285   0.28439   0.26094   1.99209   1.43269   0.12868   0.00000   1.40030  
  2 3554.7568   7964.111201  x:  0.53916   0.29638   0.20945   0.73190   0.32634   0.29990   0.27901   0.31723   0.18583   0.21819   0.22885   0.38440   0.37366   0.18433   0.32249   0.27084   0.33727   0.37818   0.36116   0.37154   0.24752   0.30093   0.42418   0.26698   0.42021   0.25147   0.14299   0.07121   0.17245   0.14988   0.21702   0.27324   0.19779   0.40923   0.27371   0.43068   0.44926   1.98261   1.47376   0.08983   0.00098   1.39904  
  3 19684.0725   7875.249756  x:  0.64174   0.27870   0.15334   0.71991   0.32226   0.32376   0.31238   0.36867   0.12407   0.16289   0.19257   0.40147   0.37627   0.14496   0.32921   0.29868   0.38899   0.44261   0.41010   0.39631   0.22604   0.27441   0.40000   0.22886   0.49013   0.24868   0.10332   0.00000   0.14070   0.06716   0.14556   0.19475   0.18203   0.45064   0.28024   0.50745   0.50479   1.98015   1.42705   0.14233   0.00096   1.39492  
  4 385.5386   7818.309919  x:  0.78851   0.24100   0.05889   0.68567   0.31089   0.35641   0.34991   0.43136   0.02214   0.07319   0.13896   0.42374   0.37745   0.08309   0.33147   0.32981   0.45329   0.52249   0.47424   0.43273   0.20421   0.23722   0.35949   0.16380   0.59105   0.24332   0.14969   0.12411   0.15102   0.02111   0.07645   0.09422   0.14467   0.50756   0.27622   0.61191   0.57296   1.97656   1.36251   0.21641   0.00095   1.38810  
  5 794.6345   7803.208153  x:  0.82806   0.22456   0.03626   0.66405   0.30584   0.36389   0.35630   0.44473   0.00000   0.05183   0.12819   0.42754   0.37641   0.06726   0.32776   0.33486   0.46749   0.53967   0.48916   0.44350   0.20677   0.22904   0.34474   0.14587   0.61671   0.23981   0.14732   0.12574   0.16029   0.05726   0.09548   0.09615   0.12854   0.52188   0.26772   0.63819   0.58547   1.97552   1.34376   0.23838   0.00094   1.38580  
  6 436.9848   7775.360143  x:  0.99443   0.13477   0.04373   0.52279   0.28071   0.38987   0.35830   0.47540   0.03783   0.05001   0.13535   0.43819   0.38218   0.04048   0.29752   0.33676   0.50470   0.58235   0.53654   0.50849   0.29050   0.23061   0.28186   0.11441   0.71932   0.23686   0.15353   0.15439   0.18540   0.00000   0.18586   0.19243   0.03040   0.58580   0.18829   0.73507   0.60291   1.96934   1.26878   0.33090   0.00092   1.37325  
  7 268.7488   7763.503473  x:  1.05623   0.10593   0.06559   0.46021   0.27731   0.39975   0.35627   0.48361   0.07056   0.06837   0.14996   0.44201   0.38807   0.04196   0.28592   0.33514   0.51550   0.59325   0.55259   0.53483   0.32155   0.24015   0.26827   0.11692   0.75348   0.24422   0.15661   0.16096   0.19026   0.02141   0.16415   0.19471   0.00000   0.61446   0.15438   0.77041   0.60237   1.96684   1.24138   0.36631   0.00091   1.36755  
  8 347.6183   7751.972216  x:  1.17700   0.13712   0.04542   0.29083   0.32102   0.42362   0.32674   0.46795   0.05506   0.06741   0.19843   0.45614   0.41277   0.05388   0.25747   0.30769   0.50558   0.56902   0.56935   0.58260   0.36361   0.31246   0.32975   0.15569   0.78469   0.27621   0.16948   0.15705   0.22596   0.01769   0.18616   0.16752   0.06770   0.70938   0.10446   0.83817   0.55876   1.95644   1.19128   0.44542   0.00090   1.34693  
  9 119.3828   7749.498808  x:  1.21722   0.12497   0.05970   0.26421   0.41648   0.43758   0.33051   0.46575   0.03699   0.05518   0.20654   0.46163   0.42798   0.05912   0.26709   0.31244   0.50068   0.54800   0.57149   0.58840   0.35247   0.30061   0.34469   0.16691   0.76024   0.27474   0.17434   0.16500   0.19865   0.02095   0.17551   0.20259   0.06575   0.73494   0.11454   0.85823   0.53003   1.95221   1.17094   0.49492   0.00090   1.32621  
 10 40.9355   7748.545493  x:  1.23611   0.11358   0.06015   0.25698   0.46136   0.43822   0.33937   0.47198   0.04776   0.07111   0.21036   0.46261   0.43611   0.06583   0.28107   0.32874   0.50592   0.54481   0.57166   0.58831   0.34995   0.28847   0.34774   0.16724   0.73988   0.26942   0.17155   0.16593   0.21967   0.01768   0.19391   0.18187   0.05904   0.74346   0.13394   0.86705   0.51853   1.94935   1.17220   0.52322   0.00090   1.30497  
 11 29.2058   7747.333450  x:  1.26073   0.12258   0.04500   0.25485   0.46858   0.41748   0.35208   0.48654   0.07230   0.06277   0.19589   0.46390   0.44348   0.04893   0.30072   0.36265   0.52519   0.56219   0.56787   0.57697   0.36617   0.30549   0.36809   0.17814   0.71527   0.28036   0.18372   0.16324   0.23607   0.01898   0.18376   0.20176   0.05445   0.75508   0.16750   0.87315   0.51470   1.94532   1.20494   0.58667   0.00089   1.23442  
 12 14.4700   7744.039759  x:  1.31756   0.16058   0.05912   0.30951   0.43943   0.38145   0.36342   0.50267   0.06503   0.05492   0.20783   0.49785   0.47527   0.07054   0.34624   0.40087   0.54838   0.59139   0.56561   0.58500   0.38020   0.33024   0.39695   0.19934   0.70046   0.30855   0.19560   0.17550   0.18616   0.02493   0.21902   0.18583   0.02169   0.78156   0.18511   0.87188   0.52305   1.94209   1.29816   0.80652   0.00088   1.00000  
 13 35.0248   7740.203690  x:  1.37538   0.20133   0.06059   0.41126   0.42446   0.39816   0.38300   0.51673   0.02600   0.06566   0.24802   0.54289   0.51443   0.10135   0.38082   0.40566   0.54854   0.61067   0.56776   0.61747   0.38250   0.33336   0.41916   0.21169   0.73354   0.31739   0.18707   0.17765   0.24462   0.02123   0.19847   0.22050   0.00000   0.82042   0.18011   0.86484   0.55621   1.94389   1.44839   1.09645   0.00087   1.00000  
 14 59.0720   7736.372824  x:  1.40694   0.20408   0.06269   0.50467   0.46862   0.49748   0.41616   0.53804   0.06250   0.08126   0.23998   0.54155   0.52017   0.07442   0.37678   0.38827   0.54425   0.64021   0.59109   0.65660   0.40005   0.33102   0.43839   0.23577   0.83577   0.30655   0.20008   0.18873   0.22267   0.03072   0.21977   0.22618   0.00000   0.87094   0.18162   0.87858   0.62694   1.95411   1.66624   1.36588   0.00085   1.00000  
 15 52.5235   7735.021459  x:  1.38776   0.14867   0.06013   0.53337   0.46759   0.50105   0.38595   0.52183   0.07166   0.10151   0.21515   0.54054   0.51996   0.08290   0.39182   0.39120   0.56671   0.65308   0.63443   0.67582   0.40305   0.34021   0.44960   0.24001   0.85684   0.27913   0.19860   0.19568   0.21626   0.03419   0.21967   0.23606   0.00000   0.87505   0.18174   0.89651   0.64228   1.97297   1.70314   1.47168   0.00085   1.00000  
 16 21.9529   7734.195381  x:  1.36555   0.13356   0.09904   0.52642   0.46123   0.48413   0.39740   0.54907   0.06709   0.10134   0.20016   0.55328   0.52908   0.08387   0.39256   0.38449   0.59053   0.65502   0.67260   0.68276   0.39581   0.32295   0.42069   0.25182   0.86405   0.29448   0.20424   0.19727   0.22465   0.03574   0.22480   0.24358   0.00000   0.87937   0.18376   0.92466   0.63426   1.98381   1.74322   1.52620   0.00085   1.00000  
 17 13.0266   7733.399084  x:  1.35455   0.13478   0.09859   0.52179   0.46142   0.47304   0.41633   0.57330   0.06458   0.11895   0.21676   0.56947   0.53761   0.07142   0.38056   0.37442   0.60393   0.65152   0.68575   0.68382   0.41015   0.32988   0.40453   0.22648   0.86282   0.28756   0.19066   0.20670   0.21362   0.03872   0.22194   0.24845   0.04528   0.87934   0.19089   0.94935   0.62594   1.98914   1.78958   1.58686   0.00085   1.00000  
 18 13.3173   7731.399802  x:  1.35834   0.10383   0.10581   0.53805   0.48188   0.46942   0.45034   0.60249   0.06183   0.10849   0.23940   0.59036   0.54325   0.04142   0.35277   0.36636   0.62279   0.64963   0.68161   0.69164   0.43931   0.36839   0.40589   0.18002   0.86568   0.31685   0.19071   0.20048   0.21876   0.03952   0.22020   0.23391   0.02689   0.85733   0.16255   0.98414   0.60862   1.99302   1.92567   1.76459   0.00085   1.00000  
 19 19.4629   7722.843428  x:  1.47300   0.14850   0.11740   0.50405   0.54982   0.49987   0.42685   0.55868   0.07261   0.04164   0.24297   0.55584   0.48598   0.07325   0.30016   0.40162   0.67673   0.67228   0.66540   0.78235   0.47135   0.38930   0.37076   0.09123   0.92732   0.42103   0.24779   0.14291   0.26160   0.04281   0.20460   0.19691   0.10637   0.80046   0.14596   1.09945   0.63975   1.98635   2.59257   2.55104   0.00084   1.00000  
 20 56.5830   7710.180173  x:  1.65654   0.13484   0.03556   0.30821   0.53478   0.53934   0.43934   0.57426   0.01757   0.10176   0.29546   0.54880   0.53042   0.08356   0.31184   0.46667   0.69997   0.71690   0.70064   0.82461   0.41685   0.33480   0.38423   0.11755   1.02266   0.43709   0.22769   0.12861   0.23580   0.04868   0.17468   0.20179   0.02787   0.80485   0.15172   1.17861   0.70328   1.97189   3.57810   3.52650   0.00082   1.00000  
 21 125.1246   7704.855239  x:  1.76485   0.14771   0.08384   0.25161   0.50685   0.55784   0.43040   0.58773   0.01888   0.07888   0.26722   0.54956   0.54766   0.02407   0.31668   0.46766   0.67493   0.73131   0.72092   0.79494   0.38255   0.32090   0.42128   0.15087   1.05258   0.35955   0.16632   0.14017   0.25913   0.05000   0.16990   0.17880   0.01952   0.87515   0.13955   1.18108   0.72334   1.97099   3.98927   3.98515   0.00082   1.00000  
 22 145.4771   7702.315895  x:  1.84452   0.14446   0.04349   0.26392   0.49349   0.56035   0.43006   0.62609   0.04547   0.07613   0.22957   0.57282   0.53428   0.04214   0.32793   0.42732   0.64755   0.72717   0.75502   0.75239   0.36858   0.31861   0.39788   0.17197   1.04531   0.30955   0.20706   0.11277   0.25966   0.05114   0.16400   0.16737   0.02115   0.96655   0.09841   1.16262   0.69501   1.98342   4.18092   4.18904   0.00082   1.00000  
 23 53.3693   7701.544283  x:  1.89791   0.11950   0.04442   0.27693   0.49295   0.55719   0.41289   0.62970   0.02597   0.09636   0.20785   0.57258   0.50507   0.05025   0.31883   0.39234   0.65101   0.73163   0.77209   0.72254   0.36660   0.33705   0.38950   0.17111   1.03925   0.33425   0.19205   0.11516   0.26127   0.05022   0.16180   0.16601   0.02440   1.00802   0.11300   1.15487   0.68423   1.98799   4.24821   4.22700   0.00081   1.00000  
 24 18.8260   7701.196634  x:  1.93965   0.11677   0.04499   0.28612   0.48572   0.55128   0.40208   0.61892   0.04355   0.09177   0.21751   0.57144   0.50867   0.05095   0.30959   0.37124   0.66564   0.73837   0.78317   0.71205   0.35426   0.31946   0.39449   0.14660   1.03418   0.34156   0.18720   0.11721   0.25823   0.05150   0.16135   0.16897   0.01636   1.01638   0.12088   1.15283   0.67346   1.99163   4.26289   4.22795   0.00081   1.00000  
 25  7.7533   7700.427720  x:  2.03850   0.10426   0.06423   0.30368   0.46977   0.55987   0.43523   0.59899   0.02704   0.10131   0.21736   0.55613   0.51682   0.03995   0.31863   0.36081   0.69848   0.73811   0.79551   0.71862   0.36225   0.31595   0.40424   0.14916   1.02991   0.31986   0.21274   0.10416   0.25696   0.05324   0.16152   0.16791   0.03179   0.98153   0.11956   1.14211   0.65688   2.00218   4.24791   4.20553   0.00081   1.00000  
 26  5.2928   7699.368547  x:  2.14461   0.09478   0.04777   0.33468   0.46571   0.56567   0.46723   0.59566   0.04425   0.09011   0.20638   0.56396   0.52394   0.03870   0.33305   0.35933   0.71427   0.72667   0.80184   0.74073   0.37335   0.31437   0.39186   0.19162   1.03507   0.33022   0.18196   0.11714   0.25432   0.05712   0.16264   0.16755   0.04805   0.93565   0.11226   1.13476   0.65382   2.01939   4.19391   4.18636   0.00081   1.00000  
 27 16.0360   7696.615754  x:  2.31053   0.10110   0.07270   0.36502   0.49553   0.55573   0.44512   0.67628   0.06448   0.11526   0.18788   0.64741   0.53236   0.02605   0.35730   0.41498   0.68453   0.73618   0.80468   0.78797   0.34147   0.36711   0.37452   0.17138   1.07118   0.33856   0.20357   0.10852   0.25188   0.06631   0.17194   0.18162   0.04099   0.91002   0.12565   1.15795   0.75394   2.04495   4.01627   4.14435   0.00079   1.00000  
 28 13.1251   7692.910223  x:  2.38647   0.07801   0.08451   0.42896   0.54848   0.56363   0.41312   0.76723   0.04190   0.07854   0.22532   0.69131   0.57736   0.04381   0.39871   0.50113   0.70930   0.82567   0.85823   0.83093   0.44738   0.33213   0.45810   0.17580   1.12456   0.37721   0.21985   0.09385   0.25948   0.07351   0.17844   0.18013   0.06827   1.01956   0.09179   1.23347   0.83966   2.03770   3.79399   4.07245   0.00077   1.00000  
 29 20.9143   7690.365708  x:  2.37698   0.12126   0.07575   0.49373   0.55292   0.60361   0.47594   0.76923   0.04279   0.11701   0.23427   0.64803   0.61128   0.04521   0.39965   0.50638   0.77267   0.90627   0.88536   0.85535   0.43640   0.35463   0.47803   0.19753   1.17599   0.40602   0.23283   0.09127   0.26336   0.07933   0.19224   0.19614   0.03143   1.13975   0.11846   1.33636   0.84688   2.02340   3.58558   4.10598   0.00076   1.00000  
 30 23.8416   7689.805627  x:  2.36757   0.12211   0.07837   0.49524   0.55460   0.61757   0.50010   0.74908   0.04986   0.09345   0.23024   0.67094   0.62450   0.06726   0.41518   0.49879   0.79734   0.91492   0.89872   0.87599   0.42551   0.39117   0.47571   0.19270   1.19222   0.38898   0.22643   0.09180   0.26689   0.07983   0.19252   0.19605   0.01920   1.16701   0.13738   1.37884   0.83766   2.01805   3.56972   4.09464   0.00075   1.00000  
 31 13.2051   7689.625099  x:  2.36533   0.12564   0.07386   0.50161   0.55676   0.61413   0.49340   0.72695   0.05017   0.09845   0.22691   0.69772   0.62898   0.04344   0.42462   0.49112   0.80615   0.90716   0.90112   0.88342   0.42445   0.38932   0.47366   0.20147   1.20102   0.38957   0.23229   0.08602   0.26836   0.07976   0.19258   0.19241   0.01613   1.17331   0.14078   1.40702   0.83029   2.02341   3.57049   4.09208   0.00075   1.00000  
 32  6.0094   7689.522196  x:  2.36906   0.13516   0.07305   0.50211   0.55355   0.60994   0.49647   0.72938   0.05103   0.10655   0.21367   0.69942   0.61541   0.04076   0.43905   0.48543   0.80973   0.89191   0.90078   0.89219   0.42503   0.38102   0.48792   0.19363   1.20214   0.38937   0.22769   0.08665   0.26697   0.08017   0.19151   0.19399   0.00945   1.17433   0.13318   1.43175   0.82707   2.03209   3.57472   4.09067   0.00075   1.00000  
 33  3.0622   7689.298965  x:  2.38740   0.12291   0.07039   0.50526   0.53987   0.60895   0.49287   0.74306   0.05469   0.09637   0.23338   0.67757   0.60751   0.03552   0.45478   0.47159   0.80765   0.86414   0.89957   0.88986   0.41592   0.38141   0.49302   0.20091   1.19589   0.39024   0.23303   0.07947   0.26685   0.08061   0.19168   0.19208   0.01094   1.17479   0.14040   1.46983   0.84454   2.04108   3.58052   4.09338   0.00075   1.00000  
 34  1.9884   7688.347775  x:  2.48229   0.13628   0.06517   0.50133   0.53960   0.63233   0.46337   0.75387   0.04850   0.10135   0.23264   0.63651   0.63202   0.02788   0.46222   0.49259   0.83620   0.87453   0.89520   0.86077   0.40905   0.39537   0.43966   0.19761   1.16319   0.38426   0.21607   0.06638   0.25793   0.08604   0.18720   0.19033   0.00000   1.17608   0.09016   1.54181   0.86626   2.03297   3.62101   4.08439   0.00075   1.00000  
 35  3.1213   7686.710813  x:  2.61365   0.11799   0.05873   0.46900   0.52290   0.65247   0.49072   0.76042   0.04773   0.10782   0.20109   0.67503   0.62748   0.05313   0.39811   0.48723   0.83819   0.92183   0.88815   0.84777   0.41864   0.35948   0.45032   0.19899   1.17112   0.39019   0.22260   0.03085   0.24584   0.09485   0.18349   0.18478   0.00076   1.16384   0.11680   1.56626   0.88105   2.02928   3.64174   4.11145   0.00076   1.00000  
 36  7.9812   7686.267615  x:  2.64524   0.12125   0.05461   0.45574   0.53986   0.63698   0.50746   0.76185   0.05396   0.10619   0.22276   0.67665   0.59729   0.03954   0.40936   0.49577   0.84293   0.94608   0.92832   0.84956   0.39375   0.36765   0.45957   0.19530   1.20470   0.40289   0.22156   0.02227   0.24599   0.09591   0.18601   0.18489   0.01224   1.15854   0.10894   1.53683   0.86852   2.04345   3.64676   4.11629   0.00076   1.00000  
 37  7.8379   7686.186205  x:  2.64959   0.12822   0.05484   0.45297   0.54595   0.62792   0.50736   0.76294   0.05243   0.10460   0.22365   0.66902   0.60097   0.03440   0.42036   0.48964   0.84370   0.93970   0.93975   0.85824   0.40911   0.36871   0.45008   0.18780   1.21756   0.40319   0.22083   0.02046   0.24472   0.09706   0.18430   0.18289   0.00273   1.16201   0.12149   1.51936   0.86756   2.04691   3.64247   4.11698   0.00076   1.00000  
 38  3.6925   7686.144693  x:  2.64890   0.12581   0.05245   0.45077   0.54894   0.62419   0.50479   0.76969   0.05389   0.10559   0.21718   0.66643   0.61153   0.03110   0.42044   0.48324   0.85940   0.93076   0.93539   0.86997   0.40362   0.37048   0.45396   0.18617   1.22146   0.40717   0.22096   0.01968   0.24493   0.09680   0.18495   0.18283   0.00746   1.16717   0.12035   1.50349   0.87099   2.04308   3.63223   4.10663   0.00076   1.00000  
 39  1.2731   7686.031935  x:  2.64686   0.12973   0.05425   0.44392   0.55037   0.63132   0.50256   0.77643   0.05512   0.10467   0.22694   0.67915   0.59065   0.02841   0.42153   0.48133   0.89544   0.92008   0.92707   0.87314   0.40737   0.36711   0.45111   0.19084   1.22053   0.40268   0.21793   0.02311   0.24356   0.09741   0.18646   0.18521   0.00181   1.17585   0.12482   1.48031   0.87857   2.03538   3.58232   4.06439   0.00076   1.00000  
 40  1.6914   7685.368420  x:  2.64794   0.14124   0.05732   0.42039   0.55429   0.64348   0.52372   0.77054   0.06267   0.10720   0.21393   0.68727   0.61532   0.03663   0.40788   0.48610   0.87866   0.91597   0.97498   0.84177   0.42032   0.36839   0.46816   0.18030   1.23132   0.43175   0.19988   0.03752   0.24404   0.09721   0.19723   0.19536   0.00781   1.16476   0.14612   1.44034   0.87847   2.05695   3.26838   3.76391   0.00077   1.00000  
 41  3.9434   7685.076651  x:  2.65594   0.13626   0.05772   0.42555   0.55910   0.60377   0.52615   0.77760   0.06050   0.10685   0.21694   0.67299   0.60782   0.03382   0.38771   0.48945   0.84898   0.94107   0.96852   0.87525   0.41929   0.36648   0.46634   0.18980   1.24191   0.41919   0.18924   0.04493   0.24165   0.09768   0.19928   0.19964   0.00518   1.16946   0.15979   1.43964   0.84945   2.03664   3.13845   3.61645   0.00078   1.00000  
 42 10.8094   7685.020217  x:  2.65599   0.12856   0.05988   0.42131   0.55663   0.60701   0.52559   0.77810   0.06121   0.10579   0.21726   0.67260   0.60962   0.03324   0.41189   0.48373   0.84167   0.95640   0.94096   0.87168   0.41836   0.36449   0.46386   0.18531   1.25320   0.42453   0.18879   0.04503   0.24091   0.09782   0.20003   0.20095   0.01122   1.17353   0.16296   1.43900   0.83668   2.03917   3.09941   3.57725   0.00078   1.00000  
 43  2.0462   7684.635662  x:  2.66126   0.14718   0.06010   0.40432   0.58482   0.58846   0.51646   0.79430   0.06035   0.10105   0.22130   0.67354   0.61517   0.04449   0.41200   0.42461   0.86042   1.00536   0.92057   0.85643   0.43086   0.36849   0.46953   0.20956   1.24377   0.40313   0.19261   0.04109   0.24745   0.09833   0.20633   0.20517   0.00000   1.15265   0.16368   1.45662   0.85736   2.06966   2.73849   3.21876   0.00080   1.00000  
 44  1.5447   7683.506569  x:  2.68029   0.14862   0.06380   0.39172   0.56664   0.61624   0.52945   0.78169   0.07145   0.09807   0.22699   0.68776   0.60790   0.02847   0.41571   0.42561   0.84596   0.99349   0.92882   0.86429   0.44208   0.36574   0.47064   0.20966   1.19829   0.41528   0.20179   0.02739   0.25129   0.10112   0.21895   0.21817   0.00000   1.18221   0.17791   1.47487   0.86394   2.00679   1.82185   2.30267   0.00085   1.00000  
 45 23.6378   7683.311442  x:  2.68672   0.14646   0.06588   0.39635   0.56117   0.61553   0.52880   0.78094   0.06912   0.09432   0.23204   0.68433   0.61142   0.03506   0.39073   0.46303   0.85454   0.97064   0.91215   0.85864   0.44236   0.36623   0.46780   0.21089   1.21412   0.41052   0.20236   0.02498   0.25134   0.10146   0.22055   0.22041   0.00000   1.20349   0.18616   1.47849   0.84868   2.04338   1.66248   2.13443   0.00085   1.00000  
 46 13.0420   7683.241914  x:  2.68930   0.14728   0.06528   0.39999   0.56272   0.61306   0.51995   0.78818   0.06941   0.09502   0.23033   0.68286   0.61325   0.04137   0.38869   0.46823   0.85894   0.95689   0.91322   0.83914   0.44185   0.36730   0.47140   0.21215   1.23805   0.40582   0.20341   0.02411   0.25230   0.10160   0.22013   0.22012   0.00000   1.19259   0.18720   1.48373   0.83675   2.02342   1.65604   2.13047   0.00086   1.00000  
 47  0.6158   7681.578298  x:  2.70899   0.09875   0.05884   0.41227   0.54034   0.65850   0.50256   0.76753   0.06098   0.09565   0.24250   0.66478   0.61243   0.01859   0.40748   0.52637   0.81845   0.89200   0.93538   0.88219   0.42060   0.38049   0.46034   0.18577   1.23104   0.40876   0.21131   0.01851   0.26122   0.10165   0.20546   0.20471   0.00000   1.20608   0.14026   1.47896   0.81544   2.02169   1.84771   2.29788   0.00092   1.00000  
 48  0.6575   7681.379928  x:  2.71316   0.08874   0.05756   0.41449   0.53673   0.66500   0.50109   0.76116   0.05934   0.09585   0.24485   0.66105   0.61214   0.01447   0.41141   0.53800   0.81030   0.87832   0.93911   0.88955   0.41644   0.38295   0.45787   0.18024   1.23035   0.40930   0.21284   0.01743   0.26301   0.10169   0.20249   0.20161   0.04669   1.20993   0.12971   1.47813   0.81361   2.02065   1.88461   2.32967   0.00093   1.00000  
 49 13.5537   7681.299796  x:  2.71617   0.08360   0.05762   0.41248   0.54431   0.64163   0.51972   0.74038   0.05969   0.09653   0.24423   0.65987   0.61119   0.01824   0.41315   0.53886   0.80914   0.87145   0.93217   0.87836   0.41693   0.38147   0.45540   0.17755   1.23675   0.40909   0.21267   0.01771   0.26320   0.10198   0.20204   0.20137   0.04795   1.22022   0.11801   1.47896   0.83550   2.01417   1.87440   2.31685   0.00093   1.00000  
 50  1.3209   7677.894323  x:  2.82194   0.11790   0.04778   0.38694   0.59883   0.65667   0.48588   0.74967   0.04390   0.10509   0.24843   0.65564   0.61329   0.02968   0.43224   0.47801   0.83245   0.92074   0.98389   0.91862   0.42835   0.38815   0.46095   0.19149   1.27738   0.37843   0.18907   0.03750   0.27150   0.11464   0.19348   0.18731   0.04310   1.19241   0.06820   1.47268   0.86513   2.03009   0.86043   1.31119   0.00118   1.00000  
 51  1.2978   7671.657971  x:  3.05722   0.16104   0.05191   0.36384   0.62371   0.71253   0.44897   0.75718   0.02244   0.12321   0.21796   0.68991   0.60425   0.07544   0.35135   0.41374   0.90381   0.97748   1.06898   0.93344   0.42187   0.35002   0.46363   0.23538   1.41766   0.34113   0.18394   0.05180   0.26648   0.13968   0.16893   0.16642   0.00000   1.23882   0.09529   1.55889   0.92562   2.12083   2.24999   2.74219   0.00162   1.00000  
 52  0.8970   7652.799831  x:  3.90892   0.07375   0.11096   0.41376   0.55104   0.86797   0.59451   0.81339   0.08917   0.09532   0.25986   0.78228   0.66578   0.02380   0.41487   0.46894   0.84978   1.10932   1.08342   1.01972   0.44196   0.38063   0.53295   0.23450   1.65118   0.52516   0.31136   0.03018   0.26077   0.21124   0.24692   0.25996   0.00000   1.57385   0.27717   1.83463   0.98336   2.01133   0.62459   1.24598   0.00349   1.00000  
 53  0.5485   7652.075789  x:  3.95043   0.06958   0.11375   0.41616   0.54761   0.87545   0.60144   0.81611   0.09232   0.09401   0.26185   0.78667   0.66872   0.02131   0.41790   0.47169   0.84733   1.11557   1.08414   1.02385   0.44294   0.38216   0.53624   0.23440   1.66244   0.53395   0.31743   0.02915   0.26051   0.21472   0.25062   0.26439   0.06579   1.58990   0.28574   1.84786   0.98617   2.00611   0.54878   1.17598   0.00358   1.00000  
 54 62.0843   7631.055311  x:  4.59138   0.00000   0.11139   0.42981   0.55776   0.94468   0.60814   0.84908   0.07939   0.09900   0.26524   0.79465   0.67881   0.00345   0.42018   0.55225   0.90019   1.11461   1.09963   1.05169   0.45151   0.42126   0.53897   0.19744   1.76635   0.56189   0.32802   0.02480   0.26436   0.25964   0.24688   0.25884   0.15930   1.66178   0.23088   1.92642   1.01108   1.99894   1.44735   1.87165   0.00504   1.00000  
 55  1.2196   7606.037497  x:  6.08458   0.00000   0.10710   0.44841   0.58253   1.09083   0.62806   0.91731   0.04540   0.10217   0.26270   0.81522   0.70945   0.05130   0.37763   0.70807   0.97668   1.14433   1.14537   1.07017   0.48320   0.48163   0.55185   0.13022   1.99867   0.61901   0.34767   0.01119   0.27373   0.36315   0.24377   0.25107   0.35288   1.82014   0.13752   2.13660   1.06479   1.96834   2.26808   2.24612   0.00833   1.00000  
 56 10.2089   7605.964431  x:  6.09223   0.01745   0.10702   0.44869   0.58284   1.09153   0.62815   0.91780   0.04517   0.10228   0.26271   0.81538   0.70968   0.05158   0.37749   0.70882   0.97725   1.14463   1.14586   1.07030   0.48350   0.48188   0.55198   0.12994   1.99983   0.61925   0.34763   0.01113   0.27385   0.36364   0.24371   0.25096   0.35354   1.82078   0.13691   2.13768   1.06519   1.96844   2.27181   2.24918   0.00834   1.00000  
 57  6.4135   7588.495528  x:  7.15690   0.02988   0.07816   0.53422   0.66769   1.17689   0.63755   1.02307   0.00000   0.13804   0.26769   0.85217   0.75799   0.09804   0.37715   0.80031   1.09882   1.22180   1.27747   1.09650   0.55737   0.50234   0.58709   0.10896   2.15856   0.63945   0.31166   0.00485   0.30449   0.42516   0.22731   0.21986   0.36821   1.86956   0.02147   2.28973   1.14920   2.04445   2.67856   2.94296   0.01006   1.00000  
 58  2.0497   7571.352433  x:  9.95555   0.06743   0.02226   0.63670   0.74234   1.30438   0.59712   1.19765   0.00000   0.17143   0.28663   0.88481   0.80603   0.08565   0.35534   0.90923   1.27919   1.28763   1.53636   1.16991   0.69379   0.50612   0.59823   0.06263   2.48318   0.67314   0.20185   0.00343   0.35017   0.57495   0.22081   0.17004   0.35753   1.92916   0.24039   2.40406   0.99977   2.16057   3.35231   3.89606   0.01502   1.00000  
 59  1.6631   7571.178472  x:  9.99173   0.06776   0.02200   0.63665   0.74212   1.30382   0.59594   1.19801   0.04109   0.17160   0.28627   0.88432   0.80553   0.08503   0.35459   0.90952   1.27951   1.28662   1.53786   1.16943   0.69371   0.50512   0.59759   0.06249   2.48315   0.67314   0.20140   0.00343   0.35053   0.57649   0.22097   0.17005   0.35710   1.92701   0.24087   2.40468   0.99772   2.16002   3.36518   3.90623   0.01509   1.00000  
 60  2.1412   7549.683402  x: 12.56390   0.08161   0.02694   0.54076   0.64654   1.11694   0.46791   1.09712   0.00000   0.16386   0.21964   0.78944   0.69322   0.01077   0.26972   0.85148   1.17043   1.08723   1.52290   1.03745   0.56168   0.36440   0.50034   0.08043   2.19399   0.64251   0.23348   0.00409   0.35985   0.65979   0.24866   0.21468   0.30321   1.57664   0.11982   2.38722   0.84176   1.98325   4.55489   4.48765   0.02046   1.00000  
 61  4.6991   7538.739855  x: 14.19832   0.04256   0.04494   0.52942   0.60339   0.92242   0.45909   1.02363   0.05578   0.14210   0.20623   0.76546   0.67889   0.00953   0.24705   0.79456   1.11438   1.02461   1.49197   1.02459   0.47511   0.37598   0.49544   0.15428   1.88640   0.56031   0.18560   0.08494   0.35791   0.68670   0.26587   0.23532   0.14502   1.34416   0.15166   2.30263   0.82601   1.92749   5.24249   5.26599   0.02367   1.00000  
 62  1.1811   7529.923242  x: 15.67570   0.07906   0.07149   0.56375   0.63201   0.90045   0.65789   0.97088   0.02421   0.10320   0.27497   0.87124   0.76932   0.04653   0.36812   0.81821   1.15830   1.20088   1.37466   1.15603   0.51198   0.52650   0.58420   0.22245   1.68272   0.54099   0.21018   0.09203   0.32102   0.72643   0.26862   0.22619   0.13819   1.56569   0.15758   2.35204   1.13998   2.03530   5.74466   6.00762   0.02646   1.00000  
 63  0.8299   7524.906610  x: 17.23019   0.11038   0.04815   0.51277   0.61074   0.80043   0.64902   0.88175   0.04701   0.11038   0.25548   0.85065   0.73848   0.02382   0.42563   0.77565   1.08319   1.15868   1.19855   1.10617   0.51526   0.48293   0.55854   0.25657   1.39482   0.47277   0.21078   0.06977   0.26719   0.74720   0.24571   0.19388   0.10921   1.49416   0.09743   2.24428   1.08814   1.95558   6.64380   6.58674   0.02979   1.00000  
 64  0.7972   7520.901064  x: 17.73539   0.13049   0.03872   0.50461   0.64548   0.88023   0.60261   0.94016   0.02797   0.13628   0.24984   0.85340   0.74634   0.00858   0.48182   0.78766   1.08623   1.15119   1.17169   1.08948   0.56641   0.43201   0.55483   0.24761   1.53282   0.49621   0.24722   0.01921   0.24908   0.73868   0.23278   0.18224   0.13691   1.59157   0.19417   2.16384   0.89008   1.93856   7.00892   6.88543   0.03108   1.00000  
 65  0.4215   7514.629505  x: 18.44772   0.13103   0.05499   0.50836   0.71268   0.92958   0.61549   0.97912   0.13325   0.11041   0.28188   0.88369   0.77761   0.00625   0.57447   0.74211   1.08405   1.14679   1.19886   1.11823   0.51846   0.44847   0.60425   0.31431   1.54050   0.46037   0.27287   0.04176   0.26866   0.64149   0.24720   0.23278   0.06000   1.76412   0.39348   2.01493   0.70682   1.97430   7.75961   7.80765   0.03346   1.00000  
 66  0.3970   7498.907765  x: 19.11880   0.16994   0.09149   0.45529   0.82964   1.08904   0.64837   1.01499   0.00000   0.10045   0.30425   0.90301   0.80227   0.02827   0.62149   0.70054   1.08110   1.12302   1.25155   1.11162   0.45822   0.47912   0.66254   0.35590   1.57782   0.46856   0.22737   0.05846   0.29052   0.40737   0.23206   0.26653   0.07188   2.02634   0.49980   2.09624   0.71276   1.95263   9.63920   9.57707   0.03711   1.00000  
 67  0.7584   7489.128135  x: 19.41269   0.20333   0.08321   0.39887   0.93227   1.24041   0.66519   1.04289   0.07698   0.08535   0.30927   0.91670   0.81044   0.04903   0.65882   0.64437   1.08185   1.07872   1.30394   1.07869   0.39771   0.49377   0.70579   0.36269   1.61728   0.47305   0.18776   0.05537   0.30614   0.16870   0.21263   0.28729   0.07430   2.24617   0.60213   2.15871   0.69228   1.93116  11.32488  11.15435   0.03991   1.00000  
 68  6.2102   7482.247510  x: 18.34733   0.17744   0.06418   0.39066   0.92964   1.22840   0.63979   1.00846   0.05790   0.11273   0.28531   0.88111   0.76990   0.05826   0.51778   0.69680   1.09571   1.10169   1.36641   1.07379   0.46963   0.46552   0.63801   0.29125   1.64677   0.49607   0.17069   0.05539   0.31137   0.07125   0.21249   0.24434   0.07331   2.11535   0.47201   2.40240   0.84774   1.97432  11.44599  11.22582   0.03845   1.00000  
 69  0.7497   7478.205263  x: 18.02034   0.15155   0.04192   0.41093   0.87106   1.14574   0.61401   0.97187   0.05933   0.13617   0.26120   0.85414   0.73488   0.04787   0.40083   0.76482   1.11431   1.13645   1.38948   1.08560   0.54022   0.43636   0.56643   0.23041   1.64196   0.51003   0.18147   0.05182   0.30137   0.13703   0.22118   0.20141   0.07575   1.90106   0.32004   2.56583   0.96641   1.99823  10.97481  10.73043   0.03724   1.00000  
 70  2.6685   7475.178983  x: 19.00689   0.14038   0.04183   0.40045   0.80264   1.03564   0.58746   0.93022   0.05313   0.13126   0.25330   0.83883   0.70313   0.00000   0.35354   0.80118   1.09932   1.14571   1.34488   1.10919   0.53006   0.40190   0.51140   0.22658   1.54548   0.48894   0.24197   0.04761   0.27426   0.10389   0.22917   0.20175   0.04183   1.69420   0.24103   2.62780   0.91996   1.95492  11.75670  11.37790   0.03996   1.00000  
 71  0.9122   7473.478173  x: 19.72284   0.15186   0.05817   0.44879   0.75814   1.04832   0.61836   0.99713   0.05209   0.10552   0.27360   0.86342   0.74356   0.00000   0.37773   0.85800   1.14734   1.18179   1.36582   1.13623   0.48963   0.45615   0.56442   0.23482   1.67089   0.49636   0.22569   0.05850   0.28739   0.10692   0.22562   0.23496   0.09204   1.69870   0.26248   2.64319   0.86807   1.96471  12.17120  11.90774   0.04169   1.00000  
 72  0.5137   7472.971585  x: 19.78181   0.14433   0.05221   0.47052   0.70343   0.99990   0.61290   0.99307   0.05075   0.11341   0.26451   0.85810   0.73542   0.00000   0.34504   0.89276   1.16969   1.18593   1.37578   1.14157   0.50528   0.44955   0.54774   0.21397   1.69900   0.50000   0.21339   0.05637   0.28572   0.10398   0.22326   0.22273   0.10633   1.59027   0.20725   2.66784   0.88679   1.97475  12.29332  12.02257   0.04206   1.00000  
 73  0.1742   7472.339370  x: 19.73222   0.14041   0.05530   0.50538   0.63835   0.92630   0.62457   0.95890   0.05951   0.12215   0.25765   0.86472   0.73642   0.00000   0.38112   0.86556   1.17975   1.15201   1.37098   1.12588   0.52300   0.43257   0.55029   0.23811   1.68910   0.49501   0.21316   0.04428   0.27934   0.10248   0.22306   0.21501   0.11638   1.60033   0.24064   2.47591   0.90832   1.97272  12.36768  12.09165   0.04270   1.00000  
 74  0.0660   7471.771504  x: 18.76031   0.11619   0.05818   0.53864   0.59595   0.87907   0.61549   0.93315   0.06031   0.11469   0.25370   0.84760   0.72203   0.00000   0.36089   0.82603   1.16124   1.12990   1.38839   1.09528   0.50437   0.43405   0.54346   0.23232   1.68382   0.49418   0.21959   0.05397   0.29273   0.10089   0.22772   0.22243   0.12187   1.58281   0.23676   2.28203   0.94246   1.95889  11.98088  11.70741   0.04169   1.00000  
 75  0.3610   7470.603128  x: 17.86958   0.10086   0.03874   0.55114   0.61743   0.93136   0.57577   0.94231   0.05681   0.11004   0.25429   0.82872   0.69199   0.00000   0.35949   0.77300   1.11635   1.15707   1.35771   1.07181   0.48013   0.44294   0.53107   0.19272   1.64506   0.48099   0.20539   0.05872   0.29172   0.09483   0.21573   0.21752   0.12901   1.59599   0.20044   2.03826   0.91063   1.94044  11.95710  11.54064   0.04245   1.00000  
 76  0.2293   7468.189828  x: 16.87991   0.06647   0.04148   0.60458   0.56810   0.95321   0.58360   0.97997   0.04338   0.12121   0.25966   0.86633   0.70064   0.00000   0.39183   0.78550   1.12804   1.26052   1.28855   1.12404   0.48377   0.44287   0.53653   0.20853   1.62114   0.47907   0.19893   0.04756   0.25759   0.10226   0.21257   0.21809   0.14270   1.54590   0.11582   1.83872   0.96429   1.94110  12.40014  12.02648   0.04677   1.00000  
 77  0.2775   7462.349051  x: 13.85687   0.06486   0.08065   0.55769   0.76953   1.27738   0.60844   1.10691   0.02346   0.14168   0.28138   0.94822   0.77733   0.00000   0.48227   0.79952   1.11222   1.37667   1.26346   1.21199   0.51172   0.41425   0.59457   0.31036   1.75351   0.50954   0.22396   0.03177   0.25161   0.11463   0.23891   0.24906   0.14094   1.83954   0.23307   2.13864   0.98130   1.96063  13.01349  12.87932   0.05477   1.00000  
 78  0.8781   7452.475650  x:  6.83473   0.01788   0.08588   0.53909   0.82031   1.43234   0.54328   1.10559   0.03287   0.14047   0.26648   0.91859   0.74475   0.00000   0.43566   0.74466   1.01322   1.34064   1.28945   1.18330   0.49479   0.37982   0.56706   0.30566   1.84076   0.50883   0.22716   0.04568   0.28549   0.10895   0.25300   0.24680   0.19517   1.83421   0.16489   2.04634   1.07013   1.92385  13.10002  12.78205   0.06369   1.00000  
 79  4.1389   7446.493072  x:  5.57225   0.09975   0.07447   0.47138   0.78015   1.35204   0.52604   1.04732   0.05711   0.11841   0.25625   0.87145   0.71630   0.00000   0.37260   0.81714   1.01883   1.19962   1.33589   1.16010   0.48717   0.39444   0.53907   0.28558   1.83564   0.46584   0.20972   0.05784   0.30005   0.10567   0.24445   0.22587   0.21008   1.61158   0.11543   2.34113   1.01666   1.89290  14.33941  13.73080   0.07213   1.00000  
 80  2.0369   7443.198399  x:  7.07014   0.11731   0.06803   0.45569   0.65573   1.08285   0.55559   0.94581   0.06522   0.09917   0.25241   0.82945   0.69008   0.00000   0.33654   0.82569   1.05054   1.09096   1.34244   1.10563   0.48566   0.41939   0.52069   0.25976   1.70715   0.43144   0.19531   0.05993   0.29305   0.10185   0.22777   0.20960   0.16599   1.40314   0.15563   2.24465   0.95351   1.90262  14.60073  13.93743   0.07189   1.00000  
 81  1.8649   7440.742191  x:  5.04438   0.11318   0.06786   0.44116   0.58715   0.91207   0.58151   0.86888   0.06312   0.09167   0.25198   0.80546   0.66998   0.00000   0.32264   0.79380   1.04299   1.03755   1.30828   1.06315   0.48768   0.42961   0.51016   0.24733   1.58829   0.41035   0.19028   0.05432   0.27627   0.09992   0.21502   0.20030   0.13336   1.29467   0.19264   2.02673   0.92764   1.90282  14.82022  14.11783   0.07601   1.00000  
 82  2.7873   7439.827290  x:  4.71279   0.11070   0.06803   0.43871   0.64525   0.91921   0.59611   0.89406   0.05172   0.10830   0.25693   0.82412   0.68537   0.00000   0.34695   0.79189   1.03870   1.10618   1.25941   1.08247   0.48656   0.42447   0.52111   0.23845   1.53181   0.44172   0.20534   0.04367   0.25754   0.10568   0.21099   0.21231   0.12061   1.39917   0.20319   2.02496   0.89043   1.89685  15.21359  14.53889   0.07902   1.00000  
 83  0.5684   7439.585077  x:  5.03999   0.11275   0.06515   0.44289   0.64504   0.86531   0.59413   0.89004   0.04839   0.11025   0.25417   0.81454   0.68382   0.00000   0.32987   0.80283   1.04389   1.10485   1.26411   1.06925   0.48155   0.41911   0.51667   0.21859   1.50858   0.45880   0.20565   0.04347   0.26159   0.10552   0.20945   0.21242   0.11967   1.39539   0.19039   2.06213   0.87362   1.89334  15.44271  14.75741   0.07981   1.00000  
 84  0.4539   7439.505559  x:  4.80942   0.11238   0.06392   0.44838   0.64524   0.85405   0.58413   0.89245   0.04794   0.10790   0.25312   0.80800   0.68168   0.00000   0.32172   0.80222   1.04492   1.09532   1.27701   1.05537   0.47765   0.41547   0.51554   0.21267   1.50907   0.46460   0.20177   0.04557   0.26938   0.10417   0.21061   0.21014   0.12674   1.40451   0.18476   2.06598   0.87404   1.89338  15.57795  14.88403   0.08073   1.00000  
 85  0.2884   7439.488371  x:  4.85414   0.11105   0.06414   0.45242   0.64353   0.85841   0.57981   0.89535   0.04905   0.10665   0.25437   0.81137   0.68153   0.00000   0.32958   0.79566   1.04524   1.09446   1.27858   1.05437   0.47793   0.41437   0.51822   0.21899   1.50296   0.46134   0.20253   0.04606   0.26941   0.10408   0.21193   0.20885   0.12986   1.42085   0.18606   2.05299   0.88079   1.89443  15.62819  14.94046   0.08096   1.00000  
 86  0.0687   7439.482609  x:  4.82272   0.10902   0.06415   0.45023   0.64207   0.86001   0.57666   0.89709   0.04913   0.10653   0.25452   0.81241   0.67983   0.00000   0.33069   0.79363   1.04399   1.09469   1.27699   1.05488   0.47850   0.41392   0.51782   0.21907   1.49867   0.45915   0.20350   0.04617   0.26788   0.10426   0.21198   0.20858   0.13033   1.41749   0.18209   2.05820   0.88119   1.89460  15.66984  14.98510   0.08124   1.00000  
 87  0.0470   7439.480718  x:  4.83097   0.10789   0.06384   0.44816   0.64225   0.86165   0.57584   0.89708   0.04984   0.10701   0.25388   0.81170   0.67942   0.00000   0.33188   0.79000   1.04253   1.09187   1.27626   1.05340   0.47886   0.41412   0.51744   0.21765   1.50283   0.45862   0.20276   0.04610   0.26795   0.10444   0.21147   0.20907   0.13141   1.41713   0.18236   2.05384   0.87888   1.89406  15.68076  14.99504   0.08129   1.00000  
 88  0.0104   7439.480191  x:  4.82480   0.10748   0.06409   0.44677   0.64357   0.86058   0.57697   0.89507   0.04991   0.10689   0.25401   0.81092   0.67962   0.00000   0.33209   0.78744   1.04125   1.09102   1.27402   1.05344   0.47880   0.41466   0.51705   0.21757   1.50202   0.45876   0.20304   0.04608   0.26795   0.10420   0.21158   0.20909   0.13130   1.41723   0.18230   2.05339   0.88038   1.89411  15.68716  15.00054   0.08133   1.00000  
 89  0.0071   7439.480097  x:  4.82610   0.10737   0.06413   0.44717   0.64386   0.86100   0.57703   0.89522   0.04977   0.10688   0.25426   0.81092   0.67974   0.00000   0.33239   0.78704   1.04123   1.09163   1.27294   1.05414   0.47887   0.41462   0.51709   0.21775   1.50276   0.45910   0.20292   0.04602   0.26806   0.10425   0.21168   0.20904   0.13159   1.41683   0.18196   2.05371   0.88046   1.89419  15.68954  15.00337   0.08134   1.00000  
 90  0.0029   7439.480081  x:  4.82495   0.10742   0.06410   0.44734   0.64359   0.86058   0.57698   0.89499   0.04973   0.10685   0.25430   0.81085   0.67958   0.00000   0.33260   0.78665   1.04114   1.09142   1.27251   1.05411   0.47884   0.41455   0.51709   0.21779   1.50244   0.45907   0.20290   0.04602   0.26806   0.10426   0.21167   0.20903   0.13152   1.41636   0.18206   2.05284   0.88020   1.89408  15.69006  15.00367   0.08135   1.00000  
 91  0.0015   7439.480076  x:  4.82528   0.10752   0.06408   0.44735   0.64359   0.86085   0.57692   0.89500   0.04971   0.10683   0.25428   0.81088   0.67950   0.00000   0.33273   0.78646   1.04109   1.09132   1.27235   1.05407   0.47884   0.41453   0.51710   0.21776   1.50242   0.45906   0.20290   0.04605   0.26807   0.10425   0.21168   0.20904   0.13147   1.41628   0.18209   2.05314   0.88021   1.89410  15.68967  15.00325   0.08135   1.00000  
 92  0.0005   7439.480075  x:  4.82502   0.10757   0.06408   0.44738   0.64355   0.86082   0.57694   0.89500   0.04971   0.10685   0.25427   0.81089   0.67952   0.00000   0.33279   0.78641   1.04111   1.09132   1.27229   1.05404   0.47886   0.41454   0.51708   0.21772   1.50243   0.45909   0.20291   0.04603   0.26805   0.10425   0.21167   0.20903   0.13147   1.41631   0.18209   2.05316   0.88024   1.89413  15.69000  15.00360   0.08135   1.00000  
 93  0.0004   7439.480074  x:  4.82505   0.10759   0.06408   0.44739   0.64355   0.86082   0.57694   0.89502   0.04971   0.10684   0.25427   0.81089   0.67954   0.00000   0.33280   0.78638   1.04112   1.09134   1.27230   1.05405   0.47884   0.41455   0.51707   0.21772   1.50245   0.45909   0.20291   0.04604   0.26805   0.10425   0.21167   0.20904   0.13146   1.41631   0.18208   2.05315   0.88025   1.89412  15.69007  15.00370   0.08135   1.00000  
 94  0.0001   7439.480074  x:  4.82503   0.10759   0.06408   0.44739   0.64355   0.86082   0.57694   0.89502   0.04972   0.10684   0.25427   0.81089   0.67953   0.00000   0.33280   0.78637   1.04111   1.09134   1.27231   1.05405   0.47885   0.41455   0.51707   0.21773   1.50246   0.45908   0.20291   0.04604   0.26806   0.10425   0.21167   0.20904   0.13145   1.41631   0.18207   2.05313   0.88025   1.89412  15.69006  15.00368   0.08135   1.00000  
 95  0.0000   7439.480074  x:  4.82502   0.10760   0.06408   0.44739   0.64355   0.86082   0.57694   0.89502   0.04972   0.10685   0.25427   0.81089   0.67953   0.00000   0.33279   0.78638   1.04111   1.09134   1.27231   1.05405   0.47885   0.41455   0.51707   0.21773   1.50246   0.45908   0.20291   0.04604   0.26806   0.10425   0.21167   0.20904   0.13144   1.41632   0.18207   2.05313   0.88025   1.89412  15.69009  15.00371   0.08135   1.00000  
 96  0.0000   7439.480074  x:  4.82503   0.10760   0.06408   0.44739   0.64355   0.86082   0.57694   0.89502   0.04972   0.10684   0.25427   0.81089   0.67953   0.00000   0.33279   0.78638   1.04111   1.09134   1.27231   1.05405   0.47885   0.41455   0.51708   0.21773   1.50246   0.45908   0.20291   0.04604   0.26806   0.10425   0.21167   0.20904   0.13144   1.41632   0.18207   2.05313   0.88025   1.89412  15.69009  15.00371   0.08135   1.00001  
 97  0.0000   7439.480074  x:  4.82502   0.10760   0.06408   0.44739   0.64355   0.86082   0.57694   0.89502   0.04972   0.10684   0.25427   0.81089   0.67953   0.00000   0.33279   0.78638   1.04111   1.09134   1.27231   1.05405   0.47885   0.41455   0.51707   0.21773   1.50246   0.45908   0.20291   0.04604   0.26806   0.10425   0.21167   0.20904   0.13144   1.41632   0.18207   2.05313   0.88025   1.89412  15.69009  15.00371   0.08135   1.00001  
 98  0.0000   7439.480074  x:  4.82502   0.10760   0.06408   0.44739   0.64355   0.86082   0.57694   0.89502   0.04972   0.10684   0.25427   0.81089   0.67953   0.00000   0.33279   0.78638   1.04111   1.09134   1.27231   1.05405   0.47885   0.41455   0.51707   0.21773   1.50246   0.45908   0.20291   0.04604   0.26806   0.10425   0.21167   0.20904   0.13144   1.41632   0.18207   2.05312   0.88025   1.89412  15.69009  15.00371   0.08135   1.00001  
 99  0.0000   7439.480074  x:  4.82502   0.10760   0.06408   0.44739   0.64355   0.86082   0.57694   0.89502   0.04972   0.10684   0.25427   0.81089   0.67953   0.00000   0.33279   0.78638   1.04111   1.09134   1.27231   1.05405   0.47885   0.41455   0.51707   0.21773   1.50246   0.45908   0.20291   0.04604   0.26806   0.10425   0.21167   0.20904   0.13144   1.41632   0.18207   2.05312   0.88025   1.89412  15.69009  15.00371   0.08135   1.00001  