

TREE # 1

  0  0.0000   9218.756645  x:  0.17444   0.02804   0.07307   0.00000   0.21220   0.15259   0.14764   0.15672   0.09176   0.01488   0.10164   0.09888   0.08304   0.02822   0.03654   0.11840   0.16638   0.13073   0.17006   0.12456   0.13600   0.08105   0.05011   0.02312   0.14692   0.15208   0.08109   0.04353   0.13235   0.02986   0.05286   0.04009   0.10565   0.11049   0.05181   0.16210   0.10351   2.00000   1.39835   0.16116   0.29812   1.40136  
  1 99.0000   8114.355929  x:  0.33844   0.14833   0.13422   0.32840   0.26345   0.21879   0.20669   0.22881   0.13401   0.10700   0.15891   0.22714   0.21378   0.09896   0.15701   0.18758   0.24329   0.24200   0.25695   0.23630   0.18617   0.18005   0.21798   0.13280   0.26973   0.19678   0.10888   0.05592   0.15033   0.08377   0.12655   0.14495   0.14705   0.24467   0.15062   0.28362   0.25635   1.99211   1.43175   0.12827   0.00000   1.40097  
  2 3551.9938   7963.235287  x:  0.52140   0.28250   0.20241   0.69468   0.32063   0.29264   0.27256   0.30924   0.18113   0.20974   0.22280   0.37022   0.35962   0.17787   0.29139   0.26475   0.32909   0.36614   0.35389   0.36096   0.24214   0.29048   0.40521   0.25513   0.40675   0.24665   0.13987   0.06973   0.17037   0.14390   0.20875   0.26191   0.19322   0.39437   0.26085   0.41919   0.42685   1.98330   1.46901   0.09157   0.00098   1.40053  
  3 19093.3361   7874.573237  x:  0.62448   0.26398   0.14637   0.68085   0.31549   0.31586   0.30526   0.36020   0.11951   0.15532   0.18642   0.38816   0.36371   0.13941   0.30146   0.29259   0.38106   0.42965   0.40642   0.39170   0.22101   0.26576   0.38173   0.21743   0.47674   0.24395   0.10123   0.00000   0.13867   0.06360   0.13990   0.18586   0.17656   0.43543   0.26456   0.49461   0.47519   1.98074   1.42431   0.13883   0.00097   1.39866  
  4 394.7825   7819.691627  x:  0.76800   0.22574   0.05545   0.64433   0.30347   0.34706   0.34149   0.42117   0.02144   0.07063   0.13395   0.41082   0.36685   0.08123   0.30858   0.32321   0.44455   0.50635   0.47378   0.43357   0.20017   0.23225   0.34325   0.15519   0.57480   0.23957   0.14332   0.12119   0.14589   0.02280   0.07578   0.09179   0.13915   0.49081   0.25672   0.59329   0.53216   1.97711   1.36420   0.20308   0.00095   1.39562  
  5 810.8168   7804.459241  x:  0.80944   0.20762   0.03328   0.62008   0.29802   0.35470   0.34786   0.43489   0.00000   0.05078   0.12294   0.41490   0.36632   0.06605   0.30618   0.32848   0.45946   0.52361   0.49059   0.44577   0.20347   0.22469   0.32807   0.13717   0.60140   0.23623   0.14043   0.12209   0.15568   0.06011   0.09698   0.09616   0.12161   0.50594   0.24617   0.61912   0.54224   1.97599   1.34531   0.22356   0.00094   1.39445  
  6 419.8931   7773.855749  x:  0.99182   0.10617   0.05701   0.46025   0.27250   0.38316   0.35047   0.46928   0.05554   0.06779   0.13093   0.42646   0.37492   0.04672   0.28041   0.33295   0.50221   0.56890   0.54788   0.51176   0.29241   0.22853   0.26146   0.10837   0.71234   0.23615   0.14830   0.15307   0.18335   0.00847   0.17956   0.18544   0.01381   0.57859   0.15437   0.71491   0.55223   1.96921   1.26468   0.31368   0.00092   1.38744  
  7 272.0028   7765.768235  x:  1.03512   0.09067   0.07235   0.41316   0.27389   0.39038   0.34744   0.47314   0.07715   0.08298   0.14281   0.42942   0.38028   0.05095   0.27190   0.33086   0.50821   0.57340   0.55892   0.52732   0.31203   0.23936   0.25873   0.11408   0.73373   0.24348   0.15112   0.15538   0.18770   0.03138   0.15662   0.17831   0.00000   0.60249   0.13079   0.73611   0.54934   1.96728   1.24481   0.33665   0.00091   1.38509  
  8 244.5007   7756.608282  x:  1.13838   0.12546   0.05562   0.27091   0.31824   0.41097   0.32124   0.45833   0.06251   0.08306   0.17729   0.43984   0.39911   0.05962   0.23589   0.30751   0.49831   0.54971   0.57022   0.55377   0.34313   0.29604   0.31012   0.14753   0.75689   0.26980   0.16201   0.15542   0.20922   0.02514   0.17865   0.16727   0.07101   0.68814   0.09958   0.78111   0.52661   1.95855   1.19210   0.40126   0.00090   1.37577  
  9 121.8139   7754.351494  x:  1.17596   0.10302   0.06223   0.25585   0.41433   0.42656   0.32410   0.45420   0.04701   0.07321   0.19141   0.44921   0.41490   0.07334   0.22715   0.31365   0.49190   0.52733   0.56877   0.55481   0.33505   0.28789   0.32872   0.15723   0.73051   0.26784   0.16340   0.16149   0.19346   0.02547   0.17314   0.19026   0.05648   0.71114   0.11320   0.78966   0.51490   1.95456   1.15888   0.44806   0.00090   1.36462  
 10 38.3214   7753.643132  x:  1.19140   0.10415   0.06814   0.24716   0.44642   0.42650   0.33428   0.46238   0.05761   0.08204   0.19162   0.44861   0.41945   0.08083   0.23123   0.33400   0.49915   0.52881   0.57031   0.55341   0.33479   0.27707   0.32647   0.15997   0.71382   0.26653   0.16392   0.16146   0.21460   0.02411   0.18760   0.17372   0.05607   0.71746   0.13497   0.79258   0.51448   1.95034   1.15519   0.46484   0.00090   1.35365  
 11 21.8232   7752.630386  x:  1.21083   0.12320   0.05634   0.24264   0.45470   0.41141   0.34888   0.47879   0.07117   0.08138   0.18270   0.45132   0.42743   0.07170   0.24302   0.37651   0.51851   0.54737   0.57501   0.54815   0.34760   0.29312   0.34274   0.16673   0.69235   0.27456   0.17661   0.16278   0.21089   0.02738   0.17804   0.19900   0.05241   0.72294   0.16139   0.79230   0.51571   1.94314   1.15788   0.50345   0.00089   1.31856  
 12 12.7440   7750.175486  x:  1.24489   0.14743   0.05520   0.30793   0.43758   0.39082   0.35288   0.48863   0.06520   0.07347   0.20451   0.48847   0.46305   0.07536   0.26765   0.41644   0.53107   0.56781   0.58574   0.56225   0.36661   0.32830   0.38366   0.19128   0.68936   0.29911   0.17512   0.17160   0.19591   0.02863   0.20775   0.17541   0.01282   0.73518   0.16320   0.78927   0.52689   1.93511   1.15396   0.63292   0.00089   1.21072  
 13 22.7583   7745.633570  x:  1.29662   0.19240   0.07194   0.43094   0.41852   0.41494   0.37199   0.50627   0.03782   0.07257   0.24157   0.53853   0.50551   0.10178   0.29714   0.41562   0.52735   0.58574   0.60118   0.61206   0.37192   0.31871   0.39916   0.21849   0.74771   0.31513   0.17154   0.17771   0.25500   0.02800   0.18571   0.22405   0.02474   0.78076   0.17292   0.81238   0.58727   1.93069   1.18755   0.84113   0.00087   1.00000  
 14 51.7370   7743.291109  x:  1.31103   0.18469   0.06555   0.48853   0.44313   0.47314   0.39904   0.52454   0.04673   0.10116   0.23722   0.53879   0.50736   0.10513   0.30972   0.38865   0.53533   0.60773   0.60598   0.63945   0.38177   0.32836   0.42256   0.22563   0.80359   0.30346   0.19442   0.18255   0.21202   0.03667   0.20680   0.22269   0.05035   0.81895   0.17727   0.84680   0.63231   1.94356   1.24729   0.93113   0.00086   1.00000  
 15 36.7869   7742.538278  x:  1.30229   0.16110   0.05673   0.51109   0.45746   0.49204   0.39108   0.51789   0.05255   0.10851   0.21153   0.53044   0.50462   0.09553   0.32262   0.37485   0.55069   0.62301   0.61203   0.63789   0.38532   0.35103   0.45520   0.23504   0.81693   0.28746   0.19355   0.17924   0.23925   0.03326   0.20429   0.22215   0.04744   0.83679   0.16971   0.86492   0.63770   1.96397   1.26579   0.96955   0.00085   1.00000  
 16 19.4101   7741.740779  x:  1.28727   0.15394   0.06501   0.51279   0.45329   0.48523   0.37387   0.51443   0.05439   0.12301   0.18082   0.53186   0.51568   0.10295   0.35491   0.36303   0.57786   0.63939   0.63760   0.62895   0.36567   0.33222   0.45824   0.25995   0.82143   0.28348   0.19174   0.18550   0.22893   0.03606   0.21042   0.22814   0.06180   0.86815   0.16509   0.89507   0.62349   1.99987   1.28520   1.03108   0.00085   1.00000  
 17 10.5933   7740.327351  x:  1.27301   0.13921   0.03608   0.50005   0.45312   0.47639   0.40489   0.55383   0.04409   0.14058   0.19691   0.56750   0.54393   0.10992   0.38109   0.34343   0.59256   0.63955   0.66557   0.61816   0.36556   0.32929   0.45826   0.26975   0.82213   0.28587   0.18655   0.18577   0.23621   0.03337   0.20793   0.23078   0.05007   0.90625   0.15666   0.93499   0.59140   2.03693   1.36781   1.11406   0.00085   1.00000  
 18 13.2369   7735.519219  x:  1.31222   0.16810   0.11942   0.48900   0.46782   0.46404   0.46066   0.62177   0.04633   0.07909   0.17876   0.61340   0.55263   0.04297   0.38580   0.30879   0.58984   0.63346   0.69531   0.60858   0.40056   0.35732   0.44104   0.24729   0.84856   0.30400   0.18525   0.18052   0.24229   0.04086   0.20926   0.21481   0.01370   0.99950   0.18164   1.04319   0.56302   2.07990   1.65021   1.44981   0.00084   1.00000  
 19 29.5710   7731.214557  x:  1.34274   0.17224   0.11770   0.48321   0.47012   0.46195   0.45522   0.62032   0.04272   0.08194   0.18570   0.61745   0.54500   0.05014   0.38707   0.31784   0.59550   0.64035   0.70146   0.62844   0.41130   0.36666   0.43558   0.22075   0.86295   0.30540   0.18985   0.17547   0.24072   0.04322   0.20561   0.21096   0.00000   1.02306   0.19833   1.07758   0.56981   2.08369   1.77701   1.61527   0.00083   1.00000  
 20 95.2430   7721.323799  x:  1.47853   0.15621   0.08461   0.45877   0.49321   0.51156   0.44426   0.61015   0.06073   0.07339   0.21757   0.60242   0.57134   0.00000   0.36491   0.37366   0.63438   0.69607   0.71902   0.65786   0.37271   0.32616   0.44130   0.26488   0.93447   0.38907   0.20248   0.15851   0.25137   0.04685   0.20465   0.20467   0.00000   1.04483   0.16904   1.11403   0.60083   2.03401   2.19906   2.09541   0.00082   1.00000  
 21 128.4546   7717.169418  x:  1.60561   0.16448   0.08183   0.42604   0.48635   0.56471   0.49340   0.65953   0.06349   0.05443   0.15509   0.58549   0.59132   0.07484   0.37166   0.37716   0.65426   0.71915   0.74171   0.65810   0.34444   0.32925   0.47137   0.30676   0.95744   0.37036   0.16552   0.17178   0.25081   0.05020   0.20418   0.20479   0.00000   1.01115   0.10438   1.08170   0.63717   1.97427   2.44180   2.38947   0.00081   1.00000  