

TREE # 1

  0  0.0000   9222.549337  x:  0.17444   0.02804   0.07307   0.00000   0.21220   0.15259   0.14764   0.15672   0.09176   0.01488   0.10164   0.09888   0.08304   0.02822   0.03654   0.11840   0.16638   0.13073   0.17006   0.12456   0.13600   0.08105   0.05011   0.02312   0.14692   0.15208   0.08109   0.04353   0.13235   0.02986   0.05286   0.04009   0.10565   0.11049   0.05181   0.16210   0.10351   2.00000   1.39835   0.16116   0.29812   1.40136  
  1 99.0000   8115.621468  x:  0.33938   0.14954   0.13474   0.33166   0.26370   0.21938   0.20716   0.22924   0.13449   0.10764   0.15982   0.23046   0.21251   0.09872   0.16617   0.18714   0.24364   0.24259   0.25664   0.23617   0.18626   0.18010   0.21988   0.13328   0.27038   0.19715   0.10919   0.05606   0.15048   0.08415   0.12713   0.14551   0.14748   0.24559   0.15121   0.28435   0.25731   1.99206   1.43229   0.12836   0.00000   1.40048  
  2 3560.1238   7960.065104  x:  0.54889   0.30383   0.21303   0.75283   0.32910   0.30420   0.28277   0.32135   0.18874   0.22542   0.23370   0.39758   0.37694   0.18824   0.33080   0.27445   0.34178   0.38468   0.36661   0.37793   0.25009   0.30591   0.43547   0.27319   0.42720   0.25439   0.14487   0.07195   0.17349   0.15308   0.22145   0.27937   0.20061   0.41717   0.27745   0.43964   0.45266   1.98197   1.47540   0.08670   0.00112   1.39935  
  3 19467.2747   7872.647656  x:  0.65185   0.28615   0.15697   0.74238   0.32555   0.32808   0.31643   0.37269   0.12681   0.16970   0.19638   0.41807   0.38857   0.15191   0.33699   0.30144   0.39290   0.44810   0.41606   0.40192   0.22708   0.27782   0.41102   0.23526   0.49733   0.25149   0.10433   0.00000   0.14132   0.06903   0.14843   0.19940   0.18488   0.45779   0.28159   0.51501   0.50085   1.97934   1.42573   0.13819   0.00110   1.39772  
  4 377.3557   7816.320708  x:  0.79882   0.24823   0.06255   0.71167   0.31454   0.36043   0.35397   0.43478   0.02475   0.07996   0.14124   0.44337   0.40397   0.09438   0.33837   0.33168   0.45615   0.52649   0.48035   0.43710   0.20246   0.23847   0.37031   0.17051   0.59807   0.24569   0.15073   0.12175   0.15213   0.02008   0.07715   0.09654   0.14716   0.51387   0.27421   0.61592   0.55923   1.97603   1.35554   0.21199   0.00108   1.39454  
  5 780.9924   7800.564253  x:  0.84150   0.23062   0.03746   0.69045   0.30919   0.36850   0.36116   0.44926   0.00000   0.05644   0.12880   0.44760   0.40726   0.07811   0.33421   0.33718   0.47140   0.54493   0.49661   0.44794   0.20377   0.22902   0.35451   0.15093   0.62572   0.24180   0.14852   0.12395   0.16190   0.05883   0.09525   0.09580   0.12990   0.52931   0.26457   0.64285   0.57046   1.97515   1.33331   0.23580   0.00108   1.39317  
  6 451.9600   7772.267205  x:  1.01609   0.13505   0.03631   0.55308   0.28176   0.39588   0.36519   0.48244   0.03066   0.04631   0.13169   0.45263   0.42934   0.04685   0.30058   0.34066   0.51105   0.59080   0.54685   0.50937   0.28503   0.22880   0.28771   0.11326   0.73322   0.23727   0.15453   0.15217   0.18791   0.00000   0.19596   0.19879   0.02663   0.59760   0.18043   0.73558   0.58312   1.97062   1.24369   0.33614   0.00106   1.38415  
  7 273.8269   7761.254791  x:  1.06991   0.10898   0.05525   0.50097   0.27800   0.40449   0.36420   0.49016   0.05871   0.06263   0.14335   0.45314   0.43745   0.04781   0.28957   0.33994   0.52089   0.60091   0.56102   0.53026   0.31031   0.23642   0.27470   0.11417   0.76312   0.24381   0.15755   0.15818   0.19210   0.01639   0.17970   0.20145   0.00000   0.62308   0.15080   0.76293   0.58237   1.96912   1.21663   0.36760   0.00105   1.38046  
  8 341.8379   7749.680178  x:  1.19242   0.13278   0.02569   0.32878   0.31670   0.42915   0.33425   0.47393   0.03866   0.06893   0.19266   0.45628   0.45723   0.06722   0.25841   0.31403   0.51129   0.57685   0.57763   0.57905   0.35580   0.31489   0.33753   0.15087   0.79524   0.27847   0.17444   0.15123   0.23289   0.01174   0.19754   0.17797   0.06407   0.72464   0.10021   0.81667   0.55345   1.96046   1.16113   0.44299   0.00103   1.36382  
  9 117.9695   7747.622495  x:  1.22916   0.13250   0.06261   0.29196   0.39085   0.44106   0.33584   0.47222   0.02615   0.04722   0.19257   0.45895   0.46027   0.06584   0.26396   0.31806   0.50753   0.56115   0.58004   0.58482   0.34657   0.30335   0.34882   0.16337   0.77879   0.27898   0.17830   0.15933   0.21047   0.01531   0.19765   0.19935   0.07580   0.75112   0.11325   0.82879   0.54500   1.95634   1.14513   0.47571   0.00103   1.34946  
 10 42.7300   7746.549196  x:  1.25081   0.11701   0.04283   0.27639   0.45060   0.44453   0.34277   0.47576   0.03232   0.07011   0.20622   0.46633   0.46451   0.07272   0.27986   0.33375   0.50981   0.55261   0.57969   0.58741   0.34398   0.28959   0.35734   0.15943   0.75504   0.26830   0.17578   0.16297   0.21421   0.01393   0.20288   0.19919   0.06893   0.76195   0.13146   0.83328   0.53920   1.95467   1.14095   0.50148   0.00103   1.33062  
 11 33.2419   7745.967977  x:  1.26475   0.11391   0.04017   0.27751   0.46864   0.43523   0.34934   0.48214   0.04982   0.05530   0.19741   0.47095   0.46437   0.06146   0.29264   0.35043   0.51773   0.55737   0.57682   0.58381   0.35206   0.29555   0.36932   0.17416   0.73897   0.27689   0.17942   0.15849   0.23870   0.01195   0.20530   0.19313   0.05644   0.76636   0.14052   0.83264   0.53539   1.95326   1.14974   0.52738   0.00103   1.29960  
 12 14.2534   7743.929745  x:  1.31641   0.16282   0.02187   0.28954   0.45065   0.38766   0.36220   0.50157   0.05154   0.05906   0.19145   0.49119   0.46938   0.06724   0.33689   0.39114   0.54594   0.58532   0.56968   0.58646   0.37079   0.31464   0.38502   0.19341   0.70905   0.29668   0.20114   0.16154   0.20897   0.01837   0.20501   0.21434   0.03327   0.78063   0.16718   0.83157   0.54021   1.95099   1.19874   0.66051   0.00102   1.13374  
 13 18.9689   7741.616879  x:  1.34740   0.18665   0.04336   0.31697   0.44245   0.38298   0.37159   0.51068   0.03768   0.06868   0.20328   0.50369   0.47640   0.07318   0.35377   0.39925   0.55160   0.59638   0.56709   0.59512   0.37230   0.31608   0.39090   0.19522   0.71165   0.29704   0.19821   0.16452   0.22267   0.01669   0.21864   0.20424   0.02317   0.79253   0.17621   0.83504   0.55302   1.94969   1.24379   0.75874   0.00102   1.00000  
 14 62.5875   7737.173829  x:  1.41672   0.20761   0.01927   0.43995   0.45319   0.44713   0.39801   0.52273   0.02809   0.05360   0.24294   0.53303   0.49838   0.06808   0.37418   0.38735   0.53935   0.61510   0.56777   0.63397   0.39090   0.33902   0.43905   0.21560   0.77870   0.30379   0.18776   0.17331   0.24075   0.02203   0.18710   0.25256   0.00000   0.83864   0.18153   0.85793   0.60637   1.95331   1.43026   1.07470   0.00100   1.00000  
 15 65.0496   7734.328775  x:  1.42936   0.18091   0.00674   0.49234   0.47022   0.49653   0.40155   0.52946   0.07827   0.06117   0.21351   0.53416   0.50228   0.07226   0.38737   0.39748   0.55657   0.64948   0.60743   0.66611   0.39278   0.33728   0.45574   0.24382   0.84384   0.31804   0.21269   0.17860   0.20310   0.02847   0.23148   0.23044   0.00000   0.87017   0.18451   0.89374   0.64666   1.96445   1.56996   1.25855   0.00098   1.00000  
 16 52.2043   7732.323310  x:  1.40203   0.14573   0.01640   0.50270   0.46703   0.49608   0.38613   0.53653   0.09892   0.08839   0.16264   0.54125   0.51198   0.07789   0.40542   0.41884   0.59338   0.67957   0.66527   0.67736   0.38749   0.32938   0.45339   0.24010   0.86753   0.29525   0.22748   0.17598   0.24109   0.03023   0.21605   0.26942   0.00000   0.88874   0.18739   0.93085   0.66183   1.98304   1.63065   1.38025   0.00098   1.00000  
 17 29.9259   7731.288497  x:  1.37366   0.12258   0.02016   0.51436   0.46577   0.47727   0.40406   0.56663   0.11696   0.08541   0.17784   0.56736   0.53433   0.04961   0.40207   0.41622   0.60818   0.67979   0.68797   0.66877   0.40718   0.33604   0.44107   0.23610   0.86627   0.29224   0.20876   0.19063   0.23150   0.03406   0.22195   0.26672   0.00000   0.89434   0.17968   0.95151   0.65202   1.99365   1.64689   1.45924   0.00098   1.00000  
 18 16.1774   7730.536457  x:  1.36213   0.13177   0.01819   0.51074   0.47466   0.46974   0.42229   0.58996   0.13004   0.07578   0.18987   0.57697   0.53717   0.05276   0.39552   0.41002   0.62156   0.67586   0.70132   0.67818   0.42331   0.33245   0.41200   0.22748   0.87099   0.30824   0.20295   0.19414   0.23811   0.03574   0.22118   0.26808   0.04820   0.89609   0.18685   0.97364   0.64884   1.99523   1.68996   1.51905   0.00098   1.00000  
 19 17.1327   7727.550800  x:  1.38653   0.10490   0.02709   0.51964   0.51596   0.45521   0.44811   0.61720   0.11016   0.04467   0.20834   0.57605   0.50989   0.11465   0.38794   0.40298   0.67159   0.66926   0.71082   0.74903   0.45389   0.37292   0.38178   0.17758   0.88423   0.37164   0.22742   0.17602   0.24484   0.03752   0.21614   0.25767   0.03519   0.84858   0.17225   1.02741   0.64858   1.98745   1.89166   1.79302   0.00097   1.00000  
 20 20.0096   7718.037669  x:  1.52612   0.15441   0.04700   0.48097   0.58595   0.46277   0.43029   0.60516   0.08930   0.09550   0.20804   0.53265   0.50336   0.00000   0.32049   0.41746   0.75395   0.70396   0.71624   0.81975   0.47318   0.41446   0.41812   0.10315   0.96157   0.40523   0.24722   0.15074   0.23920   0.04735   0.20387   0.23408   0.04954   0.79466   0.17241   1.14783   0.69830   1.96501   2.51644   2.56470   0.00096   1.00000  
 21 65.4074   7701.849346  x:  1.85164   0.14652   0.03698   0.26490   0.55526   0.52517   0.43786   0.61943   0.01802   0.05455   0.26804   0.61922   0.62448   0.00515   0.35618   0.47386   0.81688   0.77247   0.82262   0.86110   0.39490   0.32835   0.44815   0.24619   1.11809   0.38976   0.18809   0.13732   0.24727   0.05704   0.17256   0.20060   0.00000   0.86581   0.13520   1.29252   0.77496   1.95567   3.95786   4.08805   0.00091   1.00000  
 22 147.8776   7701.849346  x:  1.85164   0.14652   0.03698   0.26490   0.55526   0.52517   0.43786   0.61943   0.01802   0.05455   0.26804   0.61922   0.62448   0.00515   0.35618   0.47386   0.81688   0.77247   0.82262   0.86110   0.39490   0.32835   0.44815   0.24619   1.11809   0.38976   0.18809   0.13732   0.24727   0.05704   0.17256   0.20060   0.00000   0.86581   0.13520   1.29252   0.77496   1.95567   3.95786   4.08805   0.00091   1.00000  
 23 89.2586   7553.937471  x:  1.85167   0.14654   0.03705   0.26497   0.55526   0.52520   0.43789   0.61946   0.01811   0.05461   0.26802   0.61922   0.62445   0.00518   0.35619   0.47386   0.81688   0.77249   0.82263   0.86110   0.39491   0.32836   0.44813   0.24616   1.11809   0.38974   0.18803   0.13713   0.24725   0.05714   0.17258   0.20058   0.00003   0.86586   0.13520   1.29253   0.77497   1.95568   3.95786   4.08806   0.07057   1.00000  
 24 23855.3118   7501.765277  x:  1.90332   0.22150   0.14785   0.36046   0.60622   0.58528   0.50269   0.68668   0.14585   0.17533   0.30056   0.66090   0.64702   0.11072   0.40628   0.51865   0.84919   0.82273   0.86688   0.89805   0.45460   0.38741   0.48484   0.26915   1.15394   0.42127   0.19545   0.05951   0.28412   0.19078   0.23925   0.23827   0.55579   0.94248   0.18819   1.32906   0.82465   1.92949   4.17419   3.87154   0.08062   1.00000  
 25 363.0889   7477.934495  x:  1.97499   0.18091   0.09925   0.40549   0.63341   0.65226   0.56749   0.76005   0.09570   0.12376   0.28068   0.70901   0.65495   0.08086   0.42755   0.56278   0.89030   0.88663   0.92349   0.91797   0.47210   0.41921   0.50663   0.22748   1.20054   0.42076   0.19568   0.00000   0.25892   0.07348   0.19868   0.19787   0.55292   0.99722   0.21415   1.38111   0.86873   1.90041   4.34266   3.70294   0.08221   1.00000  
 26 114.3758   7473.009703  x:  2.00343   0.16488   0.08077   0.42270   0.64357   0.67801   0.59192   0.78800   0.07628   0.10387   0.27282   0.72738   0.65779   0.06903   0.43557   0.57985   0.90614   0.91129   0.94543   0.92567   0.47867   0.43078   0.51447   0.21140   1.21880   0.42086   0.19877   0.02244   0.25044   0.03615   0.18481   0.18406   0.55199   1.01847   0.22380   1.40150   0.88560   1.88918   4.40789   3.63766   0.08289   1.00000  
 27 973.3221   7465.121176  x:  2.05773   0.12867   0.04652   0.44393   0.65422   0.71762   0.62385   0.82826   0.03519   0.06255   0.25543   0.75439   0.65879   0.03814   0.44389   0.60696   0.93111   0.95089   0.98158   0.93667   0.48392   0.43912   0.51927   0.18241   1.25045   0.41767   0.21178   0.02765   0.24733   0.10609   0.18003   0.18221   0.51419   1.05178   0.23263   1.43779   0.91007   1.87128   4.50548   3.54003   0.08357   1.00000  
 28 213.1925   7462.079369  x:  2.14403   0.09396   0.10073   0.44546   0.64216   0.74172   0.61471   0.83899   0.07603   0.07566   0.24113   0.76196   0.64769   0.01267   0.43705   0.62893   0.94643   0.98065   1.01404   0.94943   0.47940   0.40717   0.48840   0.18196   1.28593   0.41519   0.18493   0.02947   0.24251   0.10484   0.22714   0.21574   0.47071   1.08612   0.21216   1.48186   0.91832   1.85753   4.53982   3.50582   0.08364   1.00000  
 29 45.3354   7459.825900  x:  2.21370   0.08066   0.11207   0.44017   0.62742   0.75417   0.59815   0.83878   0.07636   0.09357   0.23240   0.76277   0.63549   0.00000   0.42815   0.64141   0.95299   0.99606   1.03598   0.95748   0.47306   0.38568   0.46804   0.17655   1.30843   0.40817   0.18497   0.02970   0.24795   0.10834   0.21114   0.20036   0.47404   1.11216   0.19442   1.51526   0.91878   1.85265   4.53752   3.50827   0.08366   1.00000  
 30 46.0061   7456.808990  x:  2.42349   0.06885   0.07627   0.42517   0.58751   0.78305   0.54808   0.83177   0.03132   0.10834   0.21952   0.76523   0.60446   0.00000   0.39519   0.66707   0.96229   1.02134   1.09354   0.97574   0.45887   0.38911   0.47173   0.16560   1.36213   0.39248   0.19840   0.02849   0.23421   0.09529   0.23780   0.24912   0.50048   1.18283   0.15158   1.61109   0.90602   1.85491   4.50926   3.53707   0.08383   1.00000  
 31 54.3078   7453.719996  x:  2.71164   0.07409   0.03143   0.43708   0.56857   0.81839   0.50613   0.83105   0.09064   0.09252   0.24236   0.77654   0.59812   0.00000   0.34673   0.69083   0.96650   1.03243   1.16045   0.99469   0.46437   0.46553   0.54768   0.20891   1.42101   0.41254   0.20489   0.02929   0.23956   0.10257   0.23983   0.23887   0.47848   1.26632   0.12325   1.73524   0.87371   1.87414   4.46534   3.58187   0.08384   1.00000  
 32 52.7101   7451.760477  x:  2.93547   0.10074   0.09569   0.46398   0.58461   0.84215   0.51230   0.84751   0.04954   0.07115   0.27324   0.79036   0.62313   0.00000   0.32034   0.70514   0.96904   1.02594   1.20554   1.00675   0.46695   0.51462   0.60159   0.24084   1.44815   0.43942   0.20547   0.03039   0.24969   0.10929   0.23700   0.23203   0.44877   1.32049   0.14775   1.82534   0.84698   1.89411   4.42033   3.62768   0.08381   1.00000  
 33 53.6017   7449.601105  x:  3.18618   0.10341   0.06715   0.51042   0.64572   0.85941   0.58652   0.89408   0.03581   0.12615   0.32876   0.81508   0.69401   0.00000   0.32283   0.72699   0.98258   1.00582   1.23976   1.02900   0.48456   0.50642   0.60590   0.24183   1.45145   0.45867   0.19532   0.03238   0.27257   0.11395   0.25117   0.24302   0.39953   1.35866   0.23193   1.91613   0.82216   1.92170   4.35480   3.69446   0.08367   1.00000  
 34 35.5844   7448.713538  x:  3.29015   0.10678   0.06472   0.52048   0.67450   0.85731   0.63014   0.91484   0.05833   0.09321   0.31363   0.82223   0.71679   0.00000   0.34481   0.74180   0.99997   0.99976   1.24468   1.04483   0.49367   0.48861   0.59098   0.23559   1.44262   0.46817   0.23721   0.03089   0.25861   0.11360   0.24799   0.25543   0.38662   1.36354   0.26390   1.94775   0.81518   1.92699   4.32229   3.72783   0.08361   1.00000  
 35 25.5816   7448.150584  x:  3.35125   0.10936   0.05679   0.50948   0.68671   0.84306   0.65279   0.91845   0.05824   0.06576   0.28518   0.82524   0.72377   0.00000   0.37838   0.75426   1.02281   1.00066   1.23660   1.06196   0.50813   0.48691   0.58602   0.23252   1.43046   0.47726   0.20890   0.03261   0.26475   0.11738   0.25563   0.24590   0.37804   1.35405   0.26876   1.95978   0.81507   1.92246   4.30872   3.74236   0.08356   1.00000  
 36 14.8936   7447.190228  x:  3.45684   0.11472   0.05911   0.46889   0.70101   0.80011   0.67675   0.90667   0.04822   0.09188   0.24800   0.83206   0.73477   0.00000   0.45566   0.77192   1.07400   1.00657   1.20382   1.09967   0.54180   0.51112   0.59813   0.23634   1.40399   0.49738   0.22546   0.03210   0.27384   0.12043   0.25029   0.24558   0.32151   1.31925   0.25105   1.96901   0.82104   1.90756   4.31443   3.73915   0.08352   1.00000  
 37 17.0594   7446.436002  x:  3.52529   0.12344   0.05765   0.45468   0.71478   0.77939   0.67168   0.88917   0.04703   0.08262   0.28534   0.84032   0.74292   0.00000   0.47932   0.75579   1.09459   1.01291   1.16199   1.10350   0.52394   0.50176   0.59956   0.22523   1.39485   0.48818   0.21267   0.03349   0.23387   0.12999   0.23051   0.24495   0.27711   1.29596   0.23148   1.96112   0.84720   1.90033   4.33591   3.72057   0.08344   1.00000  
 38  9.1540   7445.560796  x:  3.60002   0.13080   0.05180   0.44583   0.72869   0.76534   0.66096   0.87124   0.04374   0.05467   0.32581   0.84335   0.74224   0.00000   0.48812   0.72557   1.10636   1.01968   1.10850   1.09451   0.49258   0.48186   0.59531   0.21272   1.38826   0.47355   0.22367   0.03256   0.26558   0.12741   0.23372   0.23798   0.22157   1.27335   0.21242   1.94488   0.88264   1.89585   4.36764   3.69272   0.08340   1.00000  
 39 25.5017   7444.691069  x:  3.65093   0.12573   0.04515   0.45979   0.72875   0.79280   0.66394   0.88516   0.03467   0.06864   0.28652   0.81565   0.70014   0.00000   0.45601   0.68363   1.07908   1.02568   1.06697   1.05418   0.48530   0.48055   0.58744   0.21858   1.39041   0.48110   0.22563   0.03282   0.24906   0.13402   0.24129   0.21611   0.15752   1.27535   0.22638   1.90980   0.91166   1.89869   4.39322   3.67205   0.08317   1.00000  
 40  9.1768   7444.454670  x:  3.66052   0.12919   0.04522   0.45972   0.72088   0.80335   0.66508   0.89230   0.03795   0.06993   0.27392   0.81136   0.69409   0.00000   0.44785   0.67569   1.06562   1.02836   1.06805   1.04115   0.48839   0.48275   0.58497   0.21339   1.39086   0.47953   0.21661   0.03343   0.25657   0.13561   0.21904   0.23413   0.13825   1.28115   0.23086   1.89653   0.91099   1.89868   4.40018   3.66674   0.08310   1.00000  
 41 11.0898   7444.062604  x:  3.66104   0.14684   0.04547   0.44192   0.68395   0.82009   0.66068   0.90598   0.04081   0.06958   0.27140   0.82403   0.71639   0.00000   0.44597   0.68265   1.03063   1.03748   1.11764   1.02581   0.49927   0.48204   0.57267   0.19606   1.39111   0.47189   0.21836   0.03374   0.25328   0.13859   0.22508   0.22257   0.10740   1.30476   0.23153   1.86540   0.87694   1.89337   4.40980   3.66081   0.08301   1.00000  
 42  6.1005   7443.878221  x:  3.65679   0.13212   0.04010   0.44553   0.68374   0.81958   0.64901   0.90182   0.03461   0.06677   0.27204   0.82833   0.72182   0.00000   0.44220   0.70057   1.02203   1.04536   1.14827   1.03258   0.49051   0.46908   0.56808   0.22249   1.39397   0.48559   0.21849   0.03358   0.25303   0.13845   0.22049   0.22521   0.10120   1.31495   0.23371   1.85525   0.85863   1.89085   4.41338   3.65986   0.08303   1.00000  
 43  4.2034   7443.513762  x:  3.65368   0.11484   0.04719   0.46429   0.71000   0.80893   0.62691   0.88758   0.04004   0.07529   0.26143   0.82469   0.70623   0.00000   0.41664   0.74780   1.02636   1.06276   1.19590   1.05970   0.46411   0.46382   0.58733   0.20397   1.39838   0.46765   0.21687   0.03408   0.25565   0.13934   0.22034   0.22031   0.09197   1.33153   0.24404   1.85546   0.84338   1.88972   4.41023   3.66976   0.08298   1.00000  
 44  4.0960   7442.741786  x:  3.67930   0.18048   0.04085   0.44925   0.72077   0.78941   0.62333   0.88407   0.04316   0.08613   0.26546   0.80632   0.67854   0.00000   0.32621   0.81828   1.06391   1.07729   1.24290   1.08129   0.47643   0.43372   0.55837   0.22132   1.43621   0.46547   0.21321   0.03458   0.26008   0.13848   0.21841   0.21656   0.07864   1.36187   0.23438   1.90350   0.87044   1.88357   4.41472   3.68248   0.08300   1.00000  
 45  4.3793   7441.783472  x:  3.72755   0.11682   0.05831   0.41947   0.69542   0.79325   0.63476   0.89367   0.04424   0.08637   0.28830   0.80263   0.68062   0.00000   0.24208   0.86060   1.09627   1.06395   1.27122   1.06615   0.51703   0.43738   0.52339   0.21916   1.47452   0.46251   0.21237   0.03484   0.26519   0.13587   0.21450   0.21006   0.09986   1.37019   0.19200   1.96773   0.90936   1.89157   4.40781   3.71043   0.08306   1.00000  
 46  8.8669   7440.998366  x:  3.81972   0.11129   0.05993   0.42772   0.64608   0.84574   0.59387   0.88463   0.05553   0.10516   0.25389   0.81170   0.70159   0.00000   0.28977   0.83689   1.08335   1.02498   1.28680   1.02406   0.45942   0.41561   0.51491   0.21691   1.48760   0.47872   0.20602   0.03478   0.26936   0.13213   0.21080   0.20369   0.11712   1.35550   0.18729   2.02487   0.94138   1.88876   4.41760   3.72018   0.08312   1.00000  
 47  5.4471   7440.677208  x:  3.87790   0.11261   0.06033   0.46561   0.64719   0.86588   0.57203   0.88157   0.05332   0.10591   0.25237   0.81061   0.68140   0.00000   0.32697   0.79844   1.05785   1.02049   1.27752   1.02556   0.48349   0.39543   0.50210   0.22187   1.48321   0.45900   0.20399   0.03471   0.26954   0.12939   0.20928   0.20101   0.12344   1.35768   0.16150   2.03190   0.90746   1.88627   4.42801   3.71894   0.08310   1.00000  
 48  5.9867   7440.468100  x:  3.93744   0.10128   0.06213   0.45074   0.62710   0.85204   0.56987   0.88742   0.05586   0.10431   0.25993   0.79794   0.66056   0.00000   0.34573   0.75696   1.03294   1.04921   1.25147   1.04498   0.47752   0.39095   0.49579   0.23161   1.47878   0.44060   0.20208   0.03468   0.26904   0.12737   0.20743   0.19838   0.13266   1.37703   0.19027   2.01727   0.87082   1.88087   4.44040   3.71388   0.08313   1.00000  
 49  4.8005   7440.390548  x:  3.97154   0.10081   0.06167   0.44914   0.63383   0.83962   0.57299   0.88748   0.05626   0.10676   0.25216   0.79570   0.67202   0.00000   0.34140   0.74511   1.02094   1.07607   1.23439   1.04095   0.46659   0.39223   0.49106   0.22305   1.47621   0.45409   0.20081   0.03450   0.26922   0.12615   0.20694   0.19829   0.13774   1.39071   0.17921   1.99654   0.85408   1.88503   4.44499   3.71308   0.08313   1.00000  
 50  3.1102   7440.338984  x:  4.00902   0.09920   0.06190   0.44993   0.63737   0.83368   0.56506   0.87537   0.05561   0.10584   0.25184   0.79546   0.67698   0.00000   0.34459   0.75426   1.01024   1.09530   1.23057   1.02556   0.47916   0.39033   0.49321   0.22149   1.47629   0.45483   0.20201   0.03437   0.26914   0.12476   0.20732   0.19892   0.14008   1.39706   0.18590   1.96721   0.86831   1.88142   4.44508   3.71743   0.08314   1.00000  
 51  1.7843   7440.271914  x:  4.06487   0.10118   0.06280   0.44838   0.63715   0.83848   0.58073   0.88000   0.05467   0.10777   0.25677   0.79724   0.66578   0.00000   0.34966   0.77278   0.99655   1.10099   1.23511   1.02348   0.47171   0.39303   0.49864   0.22845   1.47714   0.44701   0.20247   0.03449   0.27015   0.12347   0.20769   0.20007   0.14234   1.39283   0.17279   1.92288   0.88684   1.88073   4.44397   3.72637   0.08314   1.00000  
 52  2.2538   7440.172802  x:  4.15107   0.10312   0.06351   0.44721   0.63212   0.84518   0.56796   0.88128   0.05353   0.10703   0.25096   0.80591   0.66701   0.00000   0.32839   0.77696   0.99668   1.07216   1.24078   1.05647   0.47586   0.39685   0.49516   0.21807   1.48065   0.45589   0.20295   0.03417   0.26937   0.12025   0.20701   0.20135   0.14433   1.37634   0.17607   1.88136   0.89613   1.88661   4.45537   3.72985   0.08319   1.00000  
 53  1.8715   7440.013811  x:  4.27516   0.10367   0.06419   0.44324   0.63289   0.84430   0.55941   0.89048   0.05172   0.10862   0.24733   0.77887   0.67149   0.00000   0.31235   0.77549   1.04129   1.04536   1.25746   1.03418   0.47267   0.39678   0.50710   0.21502   1.47439   0.44776   0.20460   0.03387   0.26751   0.11468   0.20718   0.20342   0.14582   1.36191   0.17911   1.88200   0.86749   1.86946   4.47508   3.73769   0.08327   1.00000  
 54  2.1209   7439.886649  x:  4.36172   0.10646   0.06628   0.44062   0.63482   0.83551   0.55984   0.88196   0.05110   0.11051   0.24658   0.79952   0.65205   0.00000   0.31867   0.77225   1.05747   1.04322   1.26626   1.01626   0.46905   0.41155   0.49818   0.21306   1.46329   0.44711   0.20585   0.03377   0.26668   0.11068   0.20796   0.20543   0.14175   1.37039   0.18541   1.91863   0.85781   1.89752   4.48770   3.74926   0.08329   1.00000  
 55  3.1701   7439.750358  x:  4.44241   0.10658   0.06860   0.44045   0.62857   0.83619   0.57647   0.87016   0.04892   0.11225   0.24243   0.81080   0.65648   0.00000   0.32654   0.76088   1.03593   1.05689   1.25881   1.03312   0.47501   0.40224   0.52563   0.20870   1.45760   0.45241   0.20874   0.03376   0.26695   0.10664   0.20952   0.20897   0.13534   1.39449   0.17806   1.98775   0.87070   1.89298   4.49270   3.77236   0.08331   1.00000  
 56  3.2139   7439.711794  x:  4.46375   0.10787   0.06861   0.44501   0.63098   0.84318   0.57322   0.87210   0.04785   0.11136   0.24575   0.80023   0.66442   0.00000   0.33661   0.76240   1.02711   1.06819   1.25317   1.04400   0.47322   0.41822   0.51534   0.20801   1.46572   0.45245   0.20993   0.03381   0.26767   0.10560   0.21013   0.21059   0.13224   1.39793   0.17727   2.00944   0.87663   1.88682   4.49127   3.78270   0.08330   1.00000  
 57  2.4189   7439.698764  x:  4.47211   0.10908   0.06901   0.44257   0.63293   0.84863   0.56646   0.88346   0.04755   0.11117   0.24672   0.79963   0.66758   0.00000   0.34247   0.76605   1.02693   1.07750   1.24641   1.04653   0.47528   0.41610   0.51972   0.20817   1.47909   0.45233   0.21040   0.03387   0.26790   0.10532   0.21052   0.21104   0.13145   1.39319   0.17814   2.01550   0.87537   1.89527   4.49034   3.78821   0.08331   1.00000  
 58  0.9894   7439.693290  x:  4.47929   0.10932   0.06889   0.44139   0.63610   0.85027   0.56543   0.88664   0.04782   0.11154   0.24731   0.80754   0.66566   0.00000   0.34260   0.76534   1.02811   1.07970   1.24427   1.04563   0.47513   0.41692   0.51975   0.20809   1.48554   0.45390   0.21057   0.03394   0.26824   0.10521   0.21088   0.21120   0.13119   1.39173   0.17927   2.01640   0.87385   1.88848   4.48993   3.79269   0.08331   1.00000  
 59  0.4186   7439.636349  x:  4.58104   0.10765   0.06628   0.43852   0.64810   0.85274   0.58082   0.87911   0.05075   0.10987   0.25339   0.80610   0.67175   0.00000   0.34927   0.75136   1.04590   1.07953   1.25939   1.04917   0.47761   0.41379   0.51848   0.21310   1.51072   0.45855   0.20888   0.03482   0.26816   0.10359   0.21290   0.20927   0.12517   1.40768   0.17904   2.01449   0.88377   1.89356   4.51217   3.82547   0.08328   1.04896  
 60  0.4408   7439.605041  x:  4.64071   0.10770   0.06452   0.44850   0.63962   0.84921   0.57805   0.89093   0.05183   0.10899   0.25400   0.81171   0.67931   0.00000   0.34020   0.76556   1.04681   1.08373   1.25424   1.04956   0.47687   0.41273   0.51498   0.22195   1.49281   0.45319   0.20760   0.03539   0.26741   0.10270   0.21350   0.20788   0.12236   1.40738   0.17885   2.02173   0.88747   1.89365   4.52854   3.84082   0.08325   1.08493  
 61  1.5941   7439.597081  x:  4.65626   0.10752   0.06416   0.44647   0.63987   0.85033   0.57752   0.89268   0.05242   0.10801   0.25923   0.80807   0.67444   0.00000   0.33905   0.77344   1.04110   1.08366   1.25418   1.04809   0.47764   0.41096   0.51442   0.21803   1.48655   0.46127   0.20723   0.03545   0.26723   0.10237   0.21352   0.20746   0.12212   1.40355   0.17969   2.02595   0.88556   1.89288   4.53441   3.84371   0.08325   1.09892  
 62  1.1128   7439.590890  x:  4.66772   0.10766   0.06391   0.43961   0.64633   0.85272   0.57927   0.88806   0.05258   0.10761   0.25743   0.80731   0.67599   0.00000   0.33508   0.77923   1.03157   1.08218   1.25434   1.04631   0.47765   0.41072   0.51311   0.21991   1.48627   0.45791   0.20668   0.03560   0.26668   0.10221   0.21321   0.20690   0.12302   1.39722   0.18080   2.03095   0.88169   1.89367   4.54124   3.84480   0.08325   1.11904  
 63  0.6462   7439.509361  x:  4.76379   0.11293   0.06240   0.46980   0.62621   0.83812   0.59536   0.88164   0.05061   0.10430   0.25568   0.80904   0.67578   0.00000   0.32256   0.79446   1.02143   1.09700   1.28258   1.04804   0.47856   0.41198   0.51474   0.21770   1.52091   0.46157   0.20479   0.03817   0.26662   0.10310   0.21031   0.20676   0.13030   1.38596   0.18799   2.04886   0.87046   1.89611   4.59857   3.90672   0.08308   1.53929  
 64  0.5399   7439.341276  x:  4.94983   0.11872   0.06035   0.46882   0.64521   0.86680   0.58343   0.90758   0.04765   0.09827   0.25707   0.81738   0.67774   0.00000   0.30925   0.81500   1.02627   1.11018   1.32913   1.06252   0.48181   0.41506   0.52147   0.22414   1.52794   0.46577   0.20155   0.04391   0.26780   0.10621   0.20548   0.20788   0.14284   1.44096   0.19180   2.07118   0.87112   1.89891   4.70745   4.04021   0.08269   2.42984  
 65 10.5494   7439.314813  x:  4.96605   0.11904   0.06054   0.47136   0.63622   0.88713   0.59015   0.89143   0.04732   0.09832   0.25914   0.81942   0.67775   0.00000   0.30892   0.82686   1.03706   1.11107   1.31427   1.06465   0.48092   0.41480   0.52199   0.22341   1.52914   0.46651   0.20152   0.04467   0.26815   0.10684   0.20567   0.20812   0.14248   1.44801   0.19440   2.06920   0.86079   1.90012   4.71351   4.04783   0.08260   2.57913  
 66  1.1814   7439.030968  x:  5.11463   0.10459   0.06124   0.46787   0.63066   0.84794   0.58044   0.90027   0.04731   0.10383   0.25282   0.81893   0.67109   0.00000   0.33185   0.83479   1.02491   1.07294   1.28696   1.05419   0.47774   0.41633   0.52085   0.21655   1.55076   0.46257   0.19977   0.05241   0.27050   0.11309   0.21017   0.20925   0.13854   1.46021   0.18427   2.07970   0.86407   1.89576   4.75157   4.06698   0.08156   4.20371  
 67  3.8198   7438.932017  x:  5.15961   0.10412   0.06163   0.46070   0.63158   0.86430   0.57960   0.89648   0.04815   0.10714   0.25313   0.82147   0.66864   0.00000   0.32378   0.80160   1.03595   1.11194   1.31046   1.06050   0.48119   0.41764   0.52040   0.21790   1.52711   0.46443   0.19999   0.05503   0.27222   0.11545   0.21266   0.21069   0.13964   1.41973   0.18213   2.08459   0.87561   1.89715   4.74906   4.07089   0.08122   4.74517  
 68 10.5021   7438.680140  x:  4.93286   0.10357   0.06808   0.43177   0.65666   0.87272   0.57130   0.89999   0.05050   0.11458   0.26049   0.81882   0.66610   0.00000   0.34802   0.77444   1.06959   1.08101   1.24937   1.05815   0.47850   0.41415   0.52085   0.21417   1.49177   0.45676   0.20394   0.05417   0.26819   0.11043   0.21604   0.21325   0.13513   1.43279   0.17713   2.06015   0.89981   1.89411   4.35305   3.67800   0.08051   5.45916  
 69  0.4435   7438.451421  x:  4.85215   0.10738   0.06801   0.45124   0.64606   0.86430   0.58597   0.89513   0.05012   0.11206   0.26031   0.81966   0.67524   0.00000   0.33441   0.78218   1.05584   1.08742   1.27058   1.05261   0.48045   0.41334   0.51946   0.21591   1.50915   0.45739   0.19840   0.05601   0.26571   0.10168   0.21130   0.20948   0.13729   1.41647   0.18427   2.06789   0.88837   1.89740   3.86849   3.19115   0.07956   7.12022  
 70  0.9302   7438.394219  x:  4.92868   0.10799   0.06385   0.45333   0.63844   0.86277   0.57949   0.89540   0.04950   0.10806   0.25863   0.82241   0.70351   0.00000   0.32763   0.79193   1.04134   1.09513   1.29316   1.05378   0.47840   0.41303   0.51877   0.21936   1.51317   0.46001   0.19652   0.05690   0.26828   0.10116   0.20980   0.20897   0.13438   1.42119   0.18418   2.06890   0.87569   1.89879   3.90464   3.22214   0.07948   7.67266  
 71  0.3881   7438.346446  x:  4.92250   0.10720   0.06242   0.44826   0.64042   0.86730   0.57289   0.89679   0.04959   0.10786   0.25483   0.81986   0.72190   0.00000   0.33201   0.79114   1.04270   1.09116   1.28715   1.05421   0.47571   0.41276   0.51912   0.21988   1.50647   0.46034   0.19773   0.05783   0.26880   0.10141   0.21183   0.20941   0.12983   1.42771   0.18304   2.05917   0.87631   1.89789   3.69570   3.01039   0.07906   9.16318  
 72  0.6684   7438.218538  x:  4.99842   0.10798   0.06156   0.44894   0.65241   0.87165   0.58114   0.89906   0.05023   0.11088   0.25773   0.81845   0.78933   0.00000   0.33890   0.79346   1.06544   1.08657   1.27177   1.05909   0.47798   0.41448   0.52394   0.21610   1.50978   0.45884   0.20267   0.05462   0.26714   0.10757   0.21455   0.21239   0.13421   1.43165   0.18249   2.06059   0.89464   1.89918   3.75825   3.08381   0.07945  12.66272  
 73  0.7274   7438.076292  x:  4.97801   0.10681   0.06455   0.45130   0.64552   0.86653   0.58326   0.89728   0.04970   0.11125   0.25988   0.82140   0.84639   0.00000   0.33518   0.78966   1.05712   1.08951   1.27881   1.05426   0.48030   0.41387   0.52169   0.21648   1.51359   0.45822   0.20169   0.04935   0.26679   0.10617   0.21098   0.21000   0.13713   1.42382   0.18221   2.06915   0.88925   1.90111   3.46922   2.79148   0.07968  17.09040  
 74  2.6324   7437.994585  x:  4.96545   0.10546   0.06706   0.45208   0.63700   0.86526   0.57878   0.89656   0.04963   0.11001   0.25878   0.82424   0.89060   0.00000   0.33052   0.78511   1.04083   1.09461   1.29002   1.05012   0.48005   0.41235   0.51833   0.21905   1.51214   0.46023   0.20318   0.04264   0.26796   0.10599   0.21054   0.20718   0.13608   1.42081   0.18300   2.07455   0.87840   1.90224   3.58472   2.90180   0.08044  20.21535  
 75  2.3114   7437.958381  x:  4.93507   0.10771   0.06500   0.45047   0.64231   0.86546   0.57778   0.89609   0.05059   0.10970   0.25974   0.82379   0.94458   0.00000   0.33308   0.78733   1.04537   1.09140   1.28656   1.05369   0.47774   0.41142   0.52021   0.21875   1.50589   0.46038   0.20677   0.03903   0.26904   0.10731   0.21317   0.20947   0.13272   1.42407   0.18440   2.06362   0.88027   1.90294   3.51744   2.83789   0.08064  24.44036  
 76  2.6106   7437.927475  x:  4.93543   0.10897   0.06230   0.44881   0.64621   0.86622   0.57866   0.89612   0.05102   0.10951   0.26112   0.82251   0.96814   0.00000   0.33452   0.79066   1.05331   1.08987   1.28264   1.05613   0.47747   0.41245   0.52272   0.21789   1.50479   0.46010   0.20709   0.04071   0.26883   0.10855   0.21321   0.21082   0.13054   1.42547   0.18299   2.05385   0.88648   1.90149   3.64103   2.96345   0.08044  27.36158  
 77  1.4768   7437.875733  x:  4.91649   0.10705   0.06272   0.45021   0.63840   0.86495   0.57914   0.89553   0.05035   0.10918   0.25921   0.82190   1.05816   0.00000   0.33174   0.78721   1.04694   1.09091   1.28366   1.04940   0.47951   0.41342   0.52063   0.21872   1.51029   0.45895   0.20364   0.04387   0.26645   0.10492   0.20996   0.20718   0.13276   1.41935   0.18010   2.05660   0.88432   1.90057   3.64462   2.95903   0.07984  36.55092  
 78  2.8915   7437.858670  x:  4.89451   0.10786   0.06458   0.45026   0.64157   0.86411   0.57811   0.89512   0.05026   0.10983   0.26182   0.82296   1.11742   0.00000   0.33347   0.78613   1.04511   1.08915   1.28340   1.05217   0.47727   0.41092   0.51969   0.21877   1.50576   0.45911   0.20425   0.04316   0.26817   0.10413   0.21221   0.20959   0.13343   1.42192   0.18409   2.06196   0.88007   1.90215   3.69274   3.01157   0.07997  41.98798  
 79  3.2773   7437.845381  x:  4.88049   0.10761   0.06581   0.44896   0.64366   0.86426   0.57802   0.89479   0.05053   0.11028   0.26056   0.82257   1.21743   0.00000   0.33571   0.78526   1.04735   1.08785   1.27988   1.05313   0.47719   0.41139   0.52015   0.21800   1.50244   0.45978   0.20446   0.04282   0.26880   0.10520   0.21265   0.20954   0.13108   1.42287   0.18481   2.05944   0.88045   1.90242   3.65521   2.97519   0.08022  50.31818  
 80  3.3987   7437.831908  x:  4.88097   0.10734   0.06553   0.44954   0.64176   0.86429   0.57895   0.89504   0.05056   0.11006   0.26044   0.82228   1.34036   0.00000   0.33382   0.78580   1.04770   1.08873   1.28084   1.05159   0.47829   0.41246   0.52065   0.21764   1.50505   0.45955   0.20377   0.04434   0.26793   0.10553   0.21155   0.20834   0.13105   1.42120   0.18277   2.05509   0.88280   1.90133   3.71613   3.03396   0.08050  61.38294  
 81  6.0985   7437.824349  x:  4.86875   0.10803   0.06423   0.45082   0.64037   0.86295   0.57878   0.89498   0.05041   0.10983   0.26223   0.82279   1.45846   0.00000   0.33243   0.78567   1.04476   1.08924   1.28331   1.05108   0.47784   0.41154   0.52010   0.21834   1.50665   0.45871   0.20322   0.04551   0.26766   0.10452   0.21140   0.20919   0.13310   1.41982   0.18220   2.05397   0.88233   1.90133   3.69272   3.00973   0.08081  71.22607  
 82  5.7978   7437.821968  x:  4.83881   0.10782   0.06439   0.44975   0.64103   0.86272   0.57774   0.89413   0.05045   0.11010   0.26120   0.82233   1.54985   0.00000   0.33532   0.78273   1.04409   1.08808   1.27858   1.05104   0.47740   0.41161   0.51989   0.21852   1.50319   0.45916   0.20277   0.04613   0.26784   0.10444   0.21182   0.20916   0.13175   1.41932   0.18253   2.05151   0.88173   1.90144   3.70533   3.02183   0.08106  78.87604  
 83  4.7816   7437.821511  x:  4.82824   0.10798   0.06465   0.44983   0.64099   0.86219   0.57810   0.89397   0.05040   0.11001   0.26120   0.82194   1.57146   0.00000   0.33497   0.78281   1.04443   1.08776   1.27859   1.05074   0.47735   0.41160   0.51988   0.21821   1.50311   0.45908   0.20284   0.04620   0.26778   0.10434   0.21153   0.20897   0.13125   1.41890   0.18248   2.05015   0.88188   1.90136   3.69454   3.01083   0.08111  80.32747  
 84  0.7760   7437.819356  x:  4.81476   0.10844   0.06517   0.45109   0.64067   0.86128   0.57938   0.89441   0.05041   0.10977   0.26197   0.82135   1.62179   0.00000   0.33190   0.78533   1.04472   1.08772   1.28272   1.05050   0.47742   0.41145   0.52004   0.21756   1.50456   0.45832   0.20248   0.04683   0.26785   0.10370   0.21106   0.20895   0.13147   1.41831   0.18255   2.04751   0.88177   1.90105   3.67379   2.99038   0.08110  82.25306  
 85  0.2408   7437.814179  x:  4.83271   0.10798   0.06500   0.45033   0.64085   0.86302   0.57789   0.89457   0.05084   0.11011   0.26024   0.82217   1.65549   0.00000   0.33392   0.78452   1.04382   1.08817   1.28131   1.05103   0.47745   0.41174   0.52010   0.21830   1.50360   0.45872   0.20220   0.04675   0.26797   0.10402   0.21189   0.20902   0.13126   1.41928   0.18275   2.04903   0.88116   1.90164   3.58762   2.90399   0.08095  78.14642  
 86  1.2179   7437.813557  x:  4.83342   0.10794   0.06460   0.45000   0.64100   0.86242   0.57787   0.89405   0.05047   0.11012   0.26055   0.82228   1.69199   0.00000   0.33533   0.78295   1.04422   1.08792   1.27901   1.05083   0.47724   0.41152   0.51983   0.21827   1.50343   0.45902   0.20261   0.04655   0.26777   0.10430   0.21159   0.20912   0.13140   1.41925   0.18254   2.05089   0.88167   1.90197   3.58020   2.89646   0.08107  80.48076  
 87  1.9123   7437.813460  x:  4.83580   0.10791   0.06448   0.45012   0.64102   0.86242   0.57806   0.89411   0.05038   0.11009   0.26064   0.82228   1.69420   0.00000   0.33534   0.78294   1.04444   1.08797   1.27902   1.05083   0.47734   0.41157   0.51988   0.21829   1.50364   0.45908   0.20272   0.04642   0.26776   0.10437   0.21160   0.20907   0.13162   1.41936   0.18253   2.05152   0.88176   1.90200   3.58142   2.89785   0.08107  80.45818  
 88  0.0238   7437.813290  x:  4.82976   0.10789   0.06437   0.45052   0.64090   0.86249   0.57836   0.89433   0.05037   0.11003   0.26061   0.82210   1.75559   0.00000   0.33496   0.78310   1.04434   1.08797   1.27957   1.05075   0.47756   0.41177   0.52008   0.21842   1.50361   0.45901   0.20254   0.04654   0.26787   0.10427   0.21175   0.20893   0.13183   1.41913   0.18255   2.05058   0.88162   1.90191   3.57728   2.89377   0.08113  84.59819  
 89  1.2548   7437.812949  x:  4.82902   0.10811   0.06469   0.44989   0.64080   0.86227   0.57776   0.89395   0.05051   0.11003   0.26060   0.82215   1.86004   0.00000   0.33509   0.78293   1.04396   1.08784   1.27908   1.05059   0.47707   0.41130   0.51967   0.21832   1.50334   0.45887   0.20256   0.04666   0.26777   0.10423   0.21137   0.20927   0.13107   1.41873   0.18242   2.04976   0.88178   1.90180   3.57346   2.88917   0.08110  91.64855  
 90  1.8088   7437.812478  x:  4.83899   0.10773   0.06451   0.45018   0.64133   0.86255   0.57794   0.89419   0.05048   0.11020   0.26050   0.82260   2.02253   0.00000   0.33541   0.78340   1.04460   1.08803   1.27941   1.05122   0.47741   0.41181   0.52010   0.21808   1.50370   0.45913   0.20269   0.04641   0.26774   0.10435   0.21191   0.20890   0.13182   1.42000   0.18263   2.05191   0.88155   1.90229   3.56677   2.88383   0.08103  102.86835  
 91  3.3489   7437.812302  x:  4.83982   0.10786   0.06449   0.45028   0.64108   0.86266   0.57819   0.89429   0.05043   0.11014   0.26054   0.82238   2.10167   0.00000   0.33515   0.78333   1.04457   1.08810   1.27957   1.05098   0.47748   0.41170   0.52001   0.21828   1.50383   0.45910   0.20272   0.04631   0.26780   0.10438   0.21173   0.20901   0.13177   1.41968   0.18265   2.05193   0.88163   1.90209   3.57560   2.89236   0.08101  109.15271  
 92  5.1776   7437.812210  x:  4.83912   0.10798   0.06452   0.45026   0.64087   0.86268   0.57823   0.89430   0.05040   0.11006   0.26057   0.82220   2.20757   0.00000   0.33495   0.78327   1.04449   1.08810   1.27966   1.05074   0.47742   0.41154   0.51989   0.21842   1.50387   0.45902   0.20274   0.04626   0.26783   0.10438   0.21153   0.20913   0.13160   1.41929   0.18260   2.05162   0.88173   1.90193   3.57263   2.88897   0.08100  116.69214  
 93  7.6970   7437.812141  x:  4.83814   0.10787   0.06452   0.45010   0.64105   0.86258   0.57798   0.89421   0.05041   0.11004   0.26066   0.82230   2.34967   0.00000   0.33504   0.78336   1.04453   1.08803   1.27954   1.05090   0.47732   0.41157   0.51994   0.21829   1.50376   0.45901   0.20276   0.04627   0.26781   0.10436   0.21164   0.20905   0.13162   1.41940   0.18253   2.05149   0.88173   1.90196   3.57844   2.89486   0.08100  127.47309  
 94  5.5190   7437.812113  x:  4.83865   0.10789   0.06450   0.45018   0.64106   0.86262   0.57810   0.89424   0.05044   0.11008   0.26056   0.82236   2.48735   0.00000   0.33515   0.78332   1.04451   1.08808   1.27949   1.05094   0.47742   0.41164   0.51996   0.21829   1.50377   0.45908   0.20274   0.04630   0.26779   0.10436   0.21169   0.20904   0.13167   1.41955   0.18261   2.05167   0.88166   1.90204   3.57717   2.89378   0.08101  137.43559  
 95  5.4171   7437.812102  x:  4.83867   0.10791   0.06452   0.45020   0.64101   0.86262   0.57812   0.89425   0.05043   0.11008   0.26060   0.82231   2.56793   0.00000   0.33508   0.78329   1.04450   1.08807   1.27953   1.05089   0.47741   0.41161   0.51995   0.21832   1.50378   0.45905   0.20272   0.04630   0.26780   0.10437   0.21164   0.20906   0.13165   1.41947   0.18260   2.05162   0.88169   1.90199   3.57943   2.89596   0.08101  143.45778  
 96  4.6277   7437.812096  x:  4.83880   0.10789   0.06455   0.45016   0.64101   0.86261   0.57805   0.89424   0.05041   0.11008   0.26066   0.82228   2.75260   0.00000   0.33498   0.78335   1.04454   1.08804   1.27962   1.05087   0.47735   0.41157   0.51994   0.21831   1.50380   0.45900   0.20273   0.04630   0.26782   0.10437   0.21161   0.20906   0.13164   1.41940   0.18255   2.05156   0.88173   1.90195   3.57938   2.89582   0.08100  156.85008  
 97  4.2635   7437.812093  x:  4.83877   0.10790   0.06452   0.45018   0.64102   0.86263   0.57812   0.89425   0.05043   0.11008   0.26059   0.82232   2.84299   0.00000   0.33508   0.78333   1.04451   1.08808   1.27954   1.05091   0.47741   0.41161   0.51994   0.21831   1.50379   0.45906   0.20274   0.04630   0.26780   0.10437   0.21165   0.20906   0.13165   1.41949   0.18260   2.05164   0.88169   1.90199   3.57994   2.89649   0.08101  163.42869  
 98  3.6740   7437.812091  x:  4.83858   0.10789   0.06451   0.45018   0.64102   0.86262   0.57809   0.89424   0.05043   0.11008   0.26062   0.82231   2.95428   0.00000   0.33508   0.78329   1.04450   1.08807   1.27953   1.05089   0.47739   0.41161   0.51996   0.21831   1.50377   0.45904   0.20272   0.04630   0.26781   0.10437   0.21164   0.20906   0.13165   1.41946   0.18259   2.05161   0.88169   1.90199   3.57922   2.89574   0.08101  171.40400  
 99  3.0972   7437.812089  x:  4.83855   0.10790   0.06453   0.45017   0.64101   0.86261   0.57808   0.89424   0.05042   0.11007   0.26062   0.82230   3.04003   0.00000   0.33504   0.78332   1.04451   1.08805   1.27956   1.05089   0.47738   0.41159   0.51995   0.21831   1.50378   0.45903   0.20274   0.04630   0.26781   0.10437   0.21164   0.20906   0.13164   1.41944   0.18257   2.05157   0.88171   1.90197   3.57957   2.89607   0.08101  177.59655  
100  2.6418   7437.812088  x:  4.83867   0.10790   0.06453   0.45018   0.64102   0.86262   0.57811   0.89425   0.05043   0.11008   0.26059   0.82231   3.17125   0.00000   0.33507   0.78333   1.04452   1.08807   1.27955   1.05090   0.47740   0.41160   0.51994   0.21831   1.50379   0.45905   0.20274   0.04630   0.26780   0.10437   0.21164   0.20906   0.13165   1.41947   0.18259   2.05160   0.88169   1.90199   3.57841   2.89493   0.08101  186.90462  
101  3.7107   7437.812088  x:  4.83865   0.10790   0.06452   0.45018   0.64102   0.86262   0.57810   0.89424   0.05043   0.11008   0.26061   0.82231   3.13564   0.00000   0.33507   0.78331   1.04451   1.08807   1.27954   1.05090   0.47739   0.41161   0.51995   0.21831   1.50378   0.45904   0.20273   0.04630   0.26781   0.10437   0.21164   0.20906   0.13165   1.41946   0.18259   2.05161   0.88169   1.90199   3.57836   2.89488   0.08101  184.30943  
102  2.0491   7437.812087  x:  4.83861   0.10789   0.06452   0.45019   0.64102   0.86262   0.57809   0.89424   0.05043   0.11008   0.26061   0.82231   3.17316   0.00000   0.33507   0.78330   1.04451   1.08806   1.27954   1.05089   0.47739   0.41161   0.51995   0.21831   1.50378   0.45904   0.20272   0.04630   0.26781   0.10437   0.21164   0.20906   0.13165   1.41946   0.18259   2.05161   0.88169   1.90199   3.57782   2.89433   0.08101  186.90460  
103  1.8967   7437.812087  x:  4.83861   0.10789   0.06452   0.45019   0.64102   0.86262   0.57809   0.89424   0.05043   0.11008   0.26061   0.82231   3.17316   0.00000   0.33507   0.78330   1.04451   1.08806   1.27954   1.05089   0.47739   0.41161   0.51995   0.21831   1.50378   0.45904   0.20272   0.04630   0.26781   0.10437   0.21164   0.20906   0.13165   1.41946   0.18259   2.05161   0.88169   1.90199   3.57782   2.89433   0.08101  186.90444  
104  3.6238   7437.812087  x:  4.83862   0.10790   0.06452   0.45018   0.64102   0.86262   0.57809   0.89424   0.05043   0.11008   0.26060   0.82231   3.17324   0.00000   0.33507   0.78331   1.04451   1.08806   1.27955   1.05089   0.47739   0.41161   0.51995   0.21831   1.50378   0.45904   0.20273   0.04630   0.26781   0.10437   0.21164   0.20906   0.13165   1.41946   0.18259   2.05160   0.88169   1.90199   3.57773   2.89425   0.08101  186.89950  
105  0.0065   7437.812087  x:  4.83861   0.10790   0.06452   0.45018   0.64102   0.86262   0.57810   0.89424   0.05043   0.11008   0.26060   0.82231   3.17308   0.00000   0.33507   0.78332   1.04451   1.08807   1.27955   1.05089   0.47739   0.41161   0.51995   0.21831   1.50379   0.45904   0.20273   0.04630   0.26781   0.10437   0.21164   0.20906   0.13165   1.41946   0.18259   2.05160   0.88169   1.90199   3.57782   2.89434   0.08101  186.90444  
106  0.0074   7437.812087  x:  4.83860   0.10790   0.06452   0.45018   0.64102   0.86262   0.57810   0.89424   0.05043   0.11008   0.26060   0.82231   3.17303   0.00000   0.33507   0.78332   1.04451   1.08807   1.27955   1.05090   0.47739   0.41161   0.51995   0.21831   1.50379   0.45904   0.20273   0.04630   0.26781   0.10437   0.21164   0.20906   0.13165   1.41946   0.18259   2.05160   0.88169   1.90199   3.57786   2.89438   0.08101  186.90704  
107  0.0019   7437.812087  x:  4.83860   0.10790   0.06452   0.45018   0.64102   0.86262   0.57810   0.89424   0.05043   0.11008   0.26060   0.82231   3.17303   0.00000   0.33507   0.78332   1.04451   1.08807   1.27955   1.05090   0.47739   0.41161   0.51995   0.21831   1.50379   0.45904   0.20273   0.04630   0.26781   0.10437   0.21164   0.20906   0.13165   1.41946   0.18259   2.05160   0.88169   1.90199   3.57786   2.89438   0.08101  186.90713  