

TREE # 1

  0  0.0000   9219.034181  x:  0.17444   0.02804   0.07307   0.00000   0.21220   0.15259   0.14764   0.15672   0.09176   0.01488   0.10164   0.09888   0.08304   0.02822   0.03654   0.11840   0.16638   0.13073   0.17006   0.12456   0.13600   0.08105   0.05011   0.02312   0.14692   0.15208   0.08109   0.04353   0.13235   0.02986   0.05286   0.04009   0.10565   0.11049   0.05181   0.16210   0.10351   2.00000   1.39835   0.16116   0.29812   1.40136  
  1 99.0000   8110.918046  x:  0.33913   0.14963   0.13381   0.32948   0.26351   0.21887   0.20676   0.22879   0.13398   0.10674   0.15872   0.22709   0.21388   0.09832   0.16526   0.18689   0.24317   0.24197   0.25597   0.23554   0.18602   0.17993   0.21829   0.13374   0.26995   0.19689   0.10908   0.05571   0.15034   0.08370   0.12670   0.14484   0.14503   0.24617   0.15094   0.28370   0.25633   1.99211   1.43183   0.12824   0.00000   1.40087  
  2 3562.6142   7958.109534  x:  0.53117   0.29139   0.20462   0.71359   0.32333   0.29615   0.27571   0.31283   0.18320   0.21383   0.22527   0.37659   0.36644   0.18003   0.31533   0.26676   0.33273   0.37169   0.35615   0.36494   0.24433   0.29523   0.41436   0.26271   0.41341   0.24914   0.14171   0.06990   0.17132   0.14645   0.21279   0.26694   0.19096   0.40437   0.26652   0.42549   0.43451   1.98291   1.47087   0.08985   0.00102   1.40030  
  3 19283.8395   7869.704677  x:  0.63602   0.27228   0.14806   0.70135   0.31898   0.31987   0.30885   0.36400   0.12171   0.15973   0.18799   0.39435   0.36978   0.14155   0.32201   0.29398   0.38384   0.43601   0.40495   0.39075   0.22312   0.26979   0.39128   0.22579   0.48336   0.24673   0.10320   0.00000   0.14006   0.06575   0.14340   0.19044   0.17403   0.44750   0.26996   0.50109   0.48261   1.98030   1.42380   0.13743   0.00101   1.39961  
  4 390.0089   7813.477003  x:  0.78513   0.23234   0.05347   0.66679   0.30760   0.35240   0.34631   0.42652   0.02094   0.07290   0.13261   0.41748   0.37217   0.08136   0.32423   0.32430   0.44746   0.51579   0.46911   0.42868   0.20168   0.23433   0.35256   0.16288   0.58401   0.24247   0.14778   0.12461   0.14935   0.02270   0.07697   0.09298   0.13560   0.50723   0.26120   0.60262   0.54066   1.97659   1.35819   0.20369   0.00099   1.39862  
  5 799.0866   7798.491016  x:  0.82596   0.21457   0.03141   0.64401   0.30243   0.35997   0.35260   0.43988   0.00000   0.05326   0.12148   0.42145   0.37156   0.06598   0.32022   0.32902   0.46156   0.53302   0.48428   0.44017   0.20496   0.22667   0.33790   0.14533   0.61005   0.23917   0.14486   0.12580   0.15896   0.05914   0.09779   0.09720   0.11842   0.52281   0.25054   0.62800   0.55036   1.97551   1.33835   0.22369   0.00098   1.39832  
  6 414.3350   7768.558560  x:  1.02307   0.10613   0.05686   0.47619   0.27435   0.39091   0.35525   0.47631   0.06025   0.06665   0.12946   0.43428   0.38152   0.03800   0.28474   0.33042   0.50500   0.58353   0.54143   0.51756   0.30191   0.23019   0.26619   0.11226   0.73039   0.23798   0.15117   0.16143   0.18826   0.00143   0.18970   0.19575   0.00000   0.60475   0.14843   0.73242   0.56010   1.96840   1.24283   0.31988   0.00096   1.39686  
  7 270.4616   7768.558560  x:  1.02307   0.10613   0.05686   0.47619   0.27435   0.39091   0.35525   0.47631   0.06025   0.06665   0.12946   0.43428   0.38152   0.03800   0.28474   0.33042   0.50500   0.58353   0.54143   0.51756   0.30191   0.23019   0.26619   0.11226   0.73039   0.23798   0.15117   0.16143   0.18826   0.00143   0.18970   0.19575   0.00000   0.60475   0.14843   0.73242   0.56010   1.96840   1.24283   0.31988   0.00096   1.39686  
  8 263.0595   7622.606436  x:  1.02318   0.10616   0.05683   0.47612   0.27438   0.39094   0.35525   0.47633   0.06020   0.06665   0.12949   0.43430   0.38155   0.03801   0.28474   0.33042   0.50502   0.58355   0.54147   0.51760   0.30189   0.23023   0.26624   0.11229   0.73043   0.23801   0.15107   0.16117   0.18828   0.00210   0.18959   0.19564   0.00013   0.60484   0.14843   0.73249   0.56012   1.96840   1.24278   0.31993   0.06310   1.39686  
  9 23816.9444   7595.603864  x:  1.04178   0.12210   0.06474   0.47619   0.28875   0.40238   0.36525   0.48737   0.06688   0.07851   0.14406   0.44649   0.39360   0.05290   0.29378   0.33987   0.51598   0.59385   0.55400   0.53025   0.30974   0.24507   0.28274   0.12509   0.74277   0.25153   0.15070   0.14444   0.20141   0.09191   0.18906   0.19518   0.36392   0.62211   0.15774   0.74734   0.57063   1.96215   1.27051   0.29218   0.08312   1.39688  
 10 1366.1287   7530.162931  x:  1.16554   0.14254   0.10174   0.47565   0.38233   0.48164   0.43569   0.56469   0.09233   0.12933   0.22376   0.53140   0.47050   0.12238   0.34926   0.40529   0.59380   0.66688   0.64112   0.61490   0.36210   0.33830   0.38266   0.18255   0.82858   0.32185   0.13063   0.00000   0.20508   0.07546   0.15156   0.15616   0.35256   0.70110   0.18075   0.84473   0.64021   1.92169   1.42584   0.14024   0.08655   1.39452  
 11 242.7215   7510.943214  x:  1.27090   0.15614   0.12345   0.47289   0.45569   0.54564   0.49150   0.62720   0.10414   0.16001   0.28044   0.59858   0.53024   0.16890   0.39190   0.45853   0.65759   0.72758   0.71243   0.68227   0.40080   0.40679   0.45759   0.22272   0.90011   0.37648   0.13638   0.07551   0.21243   0.07470   0.12899   0.13235   0.33898   0.76648   0.19916   0.92670   0.69734   1.88784   1.54937   0.01955   0.08935   1.39267  
 12 843.4897   7493.679705  x:  1.41724   0.13864   0.06025   0.44056   0.49104   0.59789   0.52048   0.67518   0.02371   0.08628   0.25422   0.63813   0.55081   0.11928   0.40324   0.50510   0.71736   0.79378   0.78134   0.72856   0.39307   0.39274   0.45963   0.19637   0.97647   0.38102   0.15474   0.06844   0.22449   0.12823   0.22802   0.23801   0.32097   0.83732   0.20822   1.03091   0.75382   1.85088   1.59833  -0.02557   0.08997   1.39124  
 13 145.0244   7483.552619  x:  1.54723   0.11965   0.02080   0.41044   0.50539   0.62950   0.52526   0.70049   0.00000   0.02065   0.21750   0.65432   0.55429   0.05577   0.39738   0.53469   0.75650   0.84031   0.82890   0.75964   0.38368   0.35736   0.43718   0.16917   1.03667   0.37029   0.15310   0.06702   0.21083   0.08744   0.19657   0.20553   0.33479   0.89284   0.19987   1.11493   0.78841   1.82591   1.58703  -0.01082   0.09046   1.39038  
 14 135.1247   7481.608318  x:  1.58628   0.11369   0.01049   0.40129   0.50918   0.63862   0.52624   0.70772   0.01042   0.00216   0.20608   0.65869   0.55501   0.03682   0.39530   0.54333   0.76798   0.85408   0.84291   0.76871   0.38062   0.34604   0.42969   0.16072   1.05454   0.36672   0.15331   0.06659   0.20753   0.07816   0.19064   0.19938   0.33796   0.90931   0.19716   1.14004   0.79855   1.81852   1.58296  -0.00572   0.09059   1.39013  
 15 1128.8901   7475.545298  x:  1.68351   0.09906   0.05534   0.37940   0.51315   0.65484   0.52056   0.71888   0.01386   0.01124   0.18308   0.66334   0.55411   0.00000   0.38634   0.56063   0.79147   0.88305   0.87278   0.79010   0.37405   0.31361   0.40413   0.14518   1.09535   0.35732   0.15778   0.06568   0.20579   0.07621   0.18482   0.19131   0.33956   0.94678   0.18441   1.19867   0.81761   1.80366   1.55995   0.02004   0.09065   1.38961  
 16 197.1455   7475.545298  x:  1.68351   0.09906   0.05534   0.37940   0.51315   0.65484   0.52056   0.71888   0.01386   0.01124   0.18308   0.66334   0.55411   0.00000   0.38634   0.56063   0.79147   0.88305   0.87278   0.79010   0.37405   0.31361   0.40413   0.14518   1.09535   0.35732   0.15778   0.06568   0.20579   0.07621   0.18482   0.19131   0.33956   0.94678   0.18441   1.19867   0.81761   1.80366   1.55995   0.02004   0.09065   1.38961  
 17 240.1632   7472.233814  x:  1.69224   0.09758   0.06208   0.37987   0.51384   0.65470   0.51802   0.71803   0.04139   0.04959   0.18995   0.66364   0.55526   0.01500   0.38587   0.56106   0.79206   0.88317   0.87436   0.79364   0.37836   0.31695   0.40567   0.14959   1.09796   0.35881   0.15681   0.05439   0.20816   0.07839   0.18009   0.18520   0.32640   0.94876   0.18067   1.20241   0.81653   1.80466   1.55585   0.02456   0.08101   1.38954  
 18 140.6798   7470.378277  x:  1.69814   0.09647   0.06550   0.38001   0.51417   0.65466   0.51636   0.71747   0.05519   0.06953   0.19371   0.66375   0.55579   0.02225   0.38537   0.56132   0.79245   0.88325   0.87542   0.79571   0.38084   0.31899   0.40663   0.15206   1.09968   0.35955   0.15636   0.04745   0.20963   0.07972   0.17707   0.18133   0.31752   0.95010   0.17823   1.20496   0.81580   1.80532   1.55283   0.02785   0.09299   1.38949  
 19 428.9228   7464.462319  x:  1.77348   0.08006   0.05966   0.37497   0.51404   0.65587   0.49736   0.71209   0.03702   0.08301   0.20367   0.66244   0.55249   0.00000   0.37072   0.56200   0.79630   0.88435   0.88956   0.80907   0.39366   0.33825   0.41884   0.16254   1.11993   0.35993   0.17154   0.00742   0.22856   0.09746   0.15617   0.15441   0.20154   0.96788   0.14954   1.23938   0.80680   1.81404   1.50608   0.07789   0.09102   1.38892  
 20 62.4831   7460.615614  x:  1.84674   0.06860   0.05797   0.37135   0.51491   0.65753   0.48035   0.70790   0.02873   0.09946   0.21352   0.66159   0.55017   0.00000   0.35786   0.56331   0.80056   0.88575   0.90363   0.82297   0.40559   0.35491   0.42961   0.17381   1.13965   0.36239   0.19079   0.03123   0.24304   0.10928   0.14729   0.14088   0.09200   0.98643   0.12434   1.27307   0.79871   1.82187   1.46398   0.12290   0.09103   1.38850  
 21 327.0604   7458.696759  x:  1.89633   0.07901   0.06209   0.37209   0.51816   0.66028   0.47338   0.70846   0.03350   0.10063   0.21758   0.66212   0.55049   0.00000   0.35192   0.56570   0.80465   0.88801   0.91413   0.83295   0.41058   0.36049   0.43430   0.18179   1.15299   0.36586   0.18843   0.02696   0.23953   0.09669   0.16806   0.16478   0.04435   1.00334   0.11805   1.29709   0.79609   1.82481   1.44215   0.14569   0.09101   1.38898  
 22 99.4177   7451.294387  x:  2.31782   0.19227   0.07120   0.38483   0.55308   0.68993   0.43367   0.72702   0.04131   0.10936   0.24926   0.67377   0.56227   0.00000   0.31223   0.59203   0.84521   0.91310   1.00792   0.91739   0.44397   0.39504   0.47005   0.23787   1.26596   0.39736   0.18840   0.03664   0.23456   0.07529   0.17090   0.16829   0.08525   1.15952   0.11609   1.50652   0.79054   1.84349   1.27325   0.31818   0.08881   1.39762  
 23 59.9732   7448.260101  x:  2.52537   0.19929   0.05473   0.40085   0.57760   0.71642   0.44937   0.75833   0.04802   0.11568   0.26274   0.69404   0.58178   0.00000   0.30960   0.61583   0.87589   0.93479   1.05985   0.95915   0.45774   0.40297   0.48271   0.24442   1.32163   0.40711   0.19498   0.03479   0.25613   0.14954   0.19897   0.20066   0.10106   1.23218   0.13684   1.61006   0.80047   1.85085   1.22732   0.36479   0.08944   1.40312  
 24 116.0669   7441.424497  x:  2.97126   0.10432   0.01835   0.45427   0.64244   0.80118   0.56165   0.87410   0.05442   0.12207   0.27545   0.77102   0.65373   0.00000   0.34582   0.69434   0.96863   1.00612   1.18456   1.04725   0.48017   0.40305   0.49938   0.21819   1.43963   0.42145   0.20026   0.03491   0.27683   0.10723   0.19896   0.19231   0.09831   1.37452   0.20954   1.83081   0.84949   1.86038   1.19472   0.39680   0.08779   1.41777  
 25 97.6750   7440.337753  x:  3.07304   0.07671   0.06991   0.46410   0.65398   0.82062   0.58764   0.89962   0.05010   0.11718   0.27018   0.78823   0.66932   0.00000   0.35639   0.71430   0.99145   1.02467   1.21227   1.06316   0.48089   0.40157   0.50142   0.21093   1.46445   0.42667   0.20300   0.03376   0.27757   0.10751   0.19622   0.19025   0.09836   1.40271   0.22047   1.87877   0.86160   1.86305   1.18853   0.40230   0.08722   1.42195  
 26 112.4560   7439.866701  x:  3.12187   0.06075   0.06934   0.45030   0.63984   0.82685   0.59330   0.90122   0.04220   0.12354   0.23974   0.79359   0.66938   0.00000   0.36556   0.73010   1.00714   1.04156   1.21930   1.05113   0.46357   0.39662   0.49705   0.19372   1.46599   0.42939   0.20001   0.03454   0.25325   0.11017   0.19666   0.19828   0.10561   1.39556   0.19932   1.89102   0.86808   1.87056   1.17781   0.40998   0.08707   1.42807  
 27 13.8013   7439.556620  x:  3.16848   0.07262   0.06843   0.43913   0.62495   0.83241   0.59637   0.89808   0.04971   0.11454   0.21354   0.79880   0.67034   0.00000   0.37419   0.74544   1.02169   1.05884   1.22234   1.03098   0.44893   0.39570   0.49718   0.18752   1.46292   0.43773   0.20616   0.03354   0.27020   0.10684   0.20325   0.19328   0.10688   1.38050   0.17620   1.89650   0.87727   1.87703   1.18164   0.40173   0.08730   1.43624  
 28 14.6409   7439.376536  x:  3.21156   0.08343   0.06698   0.43950   0.61852   0.83572   0.59356   0.88845   0.04583   0.10774   0.22282   0.80306   0.67561   0.00000   0.37692   0.75439   1.02896   1.06968   1.22022   1.00859   0.44797   0.39801   0.50152   0.19401   1.45515   0.44581   0.19525   0.03516   0.26506   0.11009   0.19114   0.19811   0.10405   1.35985   0.16545   1.89461   0.88823   1.87916   1.19198   0.38551   0.08715   1.44664  
 29  8.8741   7439.222997  x:  3.25989   0.07838   0.06695   0.44317   0.61512   0.83648   0.58635   0.87423   0.04208   0.10252   0.24010   0.80235   0.67648   0.00000   0.37234   0.75858   1.02971   1.07572   1.21293   0.98663   0.45197   0.39582   0.50093   0.19812   1.44272   0.44642   0.19996   0.03445   0.25811   0.10861   0.20489   0.19081   0.10776   1.33426   0.16265   1.88767   0.89883   1.87960   1.19556   0.37387   0.08708   1.46056  
 30 10.9462   7439.100966  x:  3.30574   0.07008   0.06722   0.44634   0.61408   0.83531   0.58207   0.86308   0.04862   0.09457   0.24677   0.79664   0.67065   0.00000   0.36389   0.75871   1.02477   1.07669   1.20272   0.97308   0.45629   0.38946   0.49555   0.19465   1.42854   0.43917   0.20469   0.03417   0.26273   0.10477   0.19884   0.19940   0.11102   1.31129   0.16798   1.87741   0.90614   1.87795   1.19259   0.36787   0.08697   1.47580  
 31 11.5642   7438.978517  x:  3.35930   0.07512   0.06811   0.44678   0.61494   0.83201   0.58693   0.85905   0.04477   0.09650   0.24064   0.78769   0.66016   0.00000   0.35511   0.75584   1.01371   1.07259   1.18915   0.97259   0.45865   0.38492   0.48937   0.18868   1.41085   0.43082   0.19141   0.03635   0.26527   0.10539   0.20038   0.19447   0.10801   1.29034   0.18063   1.86040   0.90988   1.87266   1.19124   0.35661   0.08667   1.49689  
 32  9.0922   7438.856072  x:  3.41791   0.08168   0.06718   0.44263   0.61501   0.82589   0.59550   0.85954   0.04236   0.10005   0.23137   0.78014   0.65182   0.00000   0.34915   0.75078   0.99867   1.06437   1.17526   0.98231   0.45839   0.38828   0.48796   0.19195   1.39349   0.43090   0.20340   0.03466   0.25577   0.10586   0.19725   0.19505   0.10599   1.27472   0.18707   1.83783   0.90575   1.86746   1.19498   0.33685   0.08664   1.52342  
 33 11.4744   7438.723530  x:  3.48253   0.07000   0.06555   0.43072   0.61132   0.81480   0.59970   0.86026   0.05055   0.09612   0.23043   0.77798   0.65182   0.00000   0.34867   0.74320   0.98002   1.05162   1.16284   0.99722   0.45227   0.39210   0.48852   0.19938   1.37782   0.43762   0.19475   0.03533   0.25482   0.10574   0.19848   0.19389   0.10941   1.26678   0.17739   1.80782   0.88902   1.86687   1.19369   0.31662   0.08635   1.55869  
 34  9.9923   7438.656259  x:  3.51361   0.07000   0.06618   0.42542   0.61021   0.80878   0.59767   0.85998   0.04354   0.10297   0.23639   0.78027   0.65701   0.00000   0.35448   0.73991   0.97265   1.04571   1.15935   1.00148   0.44642   0.38756   0.48560   0.19537   1.37266   0.43745   0.19529   0.03520   0.26097   0.10259   0.19839   0.19772   0.11110   1.26919   0.17263   1.79153   0.87930   1.86858   1.19055   0.30640   0.08627   1.58038  
 35  8.5945   7438.566646  x:  3.55092   0.07602   0.06575   0.42580   0.61309   0.80299   0.58973   0.85898   0.05050   0.10045   0.23942   0.78461   0.66395   0.00000   0.36890   0.73703   0.96807   1.04081   1.15770   0.99786   0.44083   0.37828   0.48193   0.18475   1.37206   0.43378   0.19731   0.03500   0.25473   0.10559   0.19657   0.19244   0.10646   1.28251   0.17419   1.77034   0.86909   1.87219   1.18066   0.29434   0.08597   1.61586  
 36  6.9056   7438.349898  x:  3.62896   0.06894   0.06469   0.43599   0.62163   0.79637   0.56507   0.85528   0.04687   0.10576   0.22221   0.78541   0.66154   0.00000   0.40324   0.73063   0.96902   1.03604   1.15437   0.97299   0.44881   0.38831   0.49515   0.18923   1.38493   0.43647   0.19623   0.03570   0.25810   0.10425   0.19701   0.19351   0.10387   1.32501   0.19118   1.72842   0.85607   1.87722   1.14656   0.26733   0.08546   1.71429  
 37  8.0097   7438.042360  x:  3.71582   0.07122   0.06278   0.44221   0.61594   0.81147   0.58070   0.87611   0.04338   0.10462   0.23190   0.77849   0.64935   0.00000   0.41077   0.71340   0.98407   1.04452   1.14709   0.95841   0.44713   0.37369   0.48307   0.22351   1.42000   0.43738   0.19827   0.03647   0.26076   0.10595   0.19642   0.19322   0.09833   1.36632   0.18294   1.71093   0.86368   1.86249   1.07695   0.23813   0.08446   1.87343  
 38  6.8517   7437.633079  x:  3.82165   0.08068   0.06519   0.44618   0.60719   0.83213   0.59297   0.89219   0.04537   0.10078   0.25405   0.77829   0.64414   0.00000   0.40007   0.69229   1.00521   1.06099   1.14277   0.97038   0.45296   0.40405   0.50743   0.20994   1.46073   0.41418   0.20068   0.03867   0.26195   0.10528   0.19962   0.19570   0.09686   1.39969   0.15897   1.71996   0.88534   1.85176   0.98740   0.19176   0.08339   2.09310  
 39 17.8819   7436.830452  x:  4.01330   0.08631   0.06428   0.44936   0.61558   0.84848   0.55026   0.86755   0.04410   0.10295   0.25178   0.79954   0.66646   0.00000   0.36259   0.67935   1.03882   1.09452   1.16355   1.05942   0.45866   0.40394   0.51435   0.20619   1.51418   0.46231   0.20408   0.04034   0.26688   0.10575   0.19906   0.19646   0.08368   1.41460   0.16429   1.81469   0.94619   1.87748   0.81836   0.08825   0.08102   2.53877  
 40 18.0070   7436.433674  x:  4.10528   0.09565   0.06385   0.45212   0.65087   0.84196   0.55310   0.87519   0.04468   0.11061   0.24687   0.79719   0.66955   0.00000   0.36676   0.72267   1.03092   1.09210   1.22023   1.05995   0.49346   0.41301   0.50019   0.22074   1.50066   0.45292   0.20502   0.04174   0.26781   0.10639   0.20067   0.19769   0.08135   1.39454   0.14691   1.91323   0.91148   1.88819   0.73392   0.03924   0.07971   2.76657  
 41 10.2466   7436.283014  x:  4.14162   0.09618   0.06462   0.43539   0.64703   0.83430   0.55542   0.88158   0.04686   0.11318   0.25346   0.79267   0.67279   0.00000   0.35774   0.74422   1.01931   1.08285   1.24585   1.04389   0.47268   0.41477   0.51742   0.22918   1.49026   0.44934   0.20653   0.04236   0.26851   0.10620   0.20024   0.19654   0.07642   1.39398   0.16892   1.96304   0.89399   1.88503   0.70377   0.02174   0.07930   2.85466  
 42  9.1995   7436.223008  x:  4.16246   0.09368   0.06442   0.44288   0.64291   0.83524   0.54995   0.88037   0.04563   0.11391   0.25100   0.79196   0.66460   0.00000   0.33102   0.75269   1.01066   1.07047   1.24980   1.03189   0.46881   0.40800   0.51912   0.22224   1.48726   0.45371   0.20528   0.04252   0.26754   0.10574   0.19946   0.19569   0.07478   1.41529   0.16353   1.99066   0.87949   1.88141   0.70818   0.00389   0.07923   2.89279  
 43  2.8614   7436.200591  x:  4.17524   0.09342   0.06454   0.43991   0.62979   0.83585   0.54892   0.87640   0.04563   0.11226   0.25252   0.79058   0.66354   0.00000   0.32822   0.76022   1.01210   1.06345   1.25093   1.03309   0.47249   0.41383   0.50804   0.22308   1.48593   0.44957   0.20475   0.04270   0.26693   0.10558   0.19936   0.19546   0.07390   1.42516   0.16678   1.99795   0.87945   1.88503   0.71229   0.00001   0.07918   2.91057  
 44  1.3767   7436.112781  x:  4.24160   0.09512   0.06414   0.46223   0.62544   0.84271   0.56242   0.86505   0.04411   0.10725   0.25280   0.78189   0.67203   0.00000   0.33090   0.78762   1.02868   1.03950   1.24824   1.04887   0.46364   0.41128   0.51674   0.23109   1.47601   0.44230   0.20464   0.04330   0.26755   0.10503   0.20143   0.19774   0.07279   1.43692   0.16410   2.00464   0.88503   1.89908   0.71799   0.01455   0.07939   2.99384  
 45  1.3169   7435.870737  x:  4.44228   0.10225   0.06407   0.45419   0.62665   0.84458   0.57870   0.87301   0.04771   0.10820   0.25450   0.81209   0.67757   0.00000   0.32987   0.81940   1.06331   1.02688   1.25499   1.05438   0.48651   0.40598   0.52714   0.21719   1.47793   0.47174   0.20536   0.04449   0.26837   0.10347   0.20806   0.20509   0.06998   1.44035   0.17018   2.01541   0.89693   1.86541   0.73817   0.06467   0.08013   3.23561  
 46  4.5610   7435.658914  x:  4.62458   0.10527   0.06389   0.44530   0.65833   0.84983   0.57334   0.89662   0.05146   0.11445   0.25547   0.81912   0.66990   0.00000   0.31660   0.81057   1.07063   1.06008   1.27512   1.04995   0.46691   0.42087   0.51345   0.22154   1.50260   0.46783   0.20239   0.04621   0.26757   0.10101   0.21251   0.21090   0.06789   1.43746   0.17522   2.02777   0.90630   1.88984   0.77470   0.09447   0.08082   3.45117  
 47  8.8443   7435.606824  x:  4.67155   0.10530   0.06369   0.44198   0.65183   0.85695   0.56849   0.89940   0.05103   0.11333   0.25036   0.80613   0.68084   0.00000   0.32134   0.79781   1.05748   1.08067   1.28720   1.05490   0.47642   0.40955   0.52171   0.22558   1.51026   0.45907   0.20159   0.04669   0.26660   0.10058   0.21367   0.21201   0.06740   1.43769   0.17512   2.03468   0.90460   1.89037   0.78812   0.09932   0.08096   3.50769  
 48  4.2307   7435.590077  x:  4.68832   0.10567   0.06353   0.45130   0.64705   0.86227   0.57159   0.89691   0.05034   0.11027   0.25147   0.80658   0.68278   0.00000   0.33028   0.78952   1.04217   1.09242   1.28942   1.05704   0.47361   0.41494   0.51794   0.22292   1.50756   0.46494   0.20176   0.04681   0.26718   0.10061   0.21410   0.21251   0.06694   1.43834   0.17702   2.04000   0.90065   1.88697   0.78970   0.10590   0.08101   3.53120  
 49  1.5784   7435.582320  x:  4.69996   0.10581   0.06367   0.45256   0.64381   0.86044   0.57556   0.89579   0.05032   0.11061   0.25246   0.81333   0.67819   0.00000   0.33689   0.78719   1.03562   1.10050   1.27878   1.05700   0.47558   0.41239   0.52094   0.22409   1.50452   0.46412   0.20190   0.04688   0.26725   0.10072   0.21424   0.21258   0.06681   1.44089   0.17756   2.04717   0.89991   1.89235   0.79259   0.11044   0.08095   3.55034  
 50  0.7736   7435.571847  x:  4.72109   0.10444   0.06332   0.45162   0.64725   0.85658   0.57542   0.89394   0.05075   0.11197   0.25170   0.80898   0.68305   0.00000   0.34574   0.78536   1.03383   1.10652   1.26017   1.05547   0.47322   0.41394   0.51900   0.22470   1.50264   0.46263   0.20178   0.04696   0.26755   0.10102   0.21416   0.21243   0.06661   1.44467   0.17564   2.05924   0.90146   1.88712   0.80049   0.11725   0.08078   3.58628  
 51  0.9818   7435.551262  x:  4.76981   0.10414   0.06344   0.44500   0.65197   0.85911   0.57586   0.90250   0.05003   0.10774   0.25459   0.80245   0.68460   0.00000   0.35555   0.77535   1.03673   1.09510   1.24975   1.05298   0.47690   0.41379   0.51886   0.21928   1.50613   0.46935   0.20204   0.04712   0.26788   0.10139   0.21428   0.21239   0.06669   1.44152   0.17662   2.07034   0.89972   1.89458   0.81915   0.13616   0.08041   3.67443  
 52  1.1660   7435.517618  x:  4.85361   0.10209   0.06317   0.44572   0.65295   0.86584   0.56954   0.90221   0.04931   0.10532   0.25234   0.81578   0.68057   0.00000   0.36060   0.76810   1.04576   1.08457   1.25494   1.05749   0.47234   0.41269   0.51899   0.22478   1.51118   0.45912   0.20187   0.04761   0.26837   0.10242   0.21430   0.21228   0.06733   1.43478   0.17674   2.07592   0.89528   1.88718   0.85417   0.16833   0.07967   3.82817  
 53  3.4439   7435.466320  x:  4.98291   0.09962   0.06266   0.45566   0.64191   0.86872   0.58074   0.89845   0.05120   0.11336   0.25129   0.81258   0.68490   0.00000   0.34393   0.77755   1.05588   1.09326   1.27808   1.05319   0.47268   0.41326   0.52004   0.22269   1.50781   0.46379   0.20206   0.04804   0.26980   0.10419   0.21434   0.21226   0.06845   1.43616   0.17686   2.06377   0.89815   1.89150   0.90533   0.22747   0.07848   4.07276  
 54  4.8519   7435.452707  x:  5.01544   0.09873   0.06257   0.44981   0.64988   0.86119   0.58154   0.89981   0.05006   0.10887   0.25494   0.81166   0.68248   0.00000   0.33854   0.79337   1.04881   1.10150   1.28575   1.05830   0.47437   0.41308   0.52070   0.22238   1.50652   0.46421   0.20244   0.04820   0.27037   0.10462   0.21438   0.21229   0.06852   1.44390   0.17491   2.05570   0.90563   1.88979   0.92199   0.24615   0.07824   4.14187  
 55  2.0716   7435.450204  x:  5.02092   0.09895   0.06263   0.44908   0.65090   0.86337   0.58146   0.90146   0.04977   0.10852   0.25344   0.81452   0.68724   0.00000   0.33532   0.79732   1.04451   1.10133   1.28385   1.05739   0.47539   0.41392   0.52018   0.22334   1.50842   0.46330   0.20256   0.04827   0.27043   0.10468   0.21443   0.21237   0.06869   1.44381   0.17528   2.05383   0.90620   1.89069   0.92668   0.25307   0.07823   4.15784  
 56  0.6522   7435.443985  x:  5.03444   0.09852   0.06253   0.44912   0.64976   0.87233   0.57712   0.90348   0.05004   0.10974   0.25502   0.81266   0.68400   0.00000   0.33661   0.80837   1.03801   1.10100   1.28019   1.05879   0.47455   0.41347   0.52082   0.22211   1.51559   0.46469   0.20255   0.04820   0.27045   0.10469   0.21422   0.21218   0.06935   1.44078   0.17560   2.05182   0.90552   1.89031   0.94791   0.27424   0.07823   4.20608  
 57  0.7235   7435.360455  x:  5.20954   0.09165   0.06159   0.45568   0.64625   0.85449   0.57789   0.90035   0.04862   0.10927   0.25575   0.81060   0.68347   0.00000   0.33266   0.80318   1.04499   1.10006   1.27802   1.05876   0.47721   0.41378   0.51935   0.22202   1.51518   0.46404   0.20347   0.04774   0.26935   0.10438   0.21075   0.20846   0.07677   1.44352   0.18088   2.05293   0.89562   1.89089   1.27640   0.60198   0.07916   4.90798  
 58  1.5378   7435.353563  x:  5.22183   0.09081   0.06144   0.45061   0.65009   0.86299   0.57836   0.89714   0.04911   0.11091   0.25510   0.81169   0.68222   0.00000   0.33463   0.79904   1.04164   1.09592   1.28125   1.05646   0.47720   0.41343   0.51981   0.22282   1.50697   0.46386   0.20355   0.04766   0.26921   0.10444   0.21047   0.20817   0.07731   1.44849   0.17826   2.05375   0.90398   1.89093   1.30531   0.63118   0.07923   4.96873  
 59  2.1395   7435.342360  x:  5.22018   0.09142   0.06154   0.44947   0.65016   0.87264   0.56983   0.90730   0.04886   0.10994   0.25640   0.81180   0.68313   0.00000   0.33292   0.79883   1.04961   1.10272   1.27812   1.05993   0.47777   0.41407   0.52012   0.22421   1.49361   0.46431   0.20377   0.04736   0.26930   0.10444   0.21023   0.20783   0.07757   1.45194   0.18036   2.05319   0.89837   1.89126   1.36679   0.69504   0.07912   5.09090  
 60  0.4859   7435.254943  x:  5.19359   0.09641   0.06238   0.45169   0.64948   0.86703   0.57305   0.90501   0.04861   0.10988   0.25371   0.81314   0.68395   0.00000   0.33925   0.79038   1.04778   1.09885   1.27858   1.06021   0.47671   0.41481   0.52247   0.22548   1.51631   0.46518   0.20339   0.04517   0.26846   0.10318   0.20892   0.20602   0.08118   1.45236   0.17975   2.06190   0.90123   1.89161   1.84354   1.17301   0.07824   6.01771  
 61  4.0239   7435.249739  x:  5.17634   0.09717   0.06267   0.44615   0.65371   0.87158   0.57828   0.89544   0.04851   0.10918   0.25442   0.81249   0.68391   0.00000   0.33736   0.79065   1.05028   1.10169   1.27770   1.06044   0.47719   0.41485   0.52236   0.22485   1.51822   0.46549   0.20344   0.04505   0.26853   0.10325   0.20911   0.20616   0.08108   1.45256   0.18177   2.06153   0.89395   1.89208   1.85263   1.18125   0.07827   6.05363  
 62  0.3279   7435.180553  x:  4.90690   0.10525   0.06450   0.44793   0.64864   0.86121   0.57794   0.89699   0.04977   0.10946   0.25364   0.81136   0.68336   0.00000   0.33389   0.79383   1.04237   1.09809   1.28590   1.05741   0.47568   0.41525   0.52087   0.22329   1.51128   0.46403   0.20387   0.04360   0.27011   0.10503   0.21316   0.21065   0.08088   1.44057   0.17459   2.06953   0.89807   1.89168   1.89856   1.22443   0.07918   6.46023  
 63  1.0348   7435.039085  x:  4.91886   0.09841   0.06322   0.45442   0.64805   0.86138   0.57817   0.89865   0.04948   0.11132   0.25538   0.81128   0.68259   0.00000   0.32630   0.81054   1.04350   1.09534   1.28792   1.05645   0.47860   0.41157   0.51719   0.21840   1.49868   0.46100   0.20559   0.04539   0.27120   0.10600   0.21171   0.20908   0.06875   1.43615   0.17659   2.06083   0.90214   1.89091   2.17280   1.49616   0.08032   9.46995  
 64  0.6022   7434.877427  x:  4.84201   0.09244   0.06139   0.44617   0.64584   0.85790   0.57673   0.89354   0.04908   0.10880   0.25283   0.80768   0.68066   0.00000   0.34480   0.77775   1.03708   1.09517   1.26300   1.05051   0.47109   0.41248   0.51852   0.22282   1.49862   0.46181   0.20112   0.04961   0.26621   0.10065   0.21361   0.21240   0.06627   1.43520   0.17649   2.03181   0.90137   1.88823   1.93494   1.24490   0.07901  12.53025  
 65  1.0292   7434.764209  x:  4.88515   0.10149   0.06202   0.44893   0.64730   0.85969   0.57492   0.89768   0.04967   0.10981   0.25235   0.80928   0.68090   0.00000   0.34213   0.78462   1.03919   1.09399   1.27060   1.05446   0.47417   0.41395   0.52049   0.22524   1.50754   0.46425   0.20079   0.04958   0.26882   0.10388   0.21191   0.20978   0.06891   1.44594   0.17647   2.03071   0.89943   1.88896   2.41538   1.73380   0.07935  17.83118  
 66  2.1704   7434.679394  x:  4.89174   0.11009   0.06260   0.45346   0.64868   0.86130   0.57582   0.89980   0.04981   0.11142   0.25270   0.81101   0.68212   0.00000   0.33720   0.79598   1.04282   1.09388   1.28005   1.05723   0.47654   0.41311   0.52015   0.22374   1.51079   0.46429   0.20172   0.05075   0.27080   0.10546   0.21038   0.20759   0.05797   1.45129   0.17731   2.04177   0.90149   1.88942   2.13647   1.46122   0.07982  22.46877  
 67  2.7486   7434.587188  x:  4.93746   0.10675   0.06372   0.44826   0.64630   0.85969   0.57702   0.89530   0.04880   0.10929   0.25399   0.80841   0.68188   0.00000   0.33881   0.78871   1.04026   1.09905   1.27246   1.05261   0.47152   0.41182   0.51772   0.22055   1.49541   0.46172   0.20256   0.04894   0.26754   0.10173   0.21181   0.20999   0.06722   1.44386   0.17565   2.05949   0.90026   1.88890   2.24280   1.55747   0.07924  33.00534  
 68  3.7491   7434.515802  x:  4.87935   0.10982   0.06356   0.44960   0.64863   0.86142   0.57691   0.89697   0.04908   0.11002   0.25232   0.80984   0.68291   0.00000   0.33952   0.78997   1.04156   1.09651   1.27609   1.05558   0.47360   0.41216   0.51979   0.22274   1.50865   0.46373   0.20245   0.04667   0.26838   0.10355   0.21094   0.20861   0.05419   1.44775   0.17723   2.05049   0.90451   1.89011   2.36010   1.67952   0.07914  46.80506  
 69  6.4243   7434.473421  x:  4.92611   0.10395   0.06265   0.45099   0.64792   0.85975   0.57571   0.89871   0.04986   0.11037   0.25328   0.80977   0.68154   0.00000   0.33766   0.79290   1.04007   1.09457   1.27579   1.05508   0.47604   0.41366   0.51989   0.22391   1.50433   0.46392   0.20360   0.04390   0.27012   0.10517   0.21215   0.20966   0.05548   1.44754   0.17822   2.03587   0.90260   1.88916   2.21891   1.54016   0.07965  63.84736  
 70  6.1856   7434.446552  x:  4.89537   0.10757   0.06266   0.44904   0.64776   0.85976   0.57702   0.89619   0.04926   0.10947   0.25284   0.80896   0.68235   0.00000   0.34122   0.78708   1.04041   1.09687   1.27202   1.05281   0.47291   0.41239   0.51972   0.22263   1.50303   0.46286   0.20419   0.04245   0.26855   0.10291   0.21188   0.20952   0.05410   1.44923   0.17703   2.04850   0.90339   1.88891   2.37350   1.68977   0.07923  85.66187  
 71  8.6705   7434.422559  x:  4.91795   0.11115   0.06193   0.44984   0.64835   0.86085   0.57662   0.89748   0.04929   0.11008   0.25284   0.80936   0.68272   0.00000   0.33900   0.79112   1.04065   1.09687   1.27595   1.05474   0.47367   0.41231   0.51953   0.22283   1.50579   0.46358   0.20332   0.04431   0.26876   0.10394   0.21140   0.20905   0.05031   1.44938   0.17769   2.04716   0.90525   1.88975   2.23494   1.55436   0.07918  119.64638  
 72 10.7035   7434.403613  x:  4.91990   0.11032   0.06187   0.45060   0.64805   0.86068   0.57618   0.89794   0.04951   0.11041   0.25306   0.80958   0.68216   0.00000   0.33755   0.79306   1.04076   1.09564   1.27676   1.05560   0.47483   0.41274   0.51933   0.22303   1.50545   0.46364   0.20281   0.04601   0.26935   0.10455   0.21138   0.20895   0.05492   1.44718   0.17762   2.04399   0.90321   1.88970   2.31650   1.63729   0.07942  154.55416  
 73 20.5488   7434.390069  x:  4.87544   0.10938   0.06199   0.45000   0.64777   0.85952   0.57663   0.89676   0.04943   0.11019   0.25264   0.80912   0.68212   0.00000   0.34117   0.78772   1.04036   1.09638   1.27286   1.05385   0.47319   0.41260   0.51965   0.22331   1.50294   0.46347   0.20274   0.04681   0.26887   0.10317   0.21159   0.20929   0.05049   1.45096   0.17735   2.04581   0.90321   1.88844   2.37055   1.68780   0.07942  214.49515  
 74 26.0068   7434.379946  x:  4.90289   0.10809   0.06286   0.45035   0.64841   0.86094   0.57631   0.89791   0.04933   0.11034   0.25274   0.80975   0.68249   0.00000   0.33915   0.79143   1.04071   1.09578   1.27621   1.05521   0.47436   0.41272   0.51989   0.22320   1.50794   0.46387   0.20247   0.04736   0.26891   0.10394   0.21163   0.20946   0.05171   1.44913   0.17783   2.04339   0.90498   1.88988   2.27164   1.59293   0.07926  308.23740  
 75 25.5835   7434.371575  x:  4.89671   0.10917   0.06334   0.45021   0.64808   0.86012   0.57653   0.89750   0.04937   0.11021   0.25286   0.80951   0.68232   0.00000   0.33935   0.79050   1.04080   1.09675   1.27530   1.05474   0.47389   0.41267   0.51953   0.22308   1.50338   0.46377   0.20294   0.04602   0.26905   0.10388   0.21146   0.20913   0.05062   1.45067   0.17771   2.04713   0.90361   1.88905   2.37405   1.69296   0.07945  433.07343  
 76 44.9267   7434.366270  x:  4.89488   0.10997   0.06318   0.44978   0.64797   0.86002   0.57654   0.89686   0.04931   0.11001   0.25266   0.80923   0.68223   0.00000   0.34022   0.78909   1.04036   1.09607   1.27373   1.05416   0.47360   0.41253   0.51974   0.22305   1.50484   0.46349   0.20315   0.04525   0.26882   0.10345   0.21163   0.20934   0.05031   1.44952   0.17751   2.04536   0.90418   1.88912   2.29986   1.61843   0.07929  627.09015  
 77 61.3273   7434.362529  x:  4.91205   0.10952   0.06244   0.45016   0.64799   0.86022   0.57620   0.89760   0.04941   0.11020   0.25291   0.80927   0.68218   0.00000   0.33911   0.79095   1.04032   1.09613   1.27514   1.05456   0.47405   0.41264   0.51956   0.22314   1.50461   0.46364   0.20306   0.04547   0.26908   0.10408   0.21152   0.20917   0.05102   1.44960   0.17762   2.04331   0.90408   1.88932   2.35586   1.67524   0.07937  872.34858  
 78 83.8741   7434.360975  x:  4.90348   0.10970   0.06231   0.45016   0.64801   0.86014   0.57634   0.89743   0.04942   0.11022   0.25285   0.80928   0.68221   0.00000   0.33947   0.79040   1.04041   1.09619   1.27481   1.05450   0.47393   0.41263   0.51957   0.22316   1.50440   0.46361   0.20302   0.04563   0.26905   0.10392   0.21155   0.20921   0.05059   1.44988   0.17761   2.04413   0.90402   1.88918   2.34694   1.66603   0.07937  999.00000  
 79 131.9746   7434.360808  x:  4.89733   0.10973   0.06238   0.45013   0.64806   0.86015   0.57648   0.89732   0.04940   0.11021   0.25278   0.80934   0.68230   0.00000   0.33976   0.79001   1.04050   1.09624   1.27467   1.05451   0.47383   0.41262   0.51964   0.22317   1.50462   0.46362   0.20297   0.04584   0.26898   0.10374   0.21157   0.20925   0.05045   1.45002   0.17764   2.04514   0.90407   1.88914   2.33483   1.65385   0.07936  999.00000  
 80  0.0172   7434.360802  x:  4.89760   0.10964   0.06251   0.45013   0.64807   0.86017   0.57648   0.89734   0.04939   0.11021   0.25278   0.80937   0.68230   0.00000   0.33972   0.79007   1.04053   1.09627   1.27475   1.05454   0.47384   0.41262   0.51965   0.22316   1.50463   0.46364   0.20296   0.04587   0.26898   0.10375   0.21156   0.20924   0.05052   1.45004   0.17765   2.04526   0.90407   1.88916   2.33456   1.65364   0.07936  999.00000  
 81  0.0003   7434.360801  x:  4.89762   0.10964   0.06254   0.45013   0.64807   0.86017   0.57648   0.89734   0.04939   0.11021   0.25278   0.80937   0.68230   0.00000   0.33972   0.79007   1.04052   1.09627   1.27475   1.05453   0.47384   0.41262   0.51965   0.22316   1.50463   0.46364   0.20296   0.04588   0.26898   0.10375   0.21156   0.20924   0.05049   1.45005   0.17765   2.04524   0.90407   1.88916   2.33494   1.65401   0.07936  999.00000  
 82  0.0005   7434.360801  x:  4.89760   0.10964   0.06254   0.45012   0.64806   0.86017   0.57648   0.89733   0.04939   0.11020   0.25278   0.80936   0.68230   0.00000   0.33972   0.79006   1.04052   1.09626   1.27473   1.05453   0.47384   0.41262   0.51965   0.22315   1.50463   0.46364   0.20296   0.04588   0.26898   0.10375   0.21156   0.20925   0.05049   1.45004   0.17765   2.04522   0.90407   1.88916   2.33494   1.65400   0.07936  999.00000  
 83  0.0000   7434.360801  x:  4.89760   0.10964   0.06254   0.45012   0.64806   0.86017   0.57647   0.89733   0.04939   0.11020   0.25278   0.80936   0.68230   0.00000   0.33972   0.79006   1.04052   1.09626   1.27473   1.05453   0.47384   0.41262   0.51965   0.22316   1.50463   0.46364   0.20296   0.04588   0.26898   0.10375   0.21156   0.20925   0.05049   1.45004   0.17765   2.04522   0.90407   1.88916   2.33493   1.65399   0.07936  999.00000  