

TREE # 1

  0  0.0000   9222.952566  x:  0.17444   0.02804   0.07307   0.00000   0.21220   0.15259   0.14764   0.15672   0.09176   0.01488   0.10164   0.09888   0.08304   0.02822   0.03654   0.11840   0.16638   0.13073   0.17006   0.12456   0.13600   0.08105   0.05011   0.02312   0.14692   0.15208   0.08109   0.04353   0.13235   0.02986   0.05286   0.04009   0.10565   0.11049   0.05181   0.16210   0.10351   2.00000   1.39835   0.16116   0.29812   1.40136  
  1 99.0000   8115.571430  x:  0.33944   0.14983   0.13531   0.35268   0.26378   0.21797   0.20770   0.22988   0.13544   0.10680   0.15929   0.22782   0.21455   0.09840   0.16581   0.18727   0.24358   0.24258   0.25644   0.23609   0.18672   0.18051   0.21916   0.13325   0.27036   0.19710   0.10912   0.05605   0.15045   0.08398   0.12706   0.14547   0.14732   0.24534   0.15132   0.28432   0.25725   1.99208   1.43229   0.12840   0.00000   1.40035  
  2 3605.8555   7966.711363  x:  0.53017   0.29057   0.20722   0.76024   0.32340   0.29353   0.27713   0.31444   0.18592   0.21301   0.22590   0.37684   0.36655   0.17950   0.31520   0.26689   0.33282   0.37187   0.35628   0.36500   0.24533   0.29546   0.41452   0.26053   0.41305   0.24912   0.14151   0.07050   0.17137   0.14650   0.21280   0.26725   0.19547   0.40121   0.26633   0.42560   0.43495   1.98293   1.47153   0.09053   0.00104   1.39917  
  3 20272.9741   7878.379415  x:  0.63346   0.27203   0.15056   0.74935   0.32786   0.31779   0.31208   0.36733   0.12428   0.15817   0.18856   0.39441   0.37011   0.14068   0.32187   0.29440   0.38468   0.43662   0.40584   0.39091   0.22372   0.26978   0.39068   0.22246   0.48390   0.24645   0.10239   0.00000   0.13984   0.06483   0.14250   0.18970   0.17914   0.44242   0.27011   0.50143   0.48345   1.98041   1.42544   0.13971   0.00103   1.39650  
  4 387.8167   7822.507869  x:  0.77974   0.23351   0.05659   0.71719   0.32869   0.35051   0.35153   0.43115   0.02399   0.07125   0.13360   0.41708   0.37288   0.08080   0.32424   0.32465   0.44849   0.51608   0.47019   0.42852   0.20167   0.23449   0.35162   0.15863   0.58469   0.24138   0.14609   0.12221   0.14823   0.02166   0.07590   0.09231   0.14128   0.49901   0.26246   0.60220   0.54180   1.97705   1.36127   0.20930   0.00101   1.39187  
  5 804.3049   7806.505456  x:  0.82355   0.21510   0.03201   0.69349   0.32651   0.35885   0.35924   0.44625   0.00000   0.04955   0.12127   0.42151   0.37248   0.06429   0.32039   0.32999   0.46409   0.53504   0.48690   0.44086   0.20438   0.22617   0.33612   0.13948   0.61316   0.23761   0.14337   0.12360   0.15823   0.06065   0.09700   0.09565   0.12322   0.51519   0.25204   0.62974   0.55303   1.97605   1.34021   0.23253   0.00100   1.39003  
  6 437.8341   7774.305904  x:  1.03101   0.10423   0.05317   0.51756   0.30670   0.39141   0.36635   0.48676   0.05086   0.06356   0.12744   0.43565   0.38397   0.03717   0.28615   0.33256   0.51125   0.58983   0.54807   0.52155   0.30258   0.22963   0.26349   0.10682   0.74113   0.23580   0.15243   0.15906   0.18833   0.00000   0.19578   0.20177   0.00233   0.59877   0.15158   0.73974   0.56772   1.96976   1.24133   0.34561   0.00098   1.37798  
  7 275.3867   7772.443985  x:  1.03816   0.10171   0.05573   0.50983   0.30652   0.39256   0.36617   0.48765   0.05439   0.06595   0.12912   0.43612   0.38481   0.03760   0.28492   0.33228   0.51242   0.59098   0.54997   0.52448   0.30581   0.23103   0.26259   0.10755   0.74495   0.23687   0.15284   0.15971   0.18887   0.00322   0.19272   0.20134   0.00000   0.60250   0.14799   0.74338   0.56759   1.96951   1.23787   0.34972   0.00097   1.37742  
  8 303.4777   7763.394279  x:  1.09524   0.11676   0.04281   0.42675   0.31569   0.40331   0.35285   0.47975   0.04528   0.07016   0.15252   0.44369   0.39758   0.04567   0.27361   0.31950   0.50852   0.58087   0.55900   0.54704   0.32667   0.26469   0.29223   0.12474   0.76149   0.25083   0.16106   0.15675   0.21218   0.00000   0.20173   0.19236   0.03223   0.64847   0.12842   0.76867   0.55739   1.96547   1.20896   0.38779   0.00097   1.36962  
  9 147.9933   7761.142956  x:  1.12594   0.11312   0.06133   0.38861   0.37791   0.42282   0.34982   0.46858   0.03170   0.05033   0.15395   0.45493   0.41764   0.05021   0.28730   0.31905   0.49953   0.55830   0.55949   0.55211   0.31620   0.25448   0.31917   0.14356   0.73993   0.25177   0.16610   0.16369   0.17732   0.00263   0.20359   0.20993   0.02188   0.66853   0.14198   0.77544   0.55128   1.96221   1.18442   0.43087   0.00097   1.35336  
 10 42.6011   7760.235084  x:  1.14237   0.11007   0.05821   0.36807   0.42462   0.43235   0.35562   0.46858   0.03846   0.06816   0.15702   0.46239   0.42946   0.05275   0.30708   0.33228   0.50082   0.54880   0.55863   0.55096   0.31160   0.23742   0.32501   0.14185   0.71574   0.24256   0.16454   0.16247   0.20596   0.00000   0.20657   0.20518   0.01065   0.67541   0.16604   0.77748   0.55075   1.95896   1.17864   0.45915   0.00097   1.33336  
 11 31.7048   7759.622350  x:  1.15268   0.12226   0.05036   0.35267   0.44288   0.42474   0.36522   0.47829   0.06018   0.06485   0.14359   0.46371   0.42532   0.03791   0.32361   0.35324   0.51283   0.55499   0.55603   0.54435   0.32507   0.25116   0.32313   0.14403   0.69978   0.25098   0.17085   0.16340   0.20294   0.00148   0.21044   0.20774   0.01191   0.68119   0.18810   0.77656   0.54974   1.95428   1.19172   0.48534   0.00096   1.29782  
 12 15.0725   7758.867454  x:  1.15705   0.12437   0.04376   0.35188   0.44243   0.41155   0.36693   0.48294   0.05728   0.06331   0.15298   0.47092   0.42647   0.04544   0.33573   0.36300   0.52004   0.55950   0.55465   0.54800   0.32918   0.26094   0.32460   0.14336   0.69540   0.25823   0.17278   0.16330   0.20015   0.00165   0.21085   0.20731   0.00000   0.68254   0.19398   0.77296   0.54839   1.95170   1.20649   0.51571   0.00096   1.25626  
 13 19.1964   7758.867454  x:  1.15705   0.12437   0.04376   0.35188   0.44243   0.41155   0.36693   0.48294   0.05728   0.06331   0.15298   0.47092   0.42647   0.04544   0.33573   0.36300   0.52004   0.55950   0.55465   0.54800   0.32918   0.26094   0.32460   0.14336   0.69540   0.25823   0.17278   0.16330   0.20015   0.00165   0.21085   0.20731   0.00000   0.68254   0.19398   0.77296   0.54839   1.95170   1.20649   0.51571   0.00096   1.25626  
 14 62.6211   7613.919012  x:  1.15714   0.12438   0.04377   0.35185   0.44241   0.41156   0.36695   0.48298   0.05726   0.06332   0.15299   0.47094   0.42648   0.04545   0.33572   0.36301   0.52008   0.55955   0.55470   0.54804   0.32916   0.26095   0.32460   0.14337   0.69548   0.25825   0.17267   0.16306   0.20017   0.00231   0.21073   0.20721   0.00003   0.68260   0.19396   0.77303   0.54843   1.95170   1.20646   0.51575   0.06385   1.25625  
 15 23298.3510   7566.947852  x:  1.21276   0.16616   0.08337   0.36875   0.46467   0.43850   0.40500   0.52682   0.08952   0.10543   0.19439   0.50741   0.46097   0.08996   0.36079   0.39500   0.56191   0.60638   0.59908   0.58998   0.35482   0.29765   0.36032   0.17790   0.75091   0.30006   0.16526   0.10645   0.24329   0.30500   0.20385   0.20616   0.32642   0.73194   0.21629   0.82364   0.59035   1.93241   1.31625   0.40974   0.07145   1.25234  
 16 514.3724   7529.623210  x:  1.29466   0.16339   0.08150   0.38292   0.48924   0.47602   0.45318   0.58520   0.08248   0.10300   0.21611   0.55456   0.49653   0.09967   0.38342   0.43654   0.61987   0.67191   0.66029   0.63903   0.37780   0.33305   0.39460   0.18602   0.82659   0.33043   0.13995   0.00000   0.20694   0.22830   0.16115   0.16233   0.35154   0.77756   0.22214   0.89717   0.64429   1.90617   1.41396   0.31863   0.07345   1.24576  
 17 195.0875   7502.669192  x:  1.42851   0.15694   0.07600   0.40421   0.52711   0.53477   0.52718   0.67616   0.06826   0.09518   0.24695   0.62757   0.55107   0.11018   0.41746   0.50154   0.71120   0.77533   0.75706   0.71614   0.41232   0.38491   0.44557   0.19598   0.94747   0.37763   0.12757   0.06078   0.16502   0.10522   0.10588   0.10488   0.38896   0.85030   0.23030   1.01538   0.72914   1.86447   1.56830   0.17521   0.07695   1.23494  
 18 695.1286   7490.007381  x:  1.52128   0.14377   0.06114   0.40942   0.54260   0.56374   0.55741   0.71978   0.04466   0.07165   0.24830   0.66100   0.57232   0.09371   0.42748   0.53549   0.75959   0.83153   0.81081   0.75667   0.42279   0.39428   0.45824   0.18945   1.01724   0.39089   0.14990   0.06502   0.19414   0.05445   0.18967   0.19578   0.38659   0.89208   0.22807   1.08938   0.77393   1.84073   1.64003   0.11128   0.07860   1.22730  
 19 233.6054   7481.863430  x:  1.64438   0.11363   0.03850   0.40146   0.54598   0.58191   0.56183   0.74470   0.01278   0.02539   0.22398   0.67680   0.57472   0.03886   0.41778   0.56201   0.79851   0.87927   0.86006   0.79041   0.41749   0.36671   0.44055   0.16383   1.08621   0.37840   0.17039   0.06332   0.24722   0.11827   0.18229   0.18842   0.31665   0.93225   0.20737   1.17297   0.80855   1.82258   1.64893   0.11310   0.07808   1.21678  
 20 98.7834   7476.272197  x:  1.77752   0.09311   0.06389   0.39275   0.54569   0.59172   0.55013   0.75599   0.09432   0.03933   0.20826   0.68192   0.57316   0.00000   0.40114   0.58239   0.82802   0.91612   0.90249   0.82492   0.41375   0.33199   0.41487   0.15326   1.14944   0.36627   0.17309   0.06438   0.27102   0.14642   0.18724   0.19019   0.27211   0.97425   0.17886   1.25436   0.83151   1.80937   1.63061   0.14365   0.07780   1.20479  
 21 130.1259   7476.272197  x:  1.77752   0.09311   0.06389   0.39275   0.54569   0.59172   0.55013   0.75599   0.09432   0.03933   0.20826   0.68192   0.57316   0.00000   0.40114   0.58239   0.82802   0.91612   0.90249   0.82492   0.41375   0.33199   0.41487   0.15326   1.14944   0.36627   0.17309   0.06438   0.27102   0.14642   0.18724   0.19019   0.27211   0.97425   0.17886   1.25436   0.83151   1.80937   1.63061   0.14365   0.07780   1.20479  
 22 94.2323   7473.644803  x:  1.77835   0.09311   0.06374   0.39262   0.54562   0.59166   0.54987   0.75587   0.09350   0.04008   0.20826   0.68185   0.57305   0.00014   0.40097   0.58238   0.82803   0.91610   0.90265   0.82506   0.41371   0.33206   0.41492   0.15325   1.14959   0.36619   0.17234   0.06268   0.26971   0.14417   0.18657   0.18946   0.27119   0.97445   0.17862   1.25476   0.83140   1.80945   1.62977   0.14460   0.09264   1.20469  
 23 364.4757   7468.458731  x:  1.80003   0.09425   0.06111   0.38964   0.54426   0.59032   0.54307   0.75263   0.07354   0.06158   0.20976   0.68062   0.57077   0.00408   0.39645   0.58165   0.82783   0.91514   0.90702   0.82922   0.41329   0.33539   0.41735   0.15412   1.15357   0.36534   0.15576   0.02047   0.23734   0.08714   0.17153   0.17261   0.24622   0.97965   0.17151   1.26473   0.82859   1.81198   1.60959   0.16781   0.09091   1.20179  
 24 94.6340   7466.113562  x:  1.83598   0.09504   0.05923   0.38629   0.54286   0.58862   0.53295   0.74782   0.04661   0.08122   0.21015   0.67830   0.56732   0.00316   0.38886   0.58064   0.82772   0.91372   0.91393   0.83520   0.41208   0.33984   0.42118   0.15694   1.16051   0.36592   0.17148   0.05333   0.21134   0.05882   0.16639   0.16632   0.20583   0.98881   0.16082   1.28123   0.82402   1.81595   1.58471   0.19789   0.09045   1.19678  
 25 74.1886   7463.792958  x:  1.87396   0.09671   0.06010   0.38475   0.54259   0.58765   0.52383   0.74381   0.02936   0.09542   0.21060   0.67654   0.56459   0.00000   0.38150   0.58014   0.82805   0.91273   0.92133   0.84149   0.41154   0.34404   0.42528   0.16154   1.16825   0.36693   0.17533   0.05025   0.20290   0.07545   0.17076   0.17124   0.16616   0.99961   0.15123   1.29886   0.81965   1.81952   1.56324   0.22504   0.09029   1.19127  
 26 85.6247   7460.503773  x:  1.99921   0.11099   0.07538   0.39163   0.54909   0.59054   0.50545   0.73886   0.07861   0.11377   0.21330   0.67568   0.56264   0.00000   0.36313   0.58261   0.83280   0.91333   0.94752   0.86410   0.41663   0.35567   0.43897   0.18583   1.19616   0.37697   0.18478   0.04824   0.23850   0.06695   0.18508   0.18421   0.06733   1.04302   0.13513   1.35851   0.81031   1.82673   1.51889   0.28953   0.09047   1.17146  
 27 83.5208   7455.857180  x:  2.27480   0.16496   0.02088   0.41302   0.57443   0.61207   0.50490   0.75567   0.08032   0.06335   0.21022   0.69210   0.57549   0.00000   0.34302   0.59847   0.85707   0.92655   1.01603   0.90909   0.41399   0.36575   0.46324   0.20027   1.25740   0.39178   0.17760   0.05338   0.27513   0.07205   0.16362   0.16792   0.07143   1.15702   0.16859   1.49616   0.81563   1.83208   1.46513   0.39237   0.08884   1.12194  
 28 50.8477   7450.809047  x:  2.71785   0.21950   0.09966   0.45646   0.62164   0.65459   0.53308   0.80238   0.07309   0.05880   0.23369   0.73314   0.62014   0.00000   0.33690   0.63791   0.91079   0.95949   1.13182   0.98375   0.42490   0.38179   0.49351   0.21764   1.35667   0.42158   0.17592   0.05931   0.24947   0.06921   0.20558   0.20492   0.14817   1.33616   0.22669   1.71463   0.83420   1.83761   1.42279   0.51918   0.08796   1.03524  
 29 126.2049   7448.361043  x:  2.85692   0.18064   0.08913   0.46675   0.63338   0.67242   0.56261   0.83115   0.07875   0.09916   0.25339   0.75836   0.64388   0.00000   0.35032   0.66304   0.94074   0.98113   1.16920   1.00540   0.44830   0.39014   0.49668   0.20168   1.38817   0.42180   0.19402   0.05642   0.25410   0.07664   0.19915   0.19675   0.16297   1.37882   0.23112   1.78062   0.84079   1.84516   1.43044   0.54377   0.08781   1.00000  
 30 64.4329   7446.911722  x:  2.97801   0.09800   0.07974   0.46569   0.63501   0.68745   0.59593   0.86137   0.06937   0.07590   0.24490   0.78021   0.65787   0.00000   0.36547   0.69255   0.97468   1.00852   1.19804   1.01432   0.46331   0.39068   0.49073   0.18055   1.41397   0.42052   0.19174   0.05384   0.26082   0.06311   0.22194   0.21840   0.16498   1.39911   0.21625   1.83319   0.84491   1.85774   1.43510   0.57440   0.08711   1.00000  
 31 49.3141   7446.562080  x:  3.01376   0.07311   0.09576   0.46130   0.63160   0.68897   0.60395   0.86896   0.07448   0.06504   0.23523   0.78347   0.65931   0.00000   0.37081   0.70435   0.98710   1.02030   1.20223   1.01171   0.46352   0.38859   0.48701   0.18428   1.42032   0.42662   0.18684   0.05644   0.25739   0.06984   0.20861   0.20356   0.16943   1.39501   0.20373   1.84442   0.84642   1.86308   1.43536   0.59027   0.08669   1.00000  
 32 21.9831   7446.217051  x:  3.07012   0.08379   0.09287   0.44245   0.61632   0.68284   0.60865   0.87502   0.07432   0.07740   0.21971   0.78263   0.65751   0.00000   0.37885   0.72865   1.01099   1.04729   1.19480   0.99367   0.45666   0.38655   0.48399   0.19598   1.42460   0.43888   0.19002   0.05494   0.26768   0.06799   0.20640   0.21087   0.19101   1.35756   0.17131   1.84903   0.85276   1.87520   1.44976   0.62052   0.08656   1.00000  
 33  9.3145   7446.037210  x:  3.11025   0.09023   0.08507   0.44177   0.61556   0.68046   0.60642   0.87432   0.08335   0.07445   0.22606   0.78282   0.65913   0.00000   0.37776   0.73996   1.02087   1.06189   1.18498   0.98217   0.45508   0.39174   0.49234   0.19663   1.42458   0.43899   0.18507   0.05665   0.25526   0.07076   0.22000   0.20140   0.19223   1.32392   0.16490   1.84694   0.86278   1.87757   1.47182   0.63989   0.08650   1.00000  
 34  9.6047   7445.773801  x:  3.17730   0.09398   0.08822   0.44891   0.62217   0.67924   0.59916   0.86920   0.08224   0.06381   0.24268   0.78221   0.66183   0.00000   0.37052   0.75091   1.02790   1.07856   1.16693   0.96835   0.45416   0.39545   0.50280   0.19286   1.42111   0.43397   0.19072   0.05328   0.25089   0.07027   0.20448   0.21169   0.18599   1.26783   0.17191   1.83879   0.88288   1.87438   1.51695   0.67326   0.08641   1.00000  
 35 14.5488   7445.593221  x:  3.22723   0.09163   0.09526   0.45207   0.62724   0.68009   0.59361   0.86406   0.06970   0.06662   0.24780   0.77956   0.66011   0.00000   0.36268   0.75215   1.02428   1.08320   1.15410   0.96628   0.45530   0.38829   0.49726   0.19062   1.41559   0.43223   0.18867   0.05273   0.26632   0.06742   0.20941   0.20087   0.18449   1.23332   0.18337   1.82882   0.89606   1.86880   1.55322   0.70443   0.08628   1.00000  
 36 14.5096   7445.297901  x:  3.31165   0.08220   0.08555   0.44685   0.62908   0.68644   0.58926   0.85635   0.07892   0.07800   0.23458   0.77245   0.64873   0.00000   0.34897   0.74082   0.99972   1.07425   1.13701   0.98117   0.46692   0.37516   0.47227   0.19191   1.40163   0.43694   0.18333   0.05376   0.25509   0.07005   0.20722   0.20753   0.19033   1.20133   0.19507   1.80285   0.90450   1.85958   1.62551   0.77058   0.08599   1.00000  
 37 11.0380   7444.889888  x:  3.42560   0.08004   0.08570   0.42683   0.62011   0.69840   0.59037   0.85111   0.07365   0.07256   0.22150   0.76951   0.64047   0.00000   0.34340   0.71934   0.95944   1.05220   1.12594   1.00440   0.47856   0.39749   0.47120   0.19208   1.37998   0.44269   0.20351   0.04254   0.25094   0.06903   0.20875   0.19863   0.19361   1.18689   0.18038   1.75960   0.89619   1.85574   1.75194   0.86099   0.08602   1.00000  
 38 17.2940   7444.547359  x:  3.51313   0.08159   0.08665   0.41020   0.61022   0.70798   0.59108   0.84834   0.06772   0.07684   0.23324   0.77144   0.64441   0.00000   0.35007   0.70439   0.93210   1.03471   1.12411   1.01314   0.47469   0.40544   0.47620   0.18548   1.36244   0.43943   0.17719   0.05069   0.25473   0.06942   0.20005   0.20115   0.19071   1.19143   0.16155   1.72339   0.88190   1.86036   1.86063   0.94438   0.08591   1.00000  
 39 25.4555   7444.095342  x:  3.60954   0.08208   0.08245   0.40488   0.60308   0.71913   0.58579   0.84479   0.06834   0.07580   0.25489   0.77178   0.65258   0.00000   0.37385   0.69693   0.91957   1.02229   1.12891   0.99538   0.44111   0.37064   0.47045   0.18550   1.34574   0.43054   0.19082   0.04293   0.24711   0.07012   0.20085   0.19614   0.17973   1.22574   0.15533   1.68277   0.85994   1.87626   2.00307   1.07741   0.08554   1.00000  
 40 18.1110   7443.450311  x:  3.71721   0.07180   0.07491   0.42946   0.60794   0.73404   0.57166   0.83930   0.05702   0.09841   0.22732   0.75840   0.63470   0.00000   0.41015   0.70456   0.94141   1.02414   1.13190   0.94399   0.43436   0.37694   0.49706   0.20745   1.33895   0.42874   0.18640   0.04177   0.24426   0.07105   0.19935   0.19668   0.15824   1.29764   0.18803   1.64986   0.83709   1.88712   2.21881   1.28868   0.08493   1.00000  
 41 19.1186   7442.890574  x:  3.76797   0.09363   0.08155   0.44927   0.60756   0.74404   0.56957   0.84407   0.05401   0.09933   0.22489   0.76758   0.63412   0.00000   0.40695   0.70897   0.97969   1.03651   1.13058   0.93149   0.47335   0.38853   0.47963   0.17805   1.36264   0.40617   0.19065   0.04008   0.24491   0.07521   0.19831   0.19356   0.14879   1.34584   0.17862   1.67035   0.82645   1.86713   2.38498   1.51328   0.08423   1.00000  
 42 14.4011   7441.962754  x:  3.81885   0.09142   0.06901   0.45767   0.60326   0.75648   0.57150   0.85751   0.03575   0.10076   0.26591   0.79728   0.66276   0.00000   0.37221   0.70760   1.03795   1.05392   1.13821   0.97258   0.49428   0.40414   0.47749   0.21975   1.43307   0.44794   0.19419   0.03743   0.24779   0.07875   0.20045   0.19798   0.13382   1.39898   0.17074   1.75617   0.84242   1.83827   2.67871   1.88500   0.08374   1.00000  
 43 26.0558   7441.240662  x:  3.84783   0.08876   0.07067   0.44446   0.61277   0.77517   0.57869   0.87452   0.04200   0.12001   0.25327   0.80213   0.66665   0.00000   0.34803   0.71027   1.06037   1.06257   1.17021   1.04027   0.45313   0.41321   0.51989   0.19452   1.48370   0.44402   0.20120   0.03578   0.25296   0.08588   0.20162   0.20046   0.12815   1.41141   0.18229   1.85526   0.88121   1.86511   2.90537   2.18682   0.08316   1.00000  
 44 25.7929   7440.953476  x:  3.86131   0.10757   0.06965   0.45460   0.64092   0.79774   0.58184   0.88253   0.03446   0.11789   0.24181   0.80056   0.66415   0.00000   0.35829   0.72342   1.05082   1.06361   1.21330   1.06082   0.46284   0.40323   0.51544   0.20162   1.49531   0.44531   0.19826   0.03712   0.25126   0.08859   0.20032   0.19918   0.11044   1.39977   0.17109   1.91381   0.89188   1.89534   3.01800   2.28854   0.08310   1.00000  
 45 12.3628   7440.740920  x:  3.87735   0.09838   0.06727   0.44761   0.64712   0.81283   0.56149   0.87308   0.03777   0.11778   0.25305   0.79319   0.66671   0.00000   0.36403   0.73701   1.02025   1.05672   1.26101   1.04279   0.47756   0.41286   0.51390   0.21239   1.48655   0.43718   0.20224   0.03752   0.25634   0.09161   0.20351   0.20185   0.12422   1.38401   0.17168   1.96724   0.88613   1.90443   3.08844   2.38266   0.08303   1.00000  
 46  7.5967   7440.575536  x:  3.90430   0.10320   0.06722   0.43434   0.63257   0.82087   0.57087   0.88221   0.03997   0.11919   0.24446   0.79571   0.67239   0.00000   0.34532   0.75411   0.99972   1.05981   1.28323   1.01755   0.46867   0.41014   0.51163   0.20856   1.47033   0.44172   0.20183   0.03958   0.25642   0.09564   0.20403   0.20217   0.11357   1.38149   0.18185   2.01098   0.87054   1.87568   3.16695   2.44029   0.08299   1.00000  
 47  4.7862   7440.434841  x:  3.94009   0.09777   0.06578   0.45220   0.63515   0.81355   0.56940   0.87755   0.04108   0.11930   0.24707   0.79892   0.66236   0.00000   0.31064   0.76820   0.99925   1.06450   1.27113   1.01627   0.46357   0.40505   0.51466   0.20335   1.45343   0.44879   0.20241   0.04183   0.26082   0.09901   0.20539   0.20383   0.12166   1.39200   0.17185   2.02960   0.84609   1.88594   3.23858   2.49386   0.08312   1.00000  
 48  3.8766   7440.321636  x:  3.97813   0.10149   0.06609   0.44448   0.61893   0.80221   0.57015   0.87083   0.04225   0.11127   0.25334   0.79563   0.66173   0.00000   0.31638   0.78376   1.01565   1.06501   1.25720   1.03591   0.47179   0.40850   0.50458   0.20846   1.44945   0.44122   0.20231   0.04471   0.26360   0.10294   0.20702   0.20521   0.11834   1.40279   0.18671   2.02455   0.84705   1.90151   3.29802   2.54468   0.08316   1.00000  
 49  3.8255   7440.214898  x:  4.02360   0.10347   0.06188   0.45247   0.63619   0.81082   0.58569   0.87585   0.04505   0.10829   0.25103   0.78780   0.67679   0.00000   0.34402   0.77950   1.02782   1.05346   1.24504   1.04644   0.47215   0.40790   0.51242   0.21373   1.46239   0.44330   0.20435   0.04767   0.26929   0.10712   0.21060   0.20882   0.12139   1.40473   0.17873   1.99572   0.86282   1.88485   3.34194   2.61676   0.08327   1.00000  
 50  3.0721   7440.173262  x:  4.04865   0.10506   0.06186   0.44837   0.63998   0.81932   0.57770   0.88169   0.04696   0.10787   0.24873   0.80845   0.67270   0.00000   0.34995   0.76216   1.02815   1.05806   1.24600   1.03785   0.47387   0.40880   0.51155   0.20880   1.48136   0.45310   0.20469   0.04862   0.27084   0.10877   0.21137   0.20971   0.12123   1.40662   0.17934   1.98158   0.87659   1.88943   3.36682   2.64708   0.08333   1.00000  
 51  2.1382   7440.141969  x:  4.07841   0.10417   0.06155   0.44698   0.63716   0.82709   0.57348   0.89078   0.04711   0.10806   0.25145   0.79906   0.66604   0.00000   0.34546   0.74630   1.02757   1.07815   1.25205   1.03824   0.47486   0.40630   0.51306   0.21588   1.49652   0.44259   0.20429   0.04896   0.27078   0.10923   0.21137   0.20964   0.12307   1.40836   0.17605   1.97729   0.87854   1.88754   3.39753   2.67399   0.08328   1.00000  
 52  1.2803   7440.055984  x:  4.17567   0.10597   0.06034   0.45681   0.63691   0.82803   0.56574   0.88980   0.04867   0.10871   0.24604   0.78993   0.68839   0.00000   0.34694   0.73970   1.02440   1.11774   1.26582   1.05007   0.46948   0.41802   0.50339   0.20920   1.49973   0.45720   0.20337   0.04848   0.26984   0.10998   0.21125   0.20947   0.12308   1.40535   0.18141   1.98094   0.86735   1.89037   3.48638   2.77386   0.08306   1.00000  
 53  1.9470   7439.861206  x:  4.40893   0.11334   0.06126   0.45604   0.63492   0.82470   0.58930   0.89251   0.05105   0.10845   0.24941   0.81564   0.68071   0.00000   0.34725   0.76002   1.01506   1.14181   1.27019   1.06265   0.49057   0.40301   0.52798   0.22001   1.48889   0.46399   0.20335   0.04684   0.26693   0.11125   0.21146   0.20857   0.12592   1.40054   0.18962   2.01249   0.86057   1.89403   3.69047   3.02045   0.08243   1.00000  
 54  6.6207   7439.710140  x:  4.59479   0.11263   0.06034   0.45056   0.64573   0.83091   0.58752   0.88653   0.05368   0.11115   0.25330   0.81885   0.66656   0.00000   0.33997   0.78828   1.02392   1.11751   1.26110   1.05671   0.47307   0.41954   0.50958   0.22765   1.49397   0.45668   0.20081   0.04558   0.26334   0.11137   0.20995   0.20687   0.12850   1.41038   0.17464   2.05376   0.88572   1.88842   3.86713   3.19354   0.08190   1.00000  
 55  9.5147   7439.671291  x:  4.64487   0.11210   0.06085   0.44518   0.64183   0.83526   0.57759   0.88710   0.05387   0.11115   0.24931   0.80728   0.67788   0.00000   0.33159   0.79251   1.03340   1.09826   1.25775   1.05040   0.48095   0.41170   0.51496   0.22277   1.50135   0.46101   0.20041   0.04477   0.26196   0.11121   0.20934   0.20589   0.12938   1.41211   0.17090   2.06597   0.89135   1.89290   3.91770   3.23587   0.08178   1.00000  
 56  4.7348   7439.660448  x:  4.66155   0.11282   0.06119   0.44705   0.63945   0.83886   0.57806   0.89500   0.05401   0.11115   0.25096   0.80561   0.67582   0.00000   0.32892   0.78993   1.04397   1.08539   1.26215   1.04953   0.47934   0.41403   0.51294   0.22243   1.50513   0.46227   0.20030   0.04471   0.26207   0.11117   0.20938   0.20588   0.12982   1.40450   0.17560   2.06682   0.88075   1.89594   3.93325   3.25265   0.08172   1.00000  
 57  1.0590   7439.654614  x:  4.67294   0.11222   0.06122   0.44767   0.63904   0.83860   0.57341   0.89231   0.05389   0.11140   0.24860   0.80991   0.67550   0.00000   0.32921   0.78875   1.05113   1.08171   1.26803   1.05283   0.47812   0.41232   0.51453   0.22304   1.50571   0.45958   0.20023   0.04473   0.26214   0.11103   0.20943   0.20594   0.13053   1.40155   0.17541   2.06640   0.87640   1.89183   3.94637   3.26269   0.08168   1.00000  
 58  0.7685   7439.623349  x:  4.74205   0.11086   0.06259   0.44676   0.64174   0.83588   0.58631   0.88214   0.05171   0.11040   0.24982   0.81021   0.67789   0.00000   0.31626   0.78079   1.06381   1.08096   1.29283   1.04951   0.47979   0.41412   0.51502   0.22210   1.49561   0.45876   0.20129   0.04471   0.26493   0.10990   0.21056   0.20736   0.13045   1.40551   0.17613   2.05665   0.88798   1.89408   4.02252   3.33967   0.08147   1.00000  
 59  0.8278   7439.585810  x:  4.82665   0.10855   0.06428   0.44723   0.64283   0.84372   0.57644   0.89567   0.04777   0.10770   0.25688   0.80756   0.67323   0.00000   0.32192   0.79843   1.04982   1.08786   1.29118   1.05558   0.48053   0.41452   0.51838   0.21428   1.50154   0.46469   0.20280   0.04468   0.26878   0.10822   0.21215   0.20933   0.13070   1.41341   0.17910   2.04981   0.88872   1.89006   4.11881   3.43858   0.08120   1.00000  
 60  2.1850   7439.576406  x:  4.84829   0.10798   0.06470   0.44782   0.64427   0.84729   0.57626   0.89831   0.04658   0.10786   0.25372   0.81210   0.68107   0.00000   0.32215   0.79980   1.04329   1.08944   1.28385   1.05487   0.47980   0.41615   0.51790   0.21822   1.50546   0.45782   0.20301   0.04487   0.26970   0.10772   0.21257   0.20983   0.13095   1.41446   0.18120   2.05068   0.88564   1.89333   4.14390   3.46477   0.08113   1.00000  
 61  2.2886   7439.572045  x:  4.85995   0.10748   0.06493   0.44671   0.64446   0.84845   0.58020   0.89122   0.04646   0.10743   0.25452   0.81065   0.67988   0.00000   0.33083   0.79048   1.04165   1.09119   1.27464   1.05323   0.47938   0.41566   0.51801   0.21661   1.50845   0.45857   0.20307   0.04485   0.26982   0.10736   0.21263   0.20983   0.13097   1.41405   0.18230   2.05943   0.88080   1.89384   4.16067   3.47888   0.08109   1.00000  
 62  0.5215   7439.570092  x:  4.86593   0.10722   0.06477   0.44847   0.64366   0.84551   0.57829   0.89565   0.04669   0.10723   0.25431   0.81082   0.68022   0.00000   0.33539   0.78376   1.04208   1.09148   1.27120   1.05317   0.47942   0.41566   0.51786   0.21700   1.50345   0.45825   0.20312   0.04492   0.26975   0.10714   0.21264   0.20987   0.13092   1.41459   0.18172   2.06429   0.88219   1.89389   4.17125   3.48899   0.08107   1.00000  
 63  0.3352   7439.562665  x:  4.89028   0.10804   0.06436   0.44613   0.64606   0.85962   0.57717   0.89637   0.04871   0.10646   0.25549   0.81217   0.68076   0.00000   0.33398   0.78449   1.04618   1.09529   1.27089   1.05683   0.48006   0.41547   0.51809   0.21812   1.49717   0.45960   0.20319   0.04548   0.26885   0.10593   0.21238   0.20976   0.13057   1.41866   0.18268   2.06391   0.88170   1.89480   4.23112   3.55010   0.08102   1.00000  
 64  0.2451   7439.555127  x:  4.91547   0.10814   0.06371   0.44969   0.64661   0.85110   0.58030   0.89674   0.05075   0.10594   0.25515   0.81214   0.68099   0.00000   0.33261   0.78823   1.04181   1.09454   1.27688   1.05770   0.48040   0.41485   0.51786   0.21810   1.50656   0.45968   0.20307   0.04603   0.26779   0.10452   0.21200   0.20950   0.13072   1.42129   0.18329   2.06106   0.88068   1.89520   4.29653   3.61332   0.08094   1.00000  
 65  1.4145   7439.554585  x:  4.91514   0.10813   0.06368   0.45269   0.64302   0.85262   0.58069   0.89584   0.05068   0.10610   0.25488   0.81246   0.68082   0.00000   0.33285   0.78840   1.04128   1.09403   1.27717   1.05775   0.48000   0.41483   0.51798   0.21816   1.50680   0.45971   0.20307   0.04611   0.26789   0.10442   0.21199   0.20948   0.13089   1.42113   0.18281   2.06120   0.88183   1.89530   4.30630   3.62344   0.08094   1.00000  
 66  0.1087   7439.539668  x:  4.89156   0.10749   0.06488   0.44705   0.64384   0.85327   0.57886   0.89571   0.04956   0.10752   0.25282   0.81200   0.67996   0.00000   0.33229   0.78922   1.04555   1.09124   1.27750   1.05360   0.47815   0.41518   0.51880   0.21871   1.50562   0.46072   0.20344   0.04803   0.27023   0.10186   0.21148   0.20870   0.13381   1.42195   0.18177   2.06421   0.88164   1.89384   4.61946   3.94158   0.08116   1.00000  
 67  0.4781   7439.510341  x:  4.79028   0.10817   0.06010   0.44749   0.64286   0.85776   0.57636   0.89366   0.04985   0.10638   0.25491   0.81024   0.67897   0.00000   0.33127   0.78782   1.03997   1.09062   1.27079   1.05309   0.47962   0.41438   0.51623   0.21785   1.50153   0.45826   0.20371   0.04695   0.26796   0.10314   0.21239   0.20996   0.12887   1.41239   0.18180   2.05331   0.87966   1.89499   5.36203   4.67213   0.08132   1.00000  
 68  0.2458   7439.494052  x:  4.80937   0.10873   0.06587   0.44794   0.64414   0.86023   0.57626   0.89449   0.04961   0.10567   0.25453   0.80999   0.67929   0.00000   0.33287   0.78413   1.03855   1.09116   1.26994   1.05487   0.47869   0.41450   0.51647   0.21730   1.50168   0.45856   0.20285   0.04605   0.26813   0.10454   0.21041   0.20808   0.13124   1.41346   0.18276   2.05027   0.88016   1.89330   6.02598   5.33684   0.08139   1.00000  
 69  0.4702   7439.486589  x:  4.83750   0.10676   0.06386   0.44670   0.64326   0.86137   0.57779   0.89594   0.04971   0.10726   0.25383   0.81173   0.67989   0.00000   0.33370   0.78707   1.04327   1.09145   1.27403   1.05338   0.47865   0.41467   0.51771   0.21748   1.50311   0.45955   0.20256   0.04556   0.26784   0.10405   0.21242   0.20945   0.13211   1.41856   0.18114   2.05346   0.88072   1.89436   6.78256   6.09857   0.08135   1.00000  
 70  0.4992   7439.482733  x:  4.81577   0.10744   0.06408   0.44808   0.64373   0.86055   0.57634   0.89428   0.04984   0.10700   0.25469   0.81046   0.67926   0.00000   0.33226   0.78619   1.03987   1.09101   1.27130   1.05417   0.47897   0.41429   0.51682   0.21824   1.50203   0.45877   0.20312   0.04618   0.26820   0.10464   0.21145   0.20899   0.13151   1.41628   0.18308   2.05272   0.87965   1.89408   7.69941   7.01162   0.08133   1.00000  
 71  0.4879   7439.481136  x:  4.83002   0.10754   0.06420   0.44705   0.64348   0.86113   0.57742   0.89560   0.04964   0.10694   0.25400   0.81111   0.67976   0.00000   0.33308   0.78656   1.04185   1.09176   1.27318   1.05427   0.47888   0.41472   0.51713   0.21742   1.50276   0.45932   0.20283   0.04604   0.26799   0.10403   0.21178   0.20908   0.13145   1.41635   0.18159   2.05388   0.88055   1.89421   8.56431   7.87886   0.08137   1.00000  
 72  0.5026   7439.480486  x:  4.82252   0.10782   0.06398   0.44757   0.64362   0.86042   0.57655   0.89455   0.04973   0.10677   0.25448   0.81077   0.67933   0.00000   0.33251   0.78627   1.04057   1.09096   1.27157   1.05385   0.47882   0.41443   0.51706   0.21792   1.50233   0.45891   0.20297   0.04606   0.26805   0.10438   0.21162   0.20901   0.13127   1.41600   0.18229   2.05259   0.88019   1.89401   9.56321   8.87618   0.08133   1.00000  
 73  0.5063   7439.480242  x:  4.82670   0.10758   0.06411   0.44727   0.64345   0.86107   0.57713   0.89526   0.04972   0.10682   0.25415   0.81091   0.67963   0.00000   0.33297   0.78639   1.04136   1.09161   1.27267   1.05413   0.47884   0.41462   0.51706   0.21763   1.50242   0.45918   0.20288   0.04602   0.26807   0.10417   0.21168   0.20904   0.13149   1.41641   0.18190   2.05319   0.88023   1.89419  10.44690   9.76081   0.08137   1.00000  
 74  0.5042   7439.480145  x:  4.82395   0.10757   0.06405   0.44746   0.64363   0.86061   0.57683   0.89489   0.04972   0.10685   0.25433   0.81088   0.67947   0.00000   0.33271   0.78637   1.04097   1.09116   1.27212   1.05398   0.47884   0.41450   0.51709   0.21777   1.50250   0.45902   0.20291   0.04603   0.26806   0.10429   0.21166   0.20902   0.13145   1.41633   0.18219   2.05310   0.88026   1.89407  11.31194  10.62541   0.08134   1.00000  
 75  0.4722   7439.480103  x:  4.82542   0.10758   0.06410   0.44736   0.64351   0.86102   0.57701   0.89512   0.04971   0.10684   0.25425   0.81091   0.67957   0.00000   0.33283   0.78640   1.04121   1.09146   1.27245   1.05411   0.47886   0.41458   0.51707   0.21771   1.50246   0.45913   0.20291   0.04604   0.26805   0.10423   0.21168   0.20905   0.13147   1.41635   0.18202   2.05322   0.88025   1.89416  12.21297  11.52668   0.08136   1.00000  
 76  0.4954   7439.480086  x:  4.82481   0.10760   0.06408   0.44741   0.64358   0.86068   0.57691   0.89498   0.04971   0.10686   0.25429   0.81089   0.67952   0.00000   0.33278   0.78637   1.04107   1.09129   1.27226   1.05402   0.47885   0.41453   0.51708   0.21774   1.50248   0.45907   0.20291   0.04604   0.26805   0.10426   0.21168   0.20904   0.13143   1.41631   0.18209   2.05311   0.88026   1.89410  13.07450  12.38810   0.08134   1.00000  
 77  0.4906   7439.480079  x:  4.82518   0.10761   0.06408   0.44738   0.64353   0.86092   0.57694   0.89503   0.04972   0.10685   0.25427   0.81089   0.67953   0.00000   0.33279   0.78638   1.04111   1.09136   1.27232   1.05406   0.47885   0.41455   0.51707   0.21773   1.50244   0.45909   0.20291   0.04604   0.26806   0.10424   0.21167   0.20904   0.13144   1.41631   0.18205   2.05311   0.88024   1.89413  13.97102  13.28464   0.08136   1.00000  
 78  0.4944   7439.480077  x:  4.82500   0.10760   0.06408   0.44739   0.64356   0.86075   0.57694   0.89502   0.04972   0.10685   0.25427   0.81089   0.67953   0.00000   0.33280   0.78637   1.04111   1.09134   1.27231   1.05404   0.47885   0.41454   0.51708   0.21773   1.50247   0.45908   0.20291   0.04604   0.26806   0.10425   0.21167   0.20904   0.13144   1.41632   0.18207   2.05311   0.88026   1.89412  14.83307  14.14670   0.08135   1.00000  
 79  0.4912   7439.480075  x:  4.82501   0.10760   0.06408   0.44739   0.64354   0.86087   0.57693   0.89502   0.04972   0.10684   0.25428   0.81089   0.67953   0.00000   0.33279   0.78638   1.04110   1.09134   1.27231   1.05405   0.47885   0.41455   0.51707   0.21773   1.50246   0.45908   0.20291   0.04604   0.26806   0.10425   0.21167   0.20904   0.13144   1.41632   0.18207   2.05313   0.88025   1.89412  15.72816  15.04177   0.08135   1.00000  
 80  0.4964   7439.480075  x:  4.82502   0.10759   0.06408   0.44739   0.64355   0.86079   0.57695   0.89503   0.04972   0.10684   0.25427   0.81089   0.67953   0.00000   0.33280   0.78638   1.04112   1.09135   1.27232   1.05405   0.47885   0.41455   0.51708   0.21773   1.50247   0.45909   0.20291   0.04604   0.26805   0.10425   0.21167   0.20904   0.13145   1.41632   0.18207   2.05313   0.88025   1.89412  16.64315  15.95678   0.08135   1.00000  
 81  0.5090   7439.480075  x:  4.82501   0.10760   0.06408   0.44739   0.64355   0.86084   0.57693   0.89502   0.04972   0.10684   0.25428   0.81089   0.67953   0.00000   0.33279   0.78638   1.04110   1.09134   1.27230   1.05405   0.47885   0.41455   0.51707   0.21773   1.50246   0.45908   0.20291   0.04604   0.26806   0.10425   0.21167   0.20904   0.13144   1.41632   0.18207   2.05313   0.88025   1.89412  17.40411  16.71772   0.08135   1.00000  
 82  0.4596   7439.480075  x:  4.82504   0.10760   0.06408   0.44739   0.64355   0.86081   0.57695   0.89503   0.04972   0.10685   0.25427   0.81089   0.67953   0.00000   0.33280   0.78638   1.04111   1.09135   1.27232   1.05405   0.47885   0.41455   0.51707   0.21773   1.50246   0.45909   0.20291   0.04604   0.26805   0.10425   0.21167   0.20904   0.13144   1.41632   0.18207   2.05312   0.88025   1.89412  18.66424  17.97787   0.08135   1.00000  
 83  0.5572   7439.480075  x:  4.82502   0.10760   0.06408   0.44739   0.64355   0.86082   0.57694   0.89502   0.04972   0.10685   0.25427   0.81089   0.67953   0.00000   0.33279   0.78638   1.04111   1.09134   1.27231   1.05405   0.47885   0.41455   0.51707   0.21773   1.50246   0.45908   0.20291   0.04604   0.26806   0.10425   0.21167   0.20904   0.13144   1.41632   0.18207   2.05312   0.88025   1.89412  19.28163  18.59524   0.08135   1.00000  
 84  0.4673   7439.480074  x:  4.82502   0.10760   0.06408   0.44739   0.64355   0.86082   0.57694   0.89502   0.04972   0.10684   0.25427   0.81089   0.67953   0.00000   0.33279   0.78638   1.04111   1.09135   1.27232   1.05405   0.47885   0.41455   0.51707   0.21773   1.50246   0.45908   0.20291   0.04604   0.26806   0.10425   0.21167   0.20904   0.13145   1.41632   0.18207   2.05313   0.88025   1.89412  22.18218  21.49580   0.08135   1.00000  
 85  0.6961   7439.480074  x:  4.82502   0.10760   0.06408   0.44739   0.64355   0.86082   0.57694   0.89502   0.04972   0.10684   0.25427   0.81089   0.67953   0.00000   0.33279   0.78638   1.04111   1.09134   1.27231   1.05405   0.47885   0.41455   0.51707   0.21773   1.50246   0.45908   0.20291   0.04604   0.26806   0.10425   0.21167   0.20904   0.13144   1.41632   0.18207   2.05313   0.88025   1.89412  22.35640  21.67002   0.08135   1.00000  
 86  0.1951   7439.480074  x:  4.82502   0.10760   0.06408   0.44739   0.64355   0.86082   0.57694   0.89502   0.04972   0.10684   0.25427   0.81089   0.67953   0.00000   0.33279   0.78638   1.04111   1.09134   1.27231   1.05405   0.47885   0.41455   0.51707   0.21773   1.50246   0.45908   0.20291   0.04604   0.26806   0.10425   0.21167   0.20904   0.13144   1.41632   0.18207   2.05313   0.88025   1.89412  22.34551  21.65913   0.08135   1.00000  
 87  0.4758   7439.480074  x:  4.82502   0.10760   0.06408   0.44739   0.64355   0.86082   0.57694   0.89502   0.04972   0.10684   0.25427   0.81089   0.67953   0.00000   0.33279   0.78638   1.04111   1.09134   1.27231   1.05405   0.47885   0.41455   0.51707   0.21773   1.50246   0.45908   0.20291   0.04604   0.26806   0.10425   0.21167   0.20904   0.13144   1.41632   0.18207   2.05313   0.88025   1.89412  22.34550  21.65912   0.08135   1.00000  
 88  0.7222   7439.480074  x:  4.82502   0.10760   0.06408   0.44739   0.64355   0.86082   0.57694   0.89502   0.04972   0.10684   0.25427   0.81089   0.67953   0.00000   0.33279   0.78638   1.04111   1.09134   1.27231   1.05405   0.47885   0.41455   0.51707   0.21773   1.50246   0.45908   0.20291   0.04604   0.26806   0.10425   0.21167   0.20904   0.13144   1.41632   0.18207   2.05313   0.88025   1.89412  22.34550  21.65912   0.08135   1.00000  
 89  0.0000   7439.480074  x:  4.82502   0.10760   0.06408   0.44739   0.64355   0.86082   0.57694   0.89502   0.04972   0.10684   0.25427   0.81089   0.67953   0.00000   0.33279   0.78638   1.04111   1.09134   1.27231   1.05405   0.47885   0.41455   0.51707   0.21773   1.50246   0.45908   0.20291   0.04604   0.26806   0.10425   0.21167   0.20904   0.13144   1.41632   0.18207   2.05313   0.88025   1.89412  22.34550  21.65912   0.08135   1.00000  