

TREE # 1

  0  0.0000   9219.167716  x:  0.17444   0.02804   0.07307   0.00000   0.21220   0.15259   0.14764   0.15672   0.09176   0.01488   0.10164   0.09888   0.08304   0.02822   0.03654   0.11840   0.16638   0.13073   0.17006   0.12456   0.13600   0.08105   0.05011   0.02312   0.14692   0.15208   0.08109   0.04353   0.13235   0.02986   0.05286   0.04009   0.10565   0.11049   0.05181   0.16210   0.10351   2.00000   1.39835   0.16116   0.29812   1.40136  
  1 99.0000   8109.623805  x:  0.33841   0.14788   0.13426   0.33953   0.26396   0.21947   0.20677   0.22877   0.13133   0.10868   0.15920   0.22700   0.21374   0.09874   0.16509   0.18709   0.24312   0.24195   0.25568   0.23560   0.18670   0.17977   0.21843   0.13325   0.26998   0.19656   0.10898   0.05574   0.15026   0.08378   0.12655   0.14487   0.14693   0.24484   0.15022   0.28359   0.25621   1.99212   1.43181   0.12828   0.00000   1.40080  
  2 3584.0037   7959.882940  x:  0.51962   0.28030   0.20186   0.71467   0.32115   0.29338   0.27213   0.30840   0.17506   0.21232   0.22281   0.36859   0.35818   0.17665   0.30713   0.26301   0.32793   0.36488   0.35030   0.35832   0.24273   0.28886   0.40442   0.25494   0.40598   0.24571   0.13980   0.06921   0.17005   0.14335   0.20796   0.26064   0.19254   0.39332   0.25898   0.41785   0.42495   1.98341   1.46878   0.09194   0.00097   1.40017  
  3 19636.5441   7872.885849  x:  0.62267   0.26181   0.14702   0.70153   0.31593   0.31621   0.30486   0.35922   0.11916   0.15809   0.18617   0.38654   0.36235   0.13823   0.31352   0.28992   0.37898   0.42903   0.39897   0.38453   0.22276   0.26428   0.38145   0.21818   0.47664   0.24254   0.10178   0.00000   0.13882   0.06376   0.13982   0.18516   0.17573   0.43484   0.26233   0.49327   0.47301   1.98078   1.42331   0.13736   0.00096   1.39990  
  4 392.2467   7817.586603  x:  0.77091   0.22265   0.05546   0.66469   0.30344   0.34790   0.34241   0.42209   0.02519   0.07087   0.13163   0.41010   0.36597   0.07802   0.31540   0.32033   0.44321   0.50930   0.46358   0.42330   0.20244   0.22987   0.34272   0.15557   0.57864   0.23770   0.14498   0.12347   0.14639   0.02217   0.07471   0.08898   0.13712   0.49295   0.25389   0.59529   0.53164   1.97701   1.35939   0.20139   0.00094   1.39931  
  5 801.0748   7801.376524  x:  0.81419   0.20446   0.03261   0.64011   0.29783   0.35581   0.34938   0.43663   0.00000   0.04987   0.11997   0.41467   0.36575   0.06195   0.31140   0.32559   0.45858   0.52795   0.48002   0.43571   0.20515   0.22201   0.32762   0.13723   0.60659   0.23440   0.14223   0.12525   0.15605   0.05929   0.09612   0.09406   0.11935   0.50917   0.24336   0.62250   0.54254   1.97588   1.33874   0.22213   0.00094   1.39911  
  6 443.2400   7773.938565  x:  0.98071   0.11442   0.06509   0.49173   0.27440   0.38125   0.35075   0.46641   0.00123   0.07469   0.13403   0.42692   0.37687   0.04663   0.28237   0.32623   0.49461   0.56879   0.52820   0.50343   0.28781   0.23025   0.27126   0.11694   0.70693   0.23748   0.14920   0.15465   0.18030   0.00000   0.17536   0.18814   0.02123   0.57813   0.15811   0.70941   0.55050   1.96976   1.25922   0.30166   0.00092   1.39892  
  7 266.3729   7764.427658  x:  1.02841   0.09346   0.08826   0.44190   0.27277   0.38882   0.34889   0.47233   0.01491   0.09371   0.14606   0.42985   0.38249   0.04946   0.27343   0.32466   0.50234   0.57667   0.54052   0.52382   0.31246   0.23915   0.26277   0.12157   0.73252   0.24396   0.15083   0.15901   0.18445   0.01842   0.15745   0.18829   0.00000   0.60230   0.13172   0.73328   0.54898   1.96789   1.23574   0.32506   0.00091   1.39898  
  8 353.6167   7755.347712  x:  1.10053   0.11634   0.08273   0.34000   0.30172   0.40396   0.33087   0.46229   0.00000   0.09893   0.17186   0.43594   0.39591   0.05202   0.25427   0.30856   0.49501   0.56199   0.54936   0.55008   0.34092   0.27885   0.29905   0.14317   0.74971   0.26020   0.15639   0.15826   0.20819   0.01688   0.17197   0.17069   0.05290   0.66338   0.11089   0.76567   0.53373   1.96220   1.19541   0.36590   0.00090   1.39856  
  9 120.1445   7752.855953  x:  1.13252   0.09601   0.05421   0.31322   0.38760   0.41848   0.32908   0.45569   0.00000   0.08282   0.18501   0.44551   0.41342   0.06279   0.26427   0.31139   0.48673   0.54020   0.55095   0.55757   0.33638   0.27626   0.32844   0.15075   0.72647   0.25817   0.16279   0.16223   0.18633   0.01809   0.16733   0.18881   0.03805   0.68483   0.12316   0.77410   0.52338   1.96013   1.15848   0.40332   0.00090   1.39845  
 10 42.6088   7751.961998  x:  1.14949   0.10242   0.07131   0.29990   0.43194   0.41719   0.33879   0.46385   0.00000   0.08073   0.17867   0.44392   0.41910   0.06689   0.27873   0.32785   0.49235   0.53908   0.55321   0.55620   0.32856   0.25469   0.32156   0.15864   0.70883   0.25969   0.16446   0.16296   0.20591   0.01646   0.18148   0.18001   0.03433   0.69200   0.14467   0.77826   0.52286   1.95618   1.14434   0.41795   0.00090   1.39838  
 11 26.5742   7751.257387  x:  1.16112   0.12060   0.05675   0.29285   0.44250   0.39842   0.35233   0.48054   0.00000   0.09055   0.17243   0.44458   0.42205   0.05406   0.29454   0.35546   0.50950   0.55578   0.55294   0.54580   0.33625   0.27136   0.32685   0.15050   0.69642   0.25891   0.16556   0.16737   0.20695   0.01766   0.18208   0.18984   0.03248   0.69301   0.16497   0.78007   0.52500   1.95131   1.13581   0.42767   0.00090   1.39819  
 12 10.5372   7749.899811  x:  1.17914   0.12848   0.05188   0.33147   0.43326   0.37303   0.35509   0.49018   0.00000   0.06609   0.17679   0.46684   0.43476   0.05836   0.31374   0.37541   0.52118   0.57599   0.55032   0.54954   0.33860   0.28973   0.34789   0.16445   0.70787   0.28398   0.16848   0.17193   0.19628   0.01857   0.21163   0.16730   0.01779   0.69658   0.16895   0.78361   0.53383   1.94565   1.10346   0.46388   0.00089   1.39723  
 13 10.8062   7746.488537  x:  1.23150   0.15807   0.03468   0.44747   0.41670   0.36802   0.36608   0.50794   0.03522   0.04165   0.20501   0.51843   0.46789   0.09094   0.34612   0.38917   0.52672   0.61050   0.55111   0.58682   0.32187   0.27343   0.37502   0.17277   0.76442   0.30636   0.17705   0.17780   0.23110   0.02015   0.19993   0.21304   0.04511   0.72912   0.18066   0.81125   0.57806   1.93616   1.02298   0.55626   0.00088   1.39386  
 14 30.2367   7742.907461  x:  1.27581   0.15608   0.03941   0.56638   0.45022   0.46173   0.40920   0.53294   0.00464   0.11110   0.20779   0.54082   0.49220   0.08537   0.37068   0.38201   0.52868   0.63200   0.57884   0.62500   0.32691   0.29718   0.42541   0.16321   0.81997   0.27731   0.18927   0.18662   0.22467   0.02469   0.23282   0.19952   0.05956   0.77780   0.18443   0.85338   0.63679   1.94217   0.96765   0.62921   0.00086   1.38593  
 15 35.1586   7742.554850  x:  1.27734   0.15605   0.04269   0.57110   0.45225   0.46660   0.40992   0.53299   0.00000   0.10911   0.20388   0.54042   0.49295   0.08252   0.37214   0.38198   0.53046   0.63294   0.58250   0.62586   0.32967   0.30026   0.42832   0.16766   0.82129   0.27792   0.19003   0.18677   0.22522   0.02495   0.23117   0.20276   0.05957   0.78134   0.18478   0.85584   0.63885   1.94393   0.96559   0.63227   0.00086   1.38543  
 16 33.0439   7741.694333  x:  1.28109   0.15848   0.02435   0.58543   0.45542   0.47234   0.39579   0.52382   0.00000   0.12242   0.20526   0.53889   0.51287   0.09988   0.39044   0.38964   0.55734   0.63652   0.61760   0.63948   0.36359   0.30238   0.42655   0.20209   0.81060   0.27944   0.18041   0.18946   0.23830   0.02406   0.22354   0.20418   0.04469   0.80532   0.19032   0.86986   0.63729   1.97100   0.95508   0.64747   0.00085   1.38428  
 17 16.0902   7741.138801  x:  1.28939   0.17659   0.04184   0.58843   0.45110   0.45861   0.39298   0.52927   0.00000   0.12783   0.21539   0.54161   0.53125   0.10475   0.39302   0.38952   0.57117   0.63630   0.62991   0.64521   0.36767   0.30025   0.42638   0.20395   0.80057   0.27182   0.18115   0.19437   0.21827   0.02727   0.22125   0.21210   0.03987   0.82767   0.19685   0.87968   0.63122   1.99298   0.93614   0.66903   0.00085   1.38491  
 18 12.0627   7739.816942  x:  1.30776   0.18314   0.04786   0.59700   0.45184   0.43454   0.42526   0.57080   0.00000   0.13279   0.24154   0.55331   0.55835   0.09932   0.37470   0.37537   0.57894   0.62824   0.62476   0.65440   0.35995   0.31807   0.44503   0.19886   0.80209   0.28727   0.20631   0.17555   0.25837   0.02332   0.20638   0.21825   0.00000   0.87125   0.20340   0.89737   0.61614   2.03250   0.91243   0.69850   0.00085   1.38948  
 19 10.0688   7732.492118  x:  1.43706   0.13772   0.03041   0.57503   0.48553   0.42079   0.47972   0.63613   0.00000   0.11477   0.26545   0.56767   0.53463   0.13385   0.32441   0.39457   0.60647   0.66650   0.60789   0.73333   0.38349   0.27891   0.39912   0.19738   0.93661   0.40983   0.20689   0.18176   0.21544   0.03716   0.19163   0.25573   0.00000   1.01456   0.27423   0.99349   0.62602   2.07472   0.90487   0.73047   0.00082   1.42346  
 20 10.4421   7721.928038  x:  1.60946   0.06470   0.06040   0.60093   0.49932   0.43934   0.44573   0.62128   0.00000   0.06919   0.25915   0.59022   0.51914   0.15170   0.33892   0.45390   0.63622   0.74169   0.64853   0.80192   0.41066   0.30289   0.39289   0.11685   1.06350   0.37319   0.13261   0.20148   0.27889   0.04342   0.16253   0.26860   0.00000   1.10863   0.28694   1.09412   0.65437   2.07254   0.80232   0.86164   0.00081   1.47170  
 21 45.7833   7714.108112  x:  1.77956   0.13724   0.03913   0.56822   0.49120   0.51582   0.41085   0.60496   0.00000   0.05502   0.26640   0.61820   0.55949   0.13385   0.37422   0.49029   0.66031   0.81311   0.74144   0.82818   0.38081   0.28238   0.36947   0.14008   1.16018   0.32661   0.26510   0.13723   0.29339   0.05160   0.14798   0.27876   0.00000   1.10403   0.21366   1.18454   0.69094   2.01753   0.72712   0.95748   0.00079   1.51900  
 22 48.1522   7709.715423  x:  1.90282   0.15297   0.04038   0.49450   0.48645   0.55314   0.43618   0.64392   0.10721   0.05925   0.28779   0.64761   0.61350   0.11605   0.39483   0.49049   0.67608   0.84394   0.79673   0.81814   0.35003   0.27044   0.41160   0.19305   1.18158   0.33418   0.23545   0.14781   0.29431   0.05470   0.14492   0.28164   0.00000   1.03621   0.14914   1.23625   0.73905   1.95890   0.70257   0.98682   0.00078   1.55459  
 23 37.6051   7704.992902  x:  2.02589   0.15981   0.04299   0.42632   0.48163   0.57340   0.47280   0.69948   0.00000   0.06907   0.27816   0.66490   0.64279   0.10915   0.39741   0.44254   0.69370   0.83699   0.83679   0.80638   0.35270   0.28673   0.43857   0.23262   1.15497   0.35959   0.18375   0.16673   0.28513   0.05766   0.15272   0.26299   0.00000   0.96857   0.10870   1.27756   0.80651   1.93602   0.68810   1.00617   0.00077   1.58519  
 24 31.0863   7699.773954  x:  2.20677   0.16321   0.05654   0.39191   0.52223   0.55311   0.45299   0.71922   0.01194   0.08482   0.23752   0.66389   0.61091   0.09636   0.36408   0.37990   0.71738   0.82493   0.84128   0.80803   0.45213   0.33887   0.42393   0.20733   1.11373   0.38729   0.22697   0.13318   0.27172   0.06283   0.16799   0.19856   0.08441   0.93991   0.10371   1.32347   0.87835   1.95104   0.67131   1.02058   0.00076   1.63265  
 25 28.4354   7697.669430  x:  2.27595   0.12564   0.06526   0.37923   0.53496   0.54613   0.44069   0.70428   0.00960   0.10030   0.23542   0.64880   0.59336   0.06545   0.36162   0.40732   0.74855   0.83922   0.84589   0.81042   0.44266   0.35106   0.43220   0.20307   1.10221   0.39453   0.25298   0.11683   0.26124   0.06326   0.18328   0.17045   0.02480   0.96730   0.07630   1.32469   0.85306   1.98152   0.68464   1.00345   0.00076   1.65350  
 26 20.6428   7696.616439  x:  2.31225   0.14033   0.06881   0.36540   0.51766   0.56748   0.44697   0.68235   0.00699   0.10025   0.24597   0.63367   0.58394   0.04309   0.35770   0.43059   0.75372   0.84088   0.84948   0.81832   0.40340   0.36144   0.45065   0.20284   1.12020   0.38692   0.23743   0.11712   0.26551   0.06111   0.18929   0.15648   0.04339   1.03233   0.09540   1.32141   0.79883   2.00819   0.69866   0.98712   0.00076   1.66730  
 27 15.7795   7696.381719  x:  2.32358   0.15207   0.06557   0.36717   0.50467   0.58223   0.46360   0.68831   0.01398   0.10052   0.22817   0.63188   0.58006   0.05796   0.36472   0.43011   0.74320   0.83231   0.84893   0.81358   0.40891   0.36893   0.44687   0.20435   1.12800   0.38442   0.23385   0.11716   0.26401   0.06146   0.18940   0.15339   0.02223   1.05037   0.10525   1.31822   0.77206   2.00480   0.68991   0.99480   0.00076   1.67217  
 28  7.3063   7696.275387  x:  2.33142   0.15602   0.06536   0.37236   0.50620   0.58402   0.45653   0.68921   0.01246   0.10612   0.22909   0.64060   0.58555   0.04620   0.36303   0.42565   0.73692   0.83092   0.84912   0.80029   0.41693   0.36583   0.44376   0.20372   1.13614   0.38948   0.22862   0.11748   0.26582   0.06172   0.18782   0.15216   0.01039   1.06043   0.11494   1.31859   0.76342   1.99477   0.68644   0.99779   0.00076   1.67546  
 29  3.3100   7696.014883  x:  2.35332   0.15556   0.07438   0.36881   0.51759   0.57917   0.43965   0.69767   0.00512   0.10710   0.22678   0.65552   0.58569   0.06561   0.37195   0.42359   0.73697   0.83871   0.85645   0.78272   0.41507   0.37418   0.45478   0.18643   1.15177   0.39702   0.23073   0.11220   0.27044   0.06151   0.18333   0.15557   0.00000   1.08169   0.12179   1.32114   0.75802   1.97317   0.69187   0.99086   0.00075   1.68547  
 30  3.1507   7694.959963  x:  2.39520   0.15710   0.07050   0.39192   0.53156   0.57212   0.44383   0.70796   0.00000   0.12028   0.22061   0.63849   0.57637   0.06994   0.37535   0.42714   0.74269   0.86193   0.85563   0.77795   0.41285   0.37083   0.46641   0.19979   1.16971   0.39993   0.22575   0.10990   0.27147   0.06341   0.18076   0.16522   0.00386   1.11843   0.10734   1.32435   0.76933   1.97316   0.66878   1.00745   0.00075   1.71293  
 31  3.8399   7694.959963  x:  2.39520   0.15710   0.07050   0.39192   0.53156   0.57212   0.44383   0.70796   0.00000   0.12028   0.22061   0.63849   0.57637   0.06994   0.37535   0.42714   0.74269   0.86193   0.85563   0.77795   0.41285   0.37083   0.46641   0.19979   1.16971   0.39993   0.22575   0.10990   0.27147   0.06341   0.18076   0.16522   0.00386   1.11843   0.10734   1.32435   0.76933   1.97316   0.66878   1.00745   0.00075   1.71293  
 32 16.9632   7545.484036  x:  2.39521   0.15709   0.07050   0.39194   0.53157   0.57213   0.44386   0.70797   0.00001   0.12028   0.22060   0.63849   0.57638   0.06994   0.37536   0.42716   0.74270   0.86194   0.85564   0.77796   0.41285   0.37082   0.46640   0.19979   1.16971   0.39991   0.22569   0.10976   0.27144   0.06349   0.18079   0.16528   0.00386   1.11844   0.10736   1.32436   0.76934   1.97317   0.66879   1.00744   0.07019   1.71293  
 33 27456.9746   7496.607634  x:  2.44118   0.23994   0.15918   0.48514   0.62128   0.66095   0.55579   0.79771   0.12512   0.21236   0.30748   0.72166   0.65900   0.16457   0.45880   0.52675   0.83022   0.94490   0.93552   0.86517   0.50302   0.44118   0.53312   0.27141   1.23822   0.46517   0.21259   0.00000   0.31627   0.28449   0.31031   0.34670   0.61208   1.18627   0.21853   1.39908   0.86643   1.92531   1.05572   0.62052   0.07904   1.71293  
 34 268.4215   7494.066027  x:  2.44694   0.24003   0.15853   0.49056   0.62726   0.66962   0.56508   0.80578   0.12249   0.21147   0.31020   0.72905   0.66447   0.16565   0.46433   0.53597   0.83885   0.95330   0.94364   0.87247   0.50789   0.44485   0.53686   0.27231   1.24521   0.46806   0.21358   0.05193   0.31559   0.28336   0.30803   0.34605   0.64399   1.19136   0.22549   1.40735   0.87432   1.92059   1.08444   0.59212   0.07959   1.71271  
 35 249.9147   7470.485808  x:  2.50552   0.18954   0.09131   0.50998   0.65746   0.74191   0.62988   0.86760   0.00000   0.13702   0.29377   0.78583   0.69157   0.11870   0.49224   0.61009   0.91142   1.02577   1.01422   0.92573   0.52217   0.45199   0.54783   0.23896   1.30578   0.46135   0.17360   0.04778   0.25268   0.10983   0.18761   0.21850   0.74282   1.22418   0.25801   1.48480   0.93069   1.87883   1.25122   0.43031   0.08121   1.70947  
 36 130.4987   7469.363676  x:  2.51154   0.18361   0.08398   0.51132   0.65992   0.74883   0.63570   0.87332   0.00742   0.12868   0.29142   0.79105   0.69375   0.11313   0.49446   0.61717   0.91838   1.03276   1.02107   0.93073   0.52310   0.45205   0.54831   0.23508   1.31174   0.46014   0.17009   0.04744   0.24647   0.09190   0.17571   0.20515   0.74957   1.22715   0.26054   1.49252   0.93591   1.87488   1.26601   0.41601   0.08135   1.70915  
 37 446.7176   7465.088619  x:  2.56223   0.12301   0.03971   0.49930   0.65548   0.77927   0.64235   0.88761   0.00962   0.05563   0.25873   0.80465   0.68673   0.04490   0.48565   0.65118   0.95064   1.06551   1.05597   0.95313   0.51240   0.42423   0.52425   0.20333   1.34864   0.43685   0.20078   0.04221   0.25693   0.11710   0.21773   0.19844   0.74130   1.23645   0.25128   1.54403   0.95557   1.86451   1.30403   0.37827   0.08152   1.70894  
 38 52.4579   7462.642981  x:  2.62476   0.06948   0.09772   0.48273   0.64636   0.80066   0.63130   0.88863   0.01002   0.05896   0.24922   0.80970   0.67873   0.00000   0.47008   0.68053   0.97618   1.08841   1.08701   0.98066   0.50599   0.39822   0.49708   0.20241   1.38519   0.42703   0.19487   0.04199   0.25415   0.11492   0.22084   0.21952   0.72930   1.24310   0.22828   1.59688   0.96590   1.86233   1.31476   0.36642   0.08158   1.70961  
 39 39.7699   7460.764717  x:  2.73721   0.01963   0.08402   0.45508   0.63076   0.82779   0.60321   0.88161   0.01039   0.13734   0.25703   0.81572   0.66242   0.00000   0.43992   0.72101   1.00830   1.11090   1.13376   1.02702   0.50396   0.38862   0.47974   0.19121   1.43642   0.40898   0.19156   0.04171   0.26436   0.13648   0.21044   0.21076   0.72782   1.25313   0.19124   1.68314   0.97176   1.87178   1.30637   0.37153   0.08163   1.71165  
 40 39.8078   7458.007755  x:  2.97736   0.08266   0.06218   0.41741   0.61100   0.87692   0.55060   0.86782   0.01010   0.15926   0.24566   0.81683   0.62555   0.00000   0.36465   0.78622   1.05506   1.13626   1.21956   1.09540   0.49684   0.40909   0.48763   0.19743   1.52598   0.39971   0.19656   0.04381   0.25986   0.10388   0.24076   0.23403   0.74456   1.27873   0.12939   1.85203   0.96794   1.89547   1.25792   0.41156   0.08176   1.71690  
 41 40.3830   7456.055458  x:  3.17635   0.10446   0.07465   0.42325   0.62160   0.91299   0.53307   0.87085   0.01064   0.12559   0.24657   0.82030   0.62031   0.00000   0.30161   0.82525   1.07913   1.13986   1.28267   1.12734   0.50101   0.43919   0.51712   0.22851   1.58269   0.42266   0.20649   0.04297   0.27352   0.15101   0.20738   0.20506   0.73547   1.30422   0.12193   1.97930   0.95923   1.91279   1.21113   0.45020   0.08181   1.72198  
 42 49.0211   7452.869399  x:  3.54687   0.05081   0.04333   0.48807   0.67994   0.96402   0.55877   0.90941   0.01047   0.10024   0.31104   0.84146   0.67630   0.00000   0.20318   0.87495   1.10042   1.11607   1.38604   1.14870   0.53177   0.48050   0.57150   0.27042   1.64908   0.47475   0.19672   0.04328   0.28502   0.14584   0.24808   0.23604   0.66332   1.35840   0.19474   2.18865   0.93559   1.93965   1.12483   0.51813   0.08176   1.73347  
 43 47.1300   7451.640333  x:  3.72460   0.07358   0.06078   0.51135   0.70042   0.97160   0.60055   0.94485   0.00994   0.11838   0.32493   0.85636   0.71385   0.00000   0.20558   0.90088   1.10870   1.10306   1.43063   1.14581   0.54308   0.47006   0.56511   0.24716   1.65407   0.47735   0.26289   0.03758   0.30174   0.13908   0.26493   0.22366   0.61115   1.39105   0.23108   2.26691   0.91940   1.93545   1.09632   0.53504   0.08180   1.74075  
 44 32.0589   7450.454040  x:  3.90759   0.10941   0.05589   0.51796   0.70657   0.96194   0.65241   0.98331   0.01016   0.12072   0.30416   0.87212   0.74325   0.00000   0.25118   0.93028   1.11898   1.09507   1.46749   1.13349   0.55064   0.44716   0.54492   0.20003   1.63719   0.46828   0.23304   0.03920   0.29135   0.17114   0.26083   0.23840   0.55243   1.43081   0.25636   2.32629   0.89958   1.92007   1.07064   0.54539   0.08167   1.75040  
 45 29.5738   7449.549963  x:  4.07161   0.09283   0.04884   0.50139   0.69021   0.92379   0.66903   0.98895   0.00951   0.11893   0.25083   0.87776   0.73821   0.00000   0.32368   0.94614   1.12691   1.09769   1.47008   1.11897   0.55854   0.46094   0.55194   0.22259   1.60023   0.49124   0.22304   0.03744   0.31880   0.16829   0.28757   0.22238   0.49919   1.47240   0.24386   2.34418   0.87677   1.91092   1.07483   0.52054   0.08166   1.76342  
 46 15.1454   7449.122340  x:  4.15786   0.07295   0.03586   0.49739   0.68497   0.90209   0.66391   0.97942   0.00919   0.10728   0.24348   0.87914   0.73293   0.00000   0.35279   0.94270   1.12778   1.10425   1.45583   1.11033   0.55078   0.45920   0.55557   0.22955   1.57889   0.49135   0.24767   0.03567   0.29481   0.16959   0.27511   0.23724   0.48523   1.49520   0.23008   2.34087   0.86911   1.91133   1.07773   0.50370   0.08165   1.77220  
 47 16.0259   7448.578385  x:  4.28352   0.05478   0.04088   0.50287   0.68620   0.87949   0.64322   0.95454   0.00866   0.08281   0.27030   0.87927   0.72566   0.00000   0.36910   0.91975   1.12323   1.12084   1.41419   1.09772   0.52522   0.44107   0.55758   0.21294   1.55143   0.46485   0.24431   0.03598   0.28056   0.16844   0.29126   0.20887   0.48200   1.52561   0.21229   2.32222   0.86999   1.91648   1.08055   0.47652   0.08164   1.78756  
 48 14.3639   7448.256478  x:  4.37189   0.05625   0.03588   0.50859   0.68830   0.87768   0.63413   0.94179   0.00839   0.07357   0.28041   0.87388   0.71773   0.00000   0.36357   0.89623   1.11744   1.13644   1.37604   1.09037   0.51382   0.42911   0.55314   0.20594   1.54171   0.45134   0.23986   0.03497   0.31048   0.16092   0.27561   0.21861   0.46656   1.53943   0.20861   2.30339   0.87848   1.91540   1.08885   0.44887   0.08163   1.79974  
 49 13.8782   7447.557937  x:  4.58235   0.07161   0.03395   0.51532   0.68799   0.89975   0.63506   0.93129   0.00840   0.09192   0.26881   0.85314   0.69668   0.00000   0.33464   0.83610   1.09931   1.17649   1.28190   1.07859   0.51172   0.42721   0.53889   0.21433   1.53779   0.45659   0.23233   0.03390   0.28647   0.16754   0.27621   0.21316   0.41349   1.55240   0.22044   2.24991   0.90792   1.90199   1.10434   0.38263   0.08155   1.83164  
 50 14.8328   7446.539725  x:  4.89353   0.03772   0.04743   0.47121   0.64868   0.94064   0.66099   0.94539   0.00817   0.08502   0.25569   0.84148   0.70503   0.00000   0.35507   0.76902   1.05991   1.21298   1.19863   1.07020   0.53671   0.45292   0.52068   0.18913   1.53784   0.47169   0.23201   0.03485   0.28736   0.14839   0.25798   0.21535   0.44523   1.51981   0.23611   2.14415   0.92784   1.90049   1.04279   0.35429   0.08145   1.88802  
 51 11.5469   7445.546913  x:  5.20183   0.04386   0.04214   0.46106   0.65723   0.96030   0.65419   0.94710   0.00873   0.07829   0.30043   0.86289   0.73940   0.00000   0.43306   0.74111   1.03427   1.23498   1.18032   1.08251   0.53311   0.42020   0.51143   0.23645   1.54751   0.50178   0.22169   0.03515   0.28663   0.13889   0.24263   0.21714   0.43270   1.45497   0.20893   2.03529   0.92339   1.90327   0.98767   0.30930   0.08131   1.95061  
 52 17.4125   7445.024866  x:  5.35056   0.03945   0.05761   0.48346   0.69199   0.95207   0.63612   0.94218   0.00914   0.08583   0.29594   0.86804   0.73419   0.00000   0.46986   0.74704   1.03009   1.23428   1.19187   1.09337   0.52868   0.43998   0.55604   0.22407   1.54750   0.48179   0.21874   0.03487   0.28481   0.13480   0.23459   0.22959   0.41003   1.42033   0.20175   1.98471   0.92236   1.90458   0.96036   0.27846   0.08121   1.98681  
 53 15.1011   7444.586798  x:  5.43573   0.03281   0.05735   0.50741   0.72245   0.91324   0.61888   0.93906   0.00898   0.09481   0.26340   0.85253   0.70904   0.00000   0.46084   0.77133   1.03674   1.21101   1.21893   1.09672   0.51581   0.41446   0.54543   0.23920   1.54421   0.47442   0.21653   0.03567   0.28470   0.12416   0.22707   0.22703   0.41570   1.41325   0.23235   1.96153   0.93569   1.90083   0.92320   0.25940   0.08111   2.02150  
 54  6.6917   7443.210399  x:  5.59937   0.04114   0.06661   0.47982   0.68343   0.76813   0.61654   0.95992   0.00898   0.08721   0.29143   0.83773   0.71092   0.00000   0.32454   0.85686   1.07921   1.09839   1.33463   1.07541   0.52336   0.44356   0.50626   0.25380   1.54291   0.45116   0.20626   0.03438   0.27596   0.11720   0.20920   0.22819   0.32994   1.44213   0.22783   1.94510   0.95124   1.88556   0.85805   0.13055   0.08069   2.14033  
 55  6.9029   7442.147518  x:  5.65390   0.04000   0.07080   0.49225   0.67203   0.81285   0.64863   0.95337   0.00862   0.09626   0.26472   0.83667   0.71551   0.00000   0.22959   0.91192   1.10829   1.05386   1.39136   1.06308   0.51565   0.39140   0.53731   0.22729   1.52436   0.49526   0.20324   0.03237   0.27474   0.11172   0.20746   0.22699   0.25657   1.45765   0.16522   1.96166   0.91661   1.89981   0.78894   0.04383   0.08031   2.23508  
 56  7.3745   7441.304905  x:  5.66231   0.05305   0.07624   0.47319   0.64584   0.90148   0.62408   0.90546   0.00861   0.09581   0.27169   0.84765   0.71649   0.00000   0.22650   0.95648   1.12873   1.07604   1.42994   1.06404   0.48991   0.40273   0.53048   0.23166   1.51721   0.49274   0.20578   0.03068   0.27455   0.11389   0.20933   0.22888   0.16675   1.46522   0.21763   2.00956   0.90666   1.89435   0.71963  -0.01602   0.07994   2.31301  
 57  8.3004   7441.067432  x:  5.65003   0.05516   0.07535   0.48366   0.67110   0.90761   0.61976   0.91749   0.00845   0.09322   0.27064   0.84552   0.71528   0.00000   0.24044   0.94652   1.11650   1.10710   1.41967   1.06501   0.52061   0.41603   0.50681   0.24632   1.52750   0.46729   0.20664   0.03085   0.27520   0.11342   0.21107   0.22729   0.14858   1.47434   0.19922   2.05402   0.89795   1.88961   0.68901  -0.02498   0.07983   2.33631  
 58  4.1184   7440.754293  x:  5.62384   0.06082   0.07709   0.46501   0.68661   0.87053   0.61554   0.95862   0.00872   0.10137   0.26567   0.83926   0.73176   0.00000   0.26981   0.90420   1.08396   1.15875   1.38799   1.07069   0.49784   0.40708   0.53576   0.25494   1.55547   0.46273   0.20675   0.03121   0.27749   0.11302   0.21202   0.22900   0.13086   1.49859   0.19337   2.15198   0.90895   1.88881   0.64715  -0.03664   0.07967   2.36696  
 59  4.7774   7440.591721  x:  5.60778   0.06626   0.07997   0.48003   0.68065   0.85035   0.59958   0.94376   0.00897   0.10196   0.26943   0.84733   0.72031   0.00000   0.29657   0.87508   1.07496   1.15577   1.36908   1.07450   0.50651   0.40944   0.52531   0.22819   1.56170   0.49815   0.20613   0.03130   0.27731   0.11132   0.21041   0.22984   0.12738   1.51258   0.19447   2.21033   0.90854   1.90577   0.63204  -0.04983   0.07961   2.38230  
 60  2.8544   7440.312746  x:  5.57658   0.06993   0.08165   0.50406   0.64395   0.85733   0.62378   0.90397   0.00947   0.10744   0.27244   0.83750   0.70091   0.00000   0.32796   0.83015   1.08454   1.10071   1.32938   1.07594   0.49343   0.40982   0.52715   0.24196   1.54992   0.47295   0.20410   0.03299   0.27549   0.10820   0.20877   0.22788   0.14301   1.51074   0.18998   2.28764   0.88132   1.88782   0.60399  -0.07062   0.07951   2.40722  
 61  2.4010   7440.067643  x:  5.53725   0.08114   0.08170   0.47600   0.65448   0.86721   0.60362   0.90377   0.00987   0.11038   0.25793   0.82432   0.71842   0.00000   0.32699   0.81921   1.10620   1.07807   1.30196   1.07255   0.50064   0.40711   0.52233   0.24723   1.53474   0.44957   0.20327   0.03413   0.27204   0.10864   0.21004   0.22237   0.14838   1.47325   0.19728   2.28828   0.87080   1.94015   0.58475  -0.09759   0.07939   2.42963  
 62  1.9130   7439.733478  x:  5.47416   0.09172   0.07890   0.43860   0.68619   0.87903   0.56792   0.92555   0.01048   0.11160   0.27137   0.80902   0.69572   0.00000   0.31221   0.82393   1.10862   1.08121   1.29094   1.07475   0.49215   0.41804   0.51218   0.22720   1.52391   0.46841   0.20626   0.03552   0.27238   0.11031   0.21732   0.21689   0.15560   1.41796   0.18812   2.23836   0.86829   1.89892   0.54274  -0.12208   0.07926   2.46130  
 63  3.3455   7439.558683  x:  5.43366   0.10102   0.07745   0.44928   0.65939   0.87989   0.57059   0.92051   0.01078   0.11354   0.27121   0.82886   0.67457   0.00000   0.30267   0.83273   1.06327   1.10636   1.31317   1.08728   0.50956   0.40717   0.52512   0.22956   1.54325   0.45679   0.20863   0.03647   0.27211   0.11199   0.22184   0.21362   0.15243   1.42051   0.18623   2.17765   0.89404   1.90287   0.51238  -0.13344   0.07917   2.48108  
 64  2.7790   7439.512810  x:  5.42130   0.10253   0.07625   0.46148   0.65543   0.88112   0.57611   0.91285   0.01091   0.11665   0.26563   0.82348   0.68490   0.00000   0.30106   0.83740   1.05112   1.11785   1.32203   1.08717   0.49408   0.41920   0.51637   0.22898   1.55246   0.45740   0.20837   0.03676   0.27303   0.11202   0.22283   0.21301   0.15307   1.43165   0.17872   2.15676   0.89885   1.90853   0.50177  -0.13733   0.07914   2.48801  
 65  2.5370   7439.498756  x:  5.41434   0.10356   0.07590   0.46025   0.65496   0.88115   0.57456   0.90632   0.01092   0.11693   0.26620   0.81269   0.69049   0.00000   0.30286   0.83936   1.05485   1.12250   1.32276   1.08459   0.49961   0.41652   0.52020   0.22748   1.55812   0.45830   0.20850   0.03693   0.27300   0.11167   0.22248   0.21269   0.15274   1.44385   0.18000   2.14847   0.89369   1.90530   0.49505  -0.14187   0.07913   2.49351  
 66  0.7927   7439.467873  x:  5.39090   0.10530   0.07609   0.45207   0.66147   0.88305   0.58133   0.90768   0.01116   0.11779   0.26900   0.82038   0.67900   0.00000   0.30574   0.83642   1.06614   1.12276   1.31554   1.08403   0.49512   0.41845   0.52096   0.22808   1.56506   0.45870   0.20844   0.03735   0.27310   0.11063   0.22106   0.21282   0.14984   1.46526   0.18404   2.13064   0.87832   1.91023   0.47414  -0.16028   0.07909   2.51284  
 67  0.7917   7439.380366  x:  5.31540   0.10982   0.07360   0.45168   0.65719   0.88996   0.56598   0.90816   0.01151   0.11780   0.25390   0.83822   0.69304   0.00000   0.31259   0.81379   1.07228   1.10087   1.29748   1.08863   0.49348   0.42025   0.52208   0.22629   1.55744   0.45775   0.20841   0.03873   0.27153   0.10681   0.21646   0.21031   0.14032   1.47072   0.17967   2.10116   0.88766   1.89542   0.41315  -0.22830   0.07898   2.57621  
 68  1.4850   7439.301402  x:  5.24520   0.11420   0.07104   0.45608   0.64518   0.89373   0.57155   0.91387   0.01184   0.11490   0.25985   0.81392   0.68063   0.00000   0.32757   0.80216   1.07035   1.09356   1.28952   1.08141   0.49041   0.42136   0.52326   0.22367   1.54262   0.46047   0.20808   0.03981   0.26925   0.10331   0.21186   0.20752   0.12852   1.45080   0.17536   2.08348   0.90243   1.90182   0.36150  -0.29621   0.07887   2.63468  
 69  4.1854   7439.265922  x:  5.21172   0.11588   0.07041   0.45488   0.64133   0.88194   0.57887   0.89797   0.01202   0.11584   0.25667   0.81755   0.68050   0.00000   0.32052   0.80569   1.05666   1.10994   1.28461   1.06355   0.48940   0.42008   0.52307   0.22205   1.52864   0.46124   0.20723   0.04047   0.26786   0.10146   0.20885   0.20624   0.12827   1.42716   0.17943   2.08378   0.88638   1.89978   0.34055  -0.33054   0.07883   2.66106  
 70  1.7220   7439.255734  x:  5.19672   0.11572   0.07027   0.45085   0.64336   0.88005   0.57983   0.89506   0.01212   0.11415   0.25647   0.81264   0.68126   0.00000   0.31956   0.80703   1.04201   1.10769   1.28209   1.07483   0.48901   0.41947   0.52146   0.22137   1.52066   0.46110   0.20668   0.04071   0.26726   0.10157   0.20843   0.20612   0.12742   1.42674   0.18191   2.08276   0.87743   1.89997   0.33593  -0.34259   0.07882   2.66812  
 71  0.5937   7439.221692  x:  5.13176   0.11427   0.06995   0.45071   0.64297   0.88068   0.56992   0.90059   0.01261   0.11427   0.25815   0.81155   0.67904   0.00000   0.32756   0.81612   1.02251   1.09769   1.26679   1.05573   0.48742   0.41739   0.52101   0.22586   1.50388   0.45962   0.20538   0.04201   0.26706   0.10298   0.20884   0.20800   0.12900   1.43744   0.17968   2.07710   0.87756   1.90007   0.31060  -0.37406   0.07881   2.68952  
 72  0.5469   7439.177714  x:  5.03656   0.11357   0.06871   0.46048   0.63929   0.85892   0.57790   0.89414   0.01320   0.11114   0.25712   0.80990   0.68143   0.00000   0.33796   0.79576   1.03805   1.09754   1.25163   1.05960   0.48745   0.41538   0.51999   0.22751   1.50664   0.46029   0.20478   0.04358   0.26793   0.10638   0.21198   0.20994   0.12722   1.42551   0.18085   2.05857   0.87695   1.89799   0.27218  -0.41193   0.07880   2.71754  
 73  1.4668   7439.172667  x:  5.02347   0.11283   0.06853   0.45715   0.64280   0.85983   0.57757   0.89237   0.01324   0.11136   0.25580   0.80906   0.68022   0.00000   0.33921   0.78416   1.03569   1.09541   1.26047   1.05472   0.48714   0.41478   0.51926   0.22740   1.51019   0.45931   0.20433   0.04379   0.26773   0.10642   0.21212   0.20978   0.12802   1.42484   0.18117   2.05760   0.87576   1.89784   0.26835  -0.41957   0.07881   2.72174  
 74  0.5090   7439.156801  x:  4.96847   0.11043   0.06785   0.46341   0.64031   0.86341   0.57214   0.90506   0.01343   0.11085   0.25769   0.81000   0.68256   0.00000   0.33599   0.78380   1.04066   1.10549   1.27021   1.06033   0.48803   0.41538   0.51870   0.22822   1.50786   0.45876   0.20306   0.04477   0.26844   0.10511   0.21187   0.20974   0.13432   1.42759   0.18435   2.06365   0.87232   1.89865   0.23896  -0.44570   0.07891   2.74212  
 75  0.2289   7439.147720  x:  4.93660   0.10902   0.06728   0.45863   0.64881   0.86430   0.57857   0.90019   0.01353   0.10969   0.25973   0.81174   0.68451   0.00000   0.33662   0.79324   1.03956   1.10358   1.26780   1.06241   0.49010   0.41585   0.51890   0.22769   1.51596   0.45942   0.20262   0.04531   0.26900   0.10429   0.21196   0.20951   0.13679   1.42697   0.18357   2.06829   0.88132   1.89854   0.21983  -0.46130   0.07898   2.75486  
 76  0.9275   7439.146071  x:  4.93351   0.10838   0.06720   0.46021   0.64703   0.86430   0.57658   0.90189   0.01355   0.10966   0.25932   0.81115   0.68436   0.00000   0.33643   0.79611   1.03797   1.10042   1.26642   1.06136   0.48926   0.41546   0.51851   0.22688   1.52269   0.45885   0.20242   0.04542   0.26884   0.10415   0.21202   0.20915   0.13656   1.42474   0.18437   2.06755   0.87795   1.89843   0.21495  -0.46829   0.07900   2.75900  
 77  0.1369   7439.131692  x:  4.92258   0.10407   0.06837   0.45957   0.64595   0.86497   0.57602   0.89694   0.01398   0.11237   0.26073   0.81136   0.68253   0.00000   0.32188   0.80498   1.04523   1.09396   1.28131   1.06133   0.48863   0.41381   0.51715   0.22662   1.51646   0.45650   0.20114   0.04676   0.26853   0.10363   0.21253   0.20904   0.13281   1.42640   0.18239   2.06285   0.87960   1.89793   0.15251  -0.53227   0.07918   2.80224  
 78  0.2180   7439.117826  x:  4.93882   0.10140   0.06995   0.45835   0.64603   0.86548   0.57656   0.89929   0.01449   0.11281   0.25741   0.81115   0.68173   0.00000   0.32875   0.79777   1.04099   1.10285   1.27288   1.06339   0.48909   0.41452   0.51814   0.22593   1.52040   0.45752   0.20180   0.04822   0.26749   0.10475   0.20996   0.20968   0.13498   1.42728   0.18043   2.06676   0.88257   1.89735   0.06291  -0.61899   0.07960   2.85072  
 79  0.0669   7439.108742  x:  4.94196   0.10514   0.06982   0.45865   0.64576   0.86551   0.57796   0.89916   0.01472   0.11232   0.25787   0.81145   0.68312   0.00000   0.33186   0.79625   1.03975   1.10129   1.27079   1.06196   0.48934   0.41551   0.51914   0.22616   1.51672   0.45899   0.20082   0.04882   0.26995   0.10401   0.21266   0.20808   0.13355   1.42637   0.18256   2.06387   0.88078   1.89802  -0.00616  -0.68878   0.08001   2.87550  
 80  0.0534   7439.102706  x:  4.91408   0.10903   0.06875   0.45903   0.64633   0.86610   0.57649   0.89819   0.01463   0.11051   0.26019   0.81114   0.68333   0.00000   0.32790   0.79858   1.04135   1.09875   1.27377   1.06170   0.48890   0.41484   0.51765   0.22664   1.51718   0.45796   0.20195   0.04851   0.26821   0.10424   0.21180   0.20995   0.13233   1.42415   0.18185   2.06095   0.88075   1.89830  -0.05128  -0.73504   0.08035   2.87400  
 81  0.0384   7439.096781  x:  4.88170   0.10716   0.06731   0.45834   0.64545   0.85974   0.57495   0.89742   0.01412   0.11207   0.25920   0.81037   0.68150   0.00000   0.33183   0.79315   1.03857   1.09781   1.26800   1.06145   0.48907   0.41496   0.51756   0.22673   1.51498   0.45696   0.20146   0.04725   0.26816   0.10353   0.21198   0.20961   0.13249   1.42355   0.17981   2.05994   0.88092   1.89823  -0.08614  -0.77101   0.08070   2.84118  
 82  0.0263   7439.094528  x:  4.85801   0.10647   0.06810   0.45878   0.64539   0.86240   0.57632   0.89709   0.01382   0.11240   0.25821   0.81001   0.68163   0.00000   0.33049   0.79455   1.03813   1.09773   1.26884   1.06046   0.48858   0.41449   0.51800   0.22657   1.51318   0.45795   0.20197   0.04653   0.26860   0.10439   0.21143   0.20908   0.13188   1.42290   0.18134   2.05409   0.88071   1.89731  -0.10007  -0.78549   0.08084   2.81750  
 83  0.0274   7439.094041  x:  4.85226   0.10601   0.06915   0.45836   0.64510   0.86221   0.57597   0.89660   0.01374   0.11203   0.25923   0.80985   0.68188   0.00000   0.33127   0.79288   1.03742   1.09790   1.26684   1.06021   0.48855   0.41450   0.51774   0.22649   1.51283   0.45767   0.20221   0.04653   0.26831   0.10409   0.21159   0.20907   0.13223   1.42157   0.18110   2.05173   0.88055   1.89762  -0.11201  -0.79815   0.08086   2.80923  
 84  0.0143   7439.093667  x:  4.84996   0.10661   0.06976   0.45858   0.64535   0.86169   0.57609   0.89713   0.01361   0.11195   0.25883   0.80991   0.68188   0.00000   0.33086   0.79341   1.03790   1.09692   1.26773   1.06031   0.48893   0.41475   0.51765   0.22603   1.51319   0.45741   0.20135   0.04682   0.26824   0.10420   0.21144   0.20912   0.13205   1.42141   0.18089   2.05297   0.88054   1.89748  -0.14181  -0.82739   0.08086   2.79534  
 85  0.0136   7439.092165  x:  4.84871   0.10699   0.06974   0.45857   0.64540   0.86102   0.57576   0.89740   0.01294   0.11270   0.25843   0.81001   0.68163   0.00000   0.33063   0.79429   1.03808   1.09697   1.26902   1.06091   0.48877   0.41491   0.51763   0.22644   1.51407   0.45756   0.20202   0.04770   0.26881   0.10385   0.21156   0.20921   0.13181   1.42245   0.18139   2.05515   0.88087   1.89775  -0.29090  -0.97529   0.08087   2.72377  
 86  0.0385   7439.090960  x:  4.85747   0.10642   0.06887   0.45861   0.64540   0.86244   0.57605   0.89672   0.01256   0.11245   0.25948   0.81013   0.68180   0.00000   0.33141   0.79320   1.03734   1.09868   1.26693   1.06063   0.48859   0.41461   0.51798   0.22690   1.51325   0.45786   0.20104   0.04831   0.26811   0.10423   0.21152   0.20909   0.13199   1.42225   0.18083   2.05161   0.88054   1.89760  -0.42413  -1.11000   0.08086   2.67313  
 87  0.0953   7439.087057  x:  4.86865   0.10477   0.06861   0.46024   0.64483   0.86402   0.57707   0.89603   0.01231   0.11126   0.25943   0.80949   0.68241   0.00000   0.33066   0.79186   1.03790   1.09663   1.26472   1.05988   0.48943   0.41434   0.51727   0.22704   1.51224   0.45792   0.20074   0.04792   0.26916   0.10376   0.21103   0.21035   0.13265   1.42193   0.18149   2.05300   0.87967   1.89775  -0.85915  -1.54594   0.08076   2.57215  
 88  0.0780   7439.081312  x:  4.86466   0.10534   0.06939   0.46009   0.64526   0.86253   0.57675   0.89683   0.01111   0.11155   0.25908   0.80997   0.68243   0.00000   0.33058   0.79426   1.03823   1.09703   1.26728   1.06032   0.48961   0.41455   0.51770   0.22674   1.51301   0.45760   0.20175   0.04707   0.26825   0.10405   0.21163   0.20937   0.13271   1.42312   0.18129   2.05455   0.88013   1.89799  -1.68580  -2.37147   0.08074   2.32807  
 89  0.6266   7439.078451  x:  4.86175   0.10669   0.06972   0.45862   0.64573   0.86144   0.57576   0.89758   0.01155   0.11245   0.25924   0.81040   0.68197   0.00000   0.33091   0.79546   1.03786   1.09893   1.26920   1.06111   0.48912   0.41483   0.51815   0.22659   1.51446   0.45740   0.20247   0.04629   0.26793   0.10444   0.21195   0.20854   0.13235   1.42328   0.18097   2.05394   0.88111   1.89784  -2.08789  -2.77256   0.08070   2.27467  
 90  0.4813   7439.076027  x:  4.86134   0.10706   0.06974   0.45848   0.64576   0.86185   0.57537   0.89741   0.01097   0.11327   0.25967   0.81005   0.68167   0.00000   0.33089   0.79431   1.03723   1.09948   1.26790   1.06155   0.48929   0.41482   0.51793   0.22719   1.51517   0.45754   0.20197   0.04662   0.26870   0.10432   0.21155   0.20902   0.13209   1.42229   0.18100   2.05295   0.88130   1.89766  -3.05732  -3.74236   0.08071   2.04051  
 91  0.8725   7439.071386  x:  4.86236   0.10464   0.06873   0.46133   0.64481   0.86407   0.57786   0.89556   0.01170   0.11244   0.25850   0.80930   0.68239   0.00000   0.33071   0.79177   1.03892   1.09407   1.26447   1.05973   0.48981   0.41403   0.51728   0.22752   1.51109   0.45892   0.20070   0.04819   0.26815   0.10371   0.21135   0.21040   0.13312   1.42135   0.18153   2.05710   0.87857   1.89786  -5.71546  -6.40323   0.08079   1.53437  
 92  0.8035   7439.063500  x:  4.86310   0.10476   0.06882   0.46071   0.64498   0.86349   0.57755   0.89581   0.01202   0.11212   0.25868   0.80948   0.68240   0.00000   0.33065   0.79243   1.03872   1.09469   1.26515   1.05968   0.48958   0.41417   0.51731   0.22712   1.51123   0.45853   0.20089   0.04793   0.26825   0.10382   0.21135   0.21022   0.13314   1.42147   0.18143   2.05553   0.87910   1.89778  -8.31415  -9.00144   0.08078   1.00000  
 93  3.6146   7439.063225  x:  4.86315   0.10515   0.06902   0.46010   0.64517   0.86291   0.57704   0.89624   0.01192   0.11205   0.25890   0.80969   0.68234   0.00000   0.33062   0.79322   1.03838   1.09581   1.26608   1.05995   0.48944   0.41435   0.51745   0.22692   1.51197   0.45810   0.20118   0.04758   0.26832   0.10396   0.21139   0.20988   0.13297   1.42177   0.18127   2.05420   0.87973   1.89778  -8.33513  -9.02180   0.08076   1.00000  
 94  0.1439   7439.063225  x:  4.86315   0.10515   0.06902   0.46010   0.64517   0.86291   0.57704   0.89624   0.01192   0.11205   0.25890   0.80969   0.68234   0.00000   0.33062   0.79322   1.03838   1.09581   1.26608   1.05995   0.48944   0.41435   0.51745   0.22692   1.51197   0.45810   0.20118   0.04758   0.26832   0.10396   0.21139   0.20988   0.13297   1.42177   0.18127   2.05420   0.87973   1.89778  -8.33513  -9.02180   0.08076   1.00000  
 95  3.9491   7439.060340  x:  4.86280   0.10536   0.06906   0.45965   0.64527   0.86262   0.57679   0.89640   0.01225   0.11198   0.25900   0.80977   0.68227   0.00000   0.33064   0.79345   1.03822   1.09628   1.26644   1.06000   0.48927   0.41443   0.51747   0.22673   1.51219   0.45792   0.20130   0.04744   0.26842   0.10401   0.21138   0.20977   0.13288   1.42176   0.18121   2.05343   0.88006   1.89770  -8.33717  -9.02356   0.08076   1.00000  
 96  0.0004   7439.056211  x:  4.85869   0.10643   0.06929   0.45827   0.64567   0.86166   0.57602   0.89695   0.01333   0.11218   0.25926   0.81008   0.68180   0.00000   0.33109   0.79375   1.03791   1.09794   1.26738   1.06035   0.48869   0.41477   0.51766   0.22615   1.51307   0.45775   0.20200   0.04676   0.26830   0.10419   0.21163   0.20904   0.13230   1.42228   0.18137   2.05401   0.88088   1.89729  -8.34390  -9.02909   0.08075   1.00000  
 97  0.0096   7439.056195  x:  4.85914   0.10637   0.06924   0.45829   0.64565   0.86172   0.57605   0.89695   0.01335   0.11222   0.25921   0.81004   0.68186   0.00000   0.33103   0.79381   1.03789   1.09781   1.26743   1.06035   0.48875   0.41473   0.51766   0.22621   1.51303   0.45777   0.20192   0.04683   0.26839   0.10417   0.21158   0.20915   0.13238   1.42202   0.18125   2.05342   0.88086   1.89734  -8.34405  -9.02935   0.08076   1.00000  
 98  0.0010   7439.056195  x:  4.85913   0.10637   0.06923   0.45831   0.64565   0.86173   0.57605   0.89693   0.01336   0.11222   0.25921   0.81003   0.68185   0.00000   0.33103   0.79378   1.03790   1.09779   1.26740   1.06034   0.48874   0.41472   0.51765   0.22622   1.51302   0.45776   0.20191   0.04683   0.26838   0.10417   0.21157   0.20915   0.13238   1.42203   0.18127   2.05348   0.88085   1.89734  -8.34405  -9.02937   0.08076   1.00000  
 99  0.0001   7439.056195  x:  4.85913   0.10637   0.06923   0.45831   0.64564   0.86174   0.57605   0.89693   0.01336   0.11222   0.25921   0.81004   0.68185   0.00000   0.33103   0.79378   1.03790   1.09779   1.26740   1.06034   0.48874   0.41472   0.51765   0.22622   1.51302   0.45777   0.20191   0.04683   0.26838   0.10417   0.21157   0.20915   0.13238   1.42203   0.18127   2.05348   0.88085   1.89734  -8.34405  -9.02937   0.08076   1.00000  