

TREE # 1

  0  0.0000   9225.050444  x:  0.17444   0.02804   0.07307   0.00000   0.21220   0.15259   0.14764   0.15672   0.09176   0.01488   0.10164   0.09888   0.08304   0.02822   0.03654   0.11840   0.16638   0.13073   0.17006   0.12456   0.13600   0.08105   0.05011   0.02312   0.14692   0.15208   0.08109   0.04353   0.13235   0.02986   0.05286   0.04009   0.10565   0.11049   0.05181   0.16210   0.10351   2.00000   1.39835   0.16116   0.29812   1.40136  
  1 99.0000   8108.533410  x:  0.34019   0.14956   0.13457   0.33276   0.26398   0.21952   0.20737   0.22947   0.13444   0.10764   0.15937   0.22836   0.21507   0.09881   0.16659   0.18755   0.24392   0.24304   0.25676   0.23658   0.18654   0.18087   0.21991   0.13357   0.27092   0.19716   0.10926   0.05604   0.15047   0.08436   0.12735   0.14590   0.14751   0.24698   0.15398   0.28652   0.25510   1.99211   1.43245   0.12858   0.00000   1.40043  
  2 3555.5965   7957.022138  x:  0.53202   0.29017   0.20571   0.71777   0.32389   0.29698   0.27651   0.31366   0.18381   0.21496   0.22616   0.37819   0.36785   0.18047   0.31708   0.26758   0.33367   0.37302   0.35711   0.36623   0.24503   0.29638   0.41639   0.26137   0.41442   0.24933   0.14185   0.07049   0.17143   0.14741   0.21354   0.26832   0.19595   0.40494   0.27222   0.43052   0.43053   1.98297   1.47191   0.09088   0.00120   1.39935  
  3 19536.2634   7866.882496  x:  0.63596   0.27089   0.14915   0.70546   0.31932   0.32060   0.30973   0.36486   0.12182   0.16040   0.18884   0.39538   0.37126   0.14161   0.32362   0.29487   0.38501   0.43731   0.40597   0.39178   0.22314   0.27046   0.39271   0.22321   0.48479   0.24634   0.10263   0.00000   0.13964   0.06589   0.14334   0.19090   0.17930   0.44711   0.27738   0.51480   0.48286   1.98068   1.42650   0.14119   0.00119   1.39606  
  4 392.5143   7809.950819  x:  0.78367   0.23024   0.05507   0.67036   0.30767   0.35295   0.34719   0.42708   0.02083   0.07337   0.13384   0.41749   0.37368   0.08131   0.32553   0.32520   0.44862   0.51654   0.46986   0.42912   0.20085   0.23458   0.35309   0.15873   0.58541   0.24141   0.14828   0.12574   0.14932   0.02258   0.07676   0.09265   0.14061   0.50546   0.27135   0.62591   0.54688   1.97725   1.36491   0.21025   0.00116   1.39106  
  5 804.6498   7794.906324  x:  0.82383   0.21206   0.03343   0.64738   0.30248   0.36038   0.35339   0.44019   0.00000   0.05378   0.12288   0.42107   0.37299   0.06612   0.32144   0.32987   0.46255   0.53336   0.48475   0.44026   0.20387   0.22690   0.33824   0.14112   0.61110   0.23814   0.14545   0.12700   0.15903   0.05882   0.09772   0.09690   0.12339   0.52053   0.26161   0.65302   0.55842   1.97621   1.34699   0.23052   0.00116   1.38952  
  6 416.4443   7765.594729  x:  1.01802   0.09950   0.05929   0.47931   0.27478   0.39067   0.35586   0.47517   0.05875   0.06564   0.13074   0.43192   0.38216   0.03965   0.28607   0.33129   0.50495   0.58142   0.54013   0.51524   0.29888   0.23063   0.26632   0.11030   0.72865   0.23844   0.15226   0.16155   0.18860   0.00000   0.18893   0.19532   0.00613   0.60022   0.16572   0.75900   0.57894   1.96872   1.26572   0.32490   0.00113   1.38116  
  7 269.0598   7761.588502  x:  1.03561   0.09250   0.06589   0.46047   0.27449   0.39351   0.35496   0.47703   0.06821   0.07143   0.13509   0.43284   0.38405   0.04052   0.28261   0.33042   0.50757   0.58380   0.54457   0.52242   0.30708   0.23415   0.26365   0.11182   0.73769   0.24109   0.15304   0.16308   0.18989   0.00851   0.18045   0.19395   0.00000   0.60950   0.15665   0.76745   0.57916   1.96796   1.25833   0.33378   0.00112   1.38021  
  8 279.6114   7751.082302  x:  1.15195   0.12430   0.04467   0.29725   0.31068   0.41576   0.32593   0.46111   0.05281   0.07883   0.18022   0.44463   0.40593   0.05204   0.25392   0.30313   0.49850   0.56025   0.56183   0.56697   0.34824   0.29914   0.31413   0.14176   0.76847   0.26914   0.16554   0.15900   0.22958   0.00328   0.19787   0.17606   0.07058   0.70257   0.11831   0.80214   0.56078   1.95852   1.20846   0.39959   0.00111   1.36999  
  9 126.9910   7748.715830  x:  1.19434   0.11280   0.06296   0.26961   0.40206   0.43129   0.32713   0.45699   0.03786   0.05988   0.18629   0.45224   0.41995   0.05382   0.26164   0.30528   0.49374   0.53885   0.56566   0.57382   0.34169   0.29164   0.33224   0.15620   0.74820   0.27063   0.17085   0.16634   0.19955   0.00583   0.19520   0.20017   0.06816   0.72724   0.12604   0.79669   0.54379   1.95499   1.17758   0.44753   0.00111   1.35861  
 10 40.7910   7747.853015  x:  1.21393   0.10440   0.05700   0.25908   0.44571   0.43318   0.33672   0.46426   0.04748   0.07683   0.19267   0.45570   0.42736   0.06141   0.27629   0.32181   0.50065   0.53614   0.56793   0.57510   0.34097   0.27983   0.33502   0.15444   0.73013   0.26420   0.16965   0.16575   0.22322   0.00345   0.20542   0.18647   0.06268   0.73269   0.14647   0.78995   0.53512   1.95230   1.17099   0.47214   0.00111   1.34624  
 11 27.1688   7747.039046  x:  1.23487   0.12031   0.05146   0.25051   0.45309   0.41924   0.34977   0.47980   0.06650   0.06958   0.17977   0.45703   0.42966   0.04544   0.28934   0.34897   0.51932   0.55208   0.56845   0.56862   0.35231   0.28997   0.34519   0.16469   0.71597   0.27500   0.18006   0.16501   0.22966   0.00474   0.20070   0.20249   0.06286   0.73473   0.17673   0.78319   0.52552   1.94767   1.18073   0.50830   0.00110   1.31401  
 12 12.3040   7744.906182  x:  1.27718   0.14401   0.04711   0.28843   0.43090   0.39210   0.35507   0.49266   0.05775   0.06802   0.20273   0.49011   0.45409   0.06357   0.31785   0.37686   0.54165   0.57537   0.57128   0.58205   0.36875   0.32140   0.37283   0.17603   0.70847   0.29604   0.18472   0.17258   0.19823   0.00794   0.22519   0.18458   0.02681   0.73444   0.19854   0.77657   0.50993   1.94171   1.20980   0.63692   0.00109   1.20137  
 13 20.0211   7740.648906  x:  1.33179   0.18236   0.07282   0.37953   0.41800   0.40057   0.36612   0.50339   0.02814   0.05923   0.23319   0.52710   0.48675   0.07891   0.33738   0.37922   0.54400   0.59185   0.57389   0.61277   0.37375   0.32509   0.38930   0.18825   0.73391   0.30680   0.18197   0.17324   0.24952   0.00582   0.20679   0.21515   0.01083   0.75643   0.21052   0.79399   0.52411   1.93665   1.28401   0.83954   0.00108   1.00000  
 14 55.2878   7736.742009  x:  1.37109   0.19970   0.06136   0.47700   0.45238   0.47450   0.40265   0.52515   0.05141   0.09443   0.23628   0.53195   0.50501   0.07098   0.34796   0.37325   0.53928   0.61585   0.58873   0.65147   0.38866   0.31902   0.41230   0.20590   0.80237   0.30178   0.20053   0.18413   0.21396   0.01393   0.23494   0.21812   0.05029   0.81427   0.21319   0.84672   0.59294   1.94372   1.43735   1.06329   0.00106   1.00000  
 15 52.1587   7735.328055  x:  1.35018   0.16003   0.03362   0.50923   0.46992   0.49766   0.39326   0.51561   0.05961   0.09875   0.20645   0.52893   0.50894   0.06956   0.37197   0.37959   0.55024   0.62697   0.61711   0.65914   0.39325   0.35285   0.46308   0.23071   0.82334   0.29167   0.20134   0.18225   0.22785   0.01259   0.22935   0.22332   0.04228   0.84231   0.18525   0.85995   0.62127   1.96571   1.48152   1.14894   0.00105   1.00000  
 16 29.1038   7734.622804  x:  1.32487   0.15260   0.05860   0.50566   0.46497   0.49059   0.38681   0.52133   0.05974   0.10180   0.18019   0.53480   0.51751   0.07649   0.39418   0.38471   0.57026   0.63772   0.64680   0.65831   0.37749   0.34208   0.46860   0.25420   0.83197   0.28800   0.20146   0.18570   0.23181   0.01306   0.24329   0.21709   0.06098   0.87114   0.17042   0.86705   0.63596   1.98537   1.49696   1.20469   0.00105   1.00000  
 17 15.5493   7733.842455  x:  1.29477   0.14838   0.04031   0.49233   0.46020   0.47908   0.39546   0.54359   0.05125   0.12378   0.18930   0.55851   0.53496   0.08272   0.40813   0.38018   0.58860   0.64308   0.67059   0.65591   0.37391   0.32923   0.46421   0.26152   0.83793   0.27999   0.20139   0.19011   0.22309   0.01417   0.23244   0.24044   0.07274   0.89918   0.16292   0.87381   0.64263   2.00452   1.51971   1.26155   0.00105   1.00000  
 18 15.1555   7730.711074  x:  1.24456   0.16269   0.06012   0.47715   0.50176   0.47360   0.44150   0.61571   0.04994   0.10545   0.20535   0.62035   0.55313   0.03348   0.38811   0.33007   0.61691   0.64607   0.69534   0.65030   0.42759   0.35630   0.45089   0.25302   0.87229   0.29983   0.19262   0.18672   0.23921   0.01685   0.23852   0.20837   0.03387   0.96306   0.16347   0.90925   0.64178   2.02770   1.65111   1.45747   0.00104   1.00000  
 19 13.5180   7723.856530  x:  1.26267   0.18658   0.06424   0.44455   0.53517   0.47549   0.42619   0.62060   0.05204   0.08776   0.19820   0.62749   0.52717   0.07799   0.37924   0.32319   0.65176   0.66603   0.72174   0.70110   0.45563   0.37285   0.42554   0.20292   0.91486   0.31604   0.20843   0.17296   0.23929   0.02273   0.22491   0.20540   0.00000   1.00247   0.20326   0.96428   0.65305   2.02379   1.85198   1.71449   0.00104   1.00000  
 20 43.5720   7712.268543  x:  1.41548   0.17170   0.06872   0.41619   0.52749   0.49503   0.39921   0.59298   0.05236   0.12105   0.24225   0.59626   0.55753   0.00000   0.35693   0.37604   0.66906   0.71138   0.74552   0.72002   0.41540   0.35172   0.43753   0.18573   0.97219   0.33789   0.19785   0.16597   0.23682   0.03146   0.21253   0.19507   0.00000   1.02307   0.20072   1.02750   0.65625   1.98732   2.21233   2.17571   0.00103   1.00000  
 21 86.3209   7705.016738  x:  1.63206   0.10804   0.06923   0.36122   0.48749   0.54963   0.50572   0.66096   0.03447   0.08315   0.24612   0.59035   0.58427   0.05534   0.37285   0.42132   0.65879   0.71946   0.75880   0.72226   0.36427   0.33928   0.45536   0.23865   0.98906   0.36248   0.20394   0.14807   0.24645   0.03458   0.20050   0.18507   0.00000   1.00893   0.11817   1.05976   0.64036   1.95887   2.60864   2.53110   0.00101   1.00000  
 22 100.1115   7703.008389  x:  1.73972   0.13353   0.05295   0.36595   0.45920   0.55769   0.51943   0.67914   0.05292   0.09273   0.19284   0.60634   0.57410   0.07326   0.38156   0.39621   0.62777   0.69255   0.74874   0.68615   0.37992   0.33909   0.44955   0.26125   0.96280   0.30284   0.18794   0.15272   0.24034   0.03902   0.19383   0.17830   0.00000   1.00716   0.09839   1.06570   0.67271   1.99637   2.68234   2.65245   0.00101   1.00000  
 23 31.5126   7702.446954  x:  1.76509   0.12759   0.05258   0.36329   0.46210   0.55122   0.50548   0.67691   0.04384   0.09932   0.19052   0.61914   0.56908   0.07077   0.38222   0.38324   0.63164   0.69265   0.75211   0.67279   0.38124   0.33737   0.44134   0.27170   0.95622   0.30784   0.20127   0.14464   0.24110   0.03888   0.19278   0.17605   0.04535   1.00891   0.10336   1.06696   0.68553   2.01388   2.70434   2.65415   0.00101   1.00000  
 24 16.9290   7701.987861  x:  1.81182   0.10568   0.05216   0.37499   0.46955   0.53333   0.48319   0.67960   0.04060   0.10301   0.18708   0.64203   0.55641   0.06726   0.38198   0.36101   0.64535   0.69993   0.75203   0.65872   0.39092   0.33938   0.42774   0.27134   0.94191   0.31231   0.20921   0.13861   0.24157   0.03957   0.19004   0.17356   0.03346   1.00649   0.09719   1.06376   0.69355   2.04454   2.72702   2.65791   0.00100   1.00000  
 25 11.4233   7701.527338  x:  1.83602   0.10394   0.05689   0.37573   0.47878   0.52326   0.47482   0.68910   0.04858   0.09767   0.19382   0.64177   0.55020   0.06330   0.38507   0.34444   0.66523   0.71145   0.76416   0.67040   0.38096   0.34518   0.43739   0.24894   0.94132   0.31447   0.17556   0.15285   0.24055   0.04015   0.18809   0.17752   0.04536   1.00502   0.09491   1.06194   0.68772   2.06640   2.73192   2.64408   0.00100   1.00000  
 26  5.4530   7699.126334  x:  1.91603   0.11019   0.05570   0.40483   0.48020   0.52521   0.48989   0.73240   0.07347   0.10651   0.20149   0.59406   0.55214   0.03728   0.40214   0.28407   0.70427   0.72181   0.81575   0.75319   0.34570   0.34703   0.46679   0.19873   0.97929   0.33938   0.22959   0.11869   0.24509   0.04493   0.18632   0.17817   0.05555   0.99600   0.10600   1.07477   0.65432   2.13084   2.66091   2.66674   0.00100   1.00000  
 27  6.7176   7690.651530  x:  2.16861   0.10042   0.05313   0.40704   0.49258   0.63121   0.49378   0.72792   0.01837   0.10755   0.20128   0.60109   0.60747   0.00000   0.47596   0.34805   0.78617   0.74279   0.96240   0.91135   0.47626   0.34476   0.41386   0.23084   1.14480   0.40942   0.18288   0.09169   0.24615   0.06847   0.15080   0.16150   0.00131   1.02730   0.24518   1.21944   0.69402   2.14387   2.45720   2.70118   0.00097   1.00000  
 28 15.5842   7689.874148  x:  2.17744   0.10449   0.05447   0.40664   0.49688   0.63269   0.49347   0.72768   0.01967   0.10681   0.20285   0.60873   0.60734   0.00070   0.47412   0.35599   0.79016   0.74960   0.96409   0.91099   0.47371   0.34754   0.41420   0.22562   1.14924   0.40585   0.18698   0.08827   0.24651   0.06932   0.14993   0.16151   0.00000   1.03296   0.24137   1.22919   0.69770   2.13738   2.44924   2.70165   0.00097   1.00000  
 29 31.0938   7689.874148  x:  2.17744   0.10449   0.05447   0.40664   0.49688   0.63269   0.49347   0.72768   0.01967   0.10681   0.20285   0.60873   0.60734   0.00070   0.47412   0.35599   0.79016   0.74960   0.96409   0.91099   0.47371   0.34754   0.41420   0.22562   1.14924   0.40585   0.18698   0.08827   0.24651   0.06932   0.14993   0.16151   0.00000   1.03296   0.24137   1.22919   0.69770   2.13738   2.44924   2.70165   0.00097   1.00000  
 30 21.8215   7547.540620  x:  2.17746   0.10453   0.05449   0.40664   0.49690   0.63269   0.49346   0.72768   0.01971   0.10682   0.20285   0.60874   0.60734   0.00070   0.47411   0.35602   0.79018   0.74964   0.96408   0.91098   0.47369   0.34755   0.41422   0.22560   1.14924   0.40583   0.18696   0.08813   0.24650   0.06942   0.15004   0.16160   0.00003   1.03299   0.24135   1.22922   0.69772   2.13735   2.44925   2.70164   0.07081   1.00000  
 31 22359.0702   7495.045065  x:  2.21570   0.19790   0.13019   0.45664   0.55569   0.66947   0.53750   0.77033   0.11749   0.17814   0.26032   0.66780   0.64602   0.07826   0.50600   0.43035   0.83981   0.81942   0.99594   0.94426   0.50300   0.40532   0.47615   0.25724   1.19073   0.43858   0.21994   0.05347   0.29507   0.20025   0.28729   0.28195   0.48314   1.09027   0.27576   1.28371   0.75761   2.07851   2.68560   2.46550   0.07945   1.00000  
 32 310.5619   7470.678933  x:  2.26698   0.16818   0.09061   0.47852   0.59412   0.71335   0.58160   0.81541   0.08254   0.13811   0.26327   0.72457   0.66743   0.05894   0.51381   0.49827   0.89456   0.89533   1.03272   0.96347   0.50520   0.43498   0.51210   0.23154   1.23894   0.44005   0.20393   0.00000   0.26788   0.08657   0.21954   0.21315   0.49391   1.12558   0.27178   1.35353   0.80654   2.00896   2.85660   2.29258   0.08121   1.00000  
 33 118.1144   7465.437241  x:  2.28906   0.15477   0.07375   0.48714   0.60965   0.73154   0.59943   0.83385   0.06721   0.12057   0.26387   0.74783   0.67589   0.04981   0.51654   0.52654   0.91729   0.92690   1.04800   0.97130   0.50561   0.44626   0.52615   0.22052   1.25928   0.44071   0.20057   0.02674   0.25757   0.04526   0.19252   0.18602   0.49604   1.14023   0.26943   1.38310   0.82666   1.97973   2.92748   2.22084   0.08198   1.00000  
 34 983.5730   7458.687477  x:  2.32973   0.11894   0.04355   0.49100   0.62426   0.75577   0.61688   0.85495   0.03276   0.08166   0.25465   0.77522   0.68073   0.01963   0.51239   0.56586   0.94811   0.97071   1.06898   0.97934   0.49826   0.44652   0.53256   0.19859   1.29063   0.43514   0.20626   0.03202   0.25414   0.12447   0.17488   0.17587   0.45043   1.15911   0.25514   1.43133   0.85078   1.93529   3.01491   2.13147   0.08250   1.00000  
 35 146.3378   7455.817452  x:  2.36561   0.09954   0.06176   0.48409   0.62378   0.76499   0.61282   0.85751   0.04897   0.07352   0.24620   0.78139   0.67532   0.00000   0.50121   0.58725   0.96141   0.99182   1.07843   0.98342   0.48842   0.42880   0.51935   0.19405   1.31033   0.43019   0.19956   0.03281   0.25004   0.11802   0.21228   0.20991   0.41762   1.17083   0.23432   1.46485   0.85767   1.90905   3.03945   2.10488   0.08253   1.00000  
 36 56.7748   7452.339052  x:  2.51039   0.09133   0.09898   0.44019   0.60384   0.77940   0.56517   0.84103   0.06263   0.13512   0.23365   0.78075   0.64084   0.00000   0.44997   0.64981   0.98792   1.03994   1.10257   0.99831   0.45112   0.35881   0.46277   0.18924   1.36837   0.41020   0.20161   0.03303   0.26989   0.12545   0.19068   0.18254   0.41743   1.21638   0.15473   1.58174   0.86068   1.84144   3.03601   2.09946   0.08264   1.00000  
 37 36.7644   7450.551228  x:  2.61550   0.09015   0.06361   0.41565   0.59257   0.78791   0.53512   0.82998   0.02651   0.13973   0.22495   0.77683   0.61744   0.00000   0.40879   0.68180   0.99553   1.05801   1.11710   1.00039   0.43705   0.36078   0.46533   0.18276   1.39963   0.39867   0.19799   0.03324   0.25869   0.11829   0.19878   0.20348   0.43541   1.24757   0.11933   1.65819   0.85504   1.82160   3.01374   2.11433   0.08263   1.00000  
 38 42.6723   7448.844944  x:  2.76749   0.08001   0.03226   0.40599   0.59085   0.80141   0.50735   0.82198   0.07173   0.12632   0.22532   0.77103   0.59946   0.00000   0.35139   0.71511   0.99652   1.06797   1.13671   0.99883   0.44309   0.40356   0.49960   0.19930   1.43578   0.40358   0.20169   0.03390   0.24628   0.12538   0.19506   0.19920   0.43013   1.28879   0.10039   1.75768   0.84024   1.82205   2.98148   2.13436   0.08264   1.00000  
 39 46.3573   7446.744848  x:  3.01091   0.07898   0.09313   0.41618   0.60452   0.82470   0.49441   0.82717   0.04417   0.09988   0.24549   0.76746   0.60138   0.00000   0.27858   0.75553   0.99062   1.06644   1.17374   0.99583   0.45955   0.45988   0.54559   0.23253   1.47774   0.42828   0.21288   0.03423   0.26072   0.13161   0.19793   0.18992   0.40048   1.34942   0.12369   1.90155   0.81508   1.85099   2.93284   2.16090   0.08268   1.00000  
 40 54.0509   7443.948485  x:  3.37320   0.08543   0.06005   0.45939   0.64197   0.86003   0.54230   0.87236   0.03792   0.14890   0.32409   0.78389   0.66624   0.00000   0.23537   0.80570   0.98161   1.04424   1.24473   1.01160   0.49593   0.45169   0.53763   0.23633   1.51264   0.44720   0.20657   0.03592   0.29715   0.13487   0.20776   0.21271   0.33342   1.42349   0.21149   2.08563   0.77733   1.92921   2.86378   2.19182   0.08274   1.00000  
 41 45.6276   7442.783810  x:  3.53678   0.11204   0.06178   0.47332   0.65072   0.86982   0.58336   0.90126   0.04642   0.11945   0.30190   0.79321   0.69004   0.00000   0.27191   0.82550   0.98886   1.03313   1.28540   1.03629   0.50137   0.42746   0.51752   0.22598   1.50967   0.45674   0.22079   0.03626   0.25040   0.14295   0.21293   0.20383   0.32248   1.44460   0.23849   2.14240   0.75984   1.95503   2.82331   2.20963   0.08276   1.00000  
 42 27.8216   7442.093116  x:  3.65252   0.11678   0.05632   0.47356   0.64527   0.86719   0.60684   0.91397   0.05269   0.09981   0.25898   0.79990   0.69889   0.00000   0.32850   0.82996   1.00356   1.02537   1.31111   1.06377   0.50698   0.43000   0.52141   0.21842   1.49447   0.46292   0.22402   0.03604   0.29076   0.13993   0.20852   0.21048   0.30924   1.44696   0.23780   2.15880   0.74636   1.96031   2.79835   2.21275   0.08280   1.00000  
 43 21.0022   7441.515230  x:  3.76324   0.10420   0.06105   0.47438   0.63820   0.85656   0.61475   0.91319   0.04616   0.13250   0.23837   0.80944   0.70926   0.00000   0.39096   0.81722   1.02390   1.01975   1.32377   1.09166   0.51255   0.45118   0.54404   0.22272   1.47373   0.47252   0.20437   0.03783   0.28027   0.14809   0.21453   0.20824   0.28267   1.43909   0.22402   2.15102   0.74034   1.95078   2.78069   2.20254   0.08280   1.00000  
 44 17.8893   7441.121664  x:  3.85070   0.09719   0.05717   0.48309   0.63920   0.84665   0.60707   0.90251   0.04276   0.13825   0.24739   0.81619   0.71453   0.00000   0.41921   0.78455   1.03950   1.01962   1.31446   1.09982   0.50317   0.45077   0.55326   0.23209   1.45927   0.47558   0.24070   0.03594   0.27455   0.14556   0.21135   0.21608   0.25990   1.42956   0.21554   2.12461   0.75302   1.93448   2.77074   2.18263   0.08281   1.00000  
 45 13.0033   7440.214858  x:  4.05454   0.10237   0.04665   0.50893   0.64962   0.82879   0.58564   0.87762   0.04267   0.10191   0.27790   0.82665   0.71592   0.00000   0.45111   0.68912   1.07168   1.02852   1.26875   1.09474   0.47241   0.42742   0.55795   0.24364   1.43297   0.47059   0.21573   0.03738   0.27893   0.15110   0.21587   0.20363   0.22088   1.40822   0.20743   2.04255   0.80560   1.89430   2.74482   2.12880   0.08278   1.00000  
 46 22.4958   7439.888763  x:  4.13018   0.10841   0.05398   0.50610   0.64756   0.82924   0.59236   0.88235   0.04524   0.10213   0.27196   0.82021   0.70300   0.00000   0.44659   0.65859   1.07578   1.03851   1.23943   1.07879   0.48146   0.42999   0.54925   0.22982   1.43167   0.46123   0.20741   0.03803   0.27207   0.15396   0.19338   0.22059   0.20292   1.40145   0.20276   2.00012   0.82379   1.89699   2.73854   2.09723   0.08277   1.00000  
 47 13.8407   7439.527545  x:  4.21324   0.11185   0.05199   0.49285   0.64036   0.83280   0.60537   0.89364   0.04279   0.10968   0.25647   0.80842   0.68411   0.00000   0.43431   0.63263   1.07370   1.05292   1.20217   1.05483   0.49821   0.43592   0.53336   0.21269   1.43545   0.45409   0.21401   0.03760   0.27227   0.15451   0.20823   0.20491   0.18057   1.39355   0.19659   1.94559   0.83958   1.90984   2.73297   2.05457   0.08276   1.00000  
 48 22.5526   7439.349011  x:  4.24823   0.10205   0.04697   0.46974   0.63088   0.83585   0.60515   0.89654   0.03993   0.10459   0.25383   0.80434   0.68946   0.00000   0.42865   0.65231   1.05512   1.06214   1.19018   1.04032   0.49279   0.42733   0.52379   0.23105   1.44507   0.47490   0.20972   0.03747   0.26961   0.15487   0.20426   0.20601   0.17167   1.38657   0.19622   1.90804   0.82954   1.92009   2.72548   2.02282   0.08278   1.00000  
 49  5.5163   7439.163495  x:  4.27794   0.10842   0.05093   0.45418   0.63384   0.84032   0.59140   0.89035   0.04340   0.10016   0.26156   0.80370   0.70213   0.00000   0.42184   0.69977   1.01948   1.06932   1.18941   1.03158   0.47732   0.42571   0.53302   0.20943   1.45128   0.46451   0.20980   0.03760   0.26874   0.15548   0.20436   0.20389   0.15539   1.37712   0.20003   1.86789   0.80783   1.91591   2.70470   1.98404   0.08275   1.00000  
 50  5.5345   7439.050235  x:  4.28922   0.11240   0.04739   0.46939   0.65177   0.84281   0.58365   0.88449   0.04111   0.10359   0.24916   0.79833   0.68923   0.00000   0.40909   0.73021   0.99571   1.06622   1.19656   1.03769   0.48556   0.42230   0.52774   0.21676   1.44879   0.46230   0.20889   0.03764   0.26793   0.15504   0.20426   0.20509   0.14419   1.37352   0.20794   1.85656   0.80353   1.89741   2.67965   1.95200   0.08274   1.00000  
 51  3.6849   7438.696228  x:  4.29885   0.09055   0.05344   0.46694   0.62957   0.83071   0.60447   0.89664   0.04209   0.09418   0.26640   0.80903   0.67395   0.00000   0.36198   0.76407   0.97739   1.04487   1.24759   1.06463   0.49141   0.42690   0.51280   0.22078   1.42671   0.44603   0.20802   0.03779   0.26708   0.15233   0.20473   0.20383   0.13445   1.37866   0.19080   1.88878   0.83073   1.88293   2.56822   1.84246   0.08272   1.08788  
 52  3.0371   7438.296795  x:  4.31149   0.14058   0.05051   0.46111   0.60964   0.81998   0.60613   0.89723   0.04546   0.10249   0.25924   0.81159   0.67526   0.00000   0.31634   0.78721   0.99612   1.03864   1.29770   1.07238   0.47870   0.42426   0.51868   0.22711   1.41610   0.46250   0.20692   0.03774   0.26877   0.14865   0.20798   0.20769   0.10121   1.38871   0.17506   1.94312   0.85530   1.88991   2.43905   1.69822   0.08267   1.21206  
 53 12.8107   7437.684747  x:  4.34102   0.11397   0.05691   0.47815   0.62964   0.83074   0.57988   0.87992   0.04950   0.10988   0.22925   0.80105   0.69459   0.00000   0.28369   0.80060   1.06774   1.05661   1.34292   1.04124   0.47410   0.39964   0.52461   0.20163   1.43277   0.47844   0.20687   0.03720   0.26740   0.13991   0.20987   0.20793   0.09791   1.39865   0.17043   2.02773   0.84205   1.91840   2.22722   1.49556   0.08264   1.41548  
 54 14.2034   7437.167052  x:  4.39423   0.12848   0.05788   0.45472   0.63429   0.86563   0.57936   0.88533   0.05152   0.10477   0.24996   0.79332   0.68610   0.00000   0.30799   0.79159   1.11528   1.07605   1.34603   1.01627   0.48454   0.41637   0.49910   0.22245   1.49065   0.45316   0.20719   0.03697   0.26841   0.13107   0.21413   0.20939   0.09449   1.41020   0.19005   2.09386   0.77815   1.88010   2.03568   1.31985   0.08264   1.60514  
 55 11.6317   7436.851287  x:  4.46009   0.12316   0.05964   0.44385   0.64028   0.88214   0.58470   0.90301   0.05462   0.11151   0.24147   0.80587   0.66558   0.00000   0.31538   0.77031   1.08199   1.07895   1.30040   1.05552   0.45840   0.39733   0.52306   0.21938   1.52983   0.45592   0.20678   0.03636   0.26823   0.12326   0.21537   0.21057   0.10564   1.42888   0.20096   2.12515   0.75466   1.87726   1.92418   1.20446   0.08265   1.72938  
 56  7.3184   7436.668200  x:  4.51793   0.12749   0.06024   0.45024   0.63939   0.87763   0.56376   0.89574   0.05327   0.10409   0.24618   0.81286   0.67816   0.00000   0.33445   0.77354   1.04278   1.08820   1.26993   1.06973   0.47625   0.40336   0.50439   0.21095   1.53490   0.46658   0.20546   0.03582   0.26818   0.11737   0.21635   0.21054   0.11621   1.44371   0.17831   2.13767   0.76178   1.88830   1.86413   1.13499   0.08267   1.80532  
 57  6.3279   7436.585726  x:  4.55669   0.12371   0.06006   0.45193   0.63261   0.86997   0.56668   0.89511   0.05430   0.10732   0.24378   0.79691   0.68306   0.00000   0.34529   0.79002   1.02695   1.10293   1.26098   1.05367   0.46954   0.40669   0.50509   0.21527   1.52045   0.46201   0.20622   0.03564   0.26826   0.11424   0.21682   0.21071   0.12455   1.44551   0.18510   2.13818   0.78627   1.88557   1.83483   1.11005   0.08265   1.84206  
 58  3.7742   7436.556497  x:  4.57577   0.12559   0.05996   0.45675   0.63616   0.86729   0.57660   0.89718   0.05372   0.10764   0.24767   0.79691   0.67972   0.00000   0.34193   0.79706   1.02662   1.10916   1.26271   1.04369   0.46998   0.40196   0.51140   0.22004   1.50815   0.46007   0.20622   0.03562   0.26888   0.11296   0.21717   0.21084   0.12867   1.44134   0.17294   2.13133   0.78246   1.88643   1.82748   1.10446   0.08264   1.85604  
 59  2.1346   7436.528631  x:  4.60304   0.12586   0.05989   0.45060   0.63427   0.86289   0.57589   0.88942   0.05434   0.10829   0.24696   0.80892   0.67246   0.00000   0.32750   0.80087   1.03692   1.11005   1.27610   1.04361   0.47324   0.40156   0.50951   0.21905   1.49375   0.46116   0.20612   0.03553   0.26812   0.11136   0.21701   0.21070   0.13448   1.43414   0.18195   2.11417   0.77538   1.88776   1.83005   1.10274   0.08264   1.87125  
 60  1.2967   7436.511894  x:  4.62196   0.12556   0.05925   0.45038   0.63563   0.86561   0.57611   0.88944   0.05411   0.10857   0.24616   0.79715   0.67776   0.00000   0.31772   0.79903   1.04353   1.09951   1.28812   1.04935   0.46917   0.40562   0.50616   0.21760   1.49392   0.46245   0.20565   0.03546   0.26789   0.11025   0.21659   0.21040   0.13836   1.43161   0.18033   2.10019   0.77148   1.88660   1.83857   1.10642   0.08264   1.88187  
 61  1.0716   7436.495454  x:  4.63998   0.12620   0.05891   0.45065   0.63345   0.86847   0.57060   0.89289   0.05321   0.10858   0.24685   0.79651   0.67725   0.00000   0.32095   0.80141   1.04859   1.08547   1.29628   1.04777   0.47549   0.40042   0.51358   0.22016   1.50503   0.45809   0.20586   0.03552   0.26769   0.10944   0.21642   0.21008   0.13941   1.43400   0.17937   2.08905   0.77749   1.89003   1.85192   1.12052   0.08262   1.89439  
 62  0.8037   7436.471601  x:  4.66403   0.12638   0.05825   0.45675   0.63791   0.87092   0.57078   0.89898   0.05268   0.11154   0.24636   0.80931   0.67579   0.00000   0.32696   0.80543   1.05341   1.07633   1.29664   1.04285   0.46758   0.40905   0.51205   0.21940   1.51706   0.46227   0.20639   0.03572   0.26890   0.10873   0.21620   0.21051   0.13945   1.43982   0.17747   2.07891   0.78417   1.89183   1.87113   1.15207   0.08255   1.91405  
 63  1.4049   7436.419049  x:  4.71398   0.12779   0.05631   0.45653   0.63922   0.86932   0.58058   0.89890   0.05035   0.11160   0.24934   0.81177   0.69080   0.00000   0.33393   0.80334   1.05652   1.09209   1.27832   1.05459   0.47805   0.41127   0.52284   0.21546   1.51917   0.47303   0.20804   0.03617   0.26980   0.10734   0.21543   0.21065   0.13739   1.45356   0.18346   2.07583   0.78203   1.88316   1.92277   1.22816   0.08239   1.95935  
 64  1.6807   7436.385223  x:  4.74690   0.12837   0.05495   0.45633   0.64347   0.86889   0.57933   0.89360   0.04868   0.11095   0.25381   0.80594   0.68632   0.00000   0.34713   0.79676   1.05065   1.10576   1.27231   1.06406   0.47325   0.41500   0.52360   0.22126   1.51233   0.46517   0.20747   0.03653   0.26913   0.10625   0.21419   0.20983   0.13498   1.45535   0.18761   2.08419   0.77409   1.89903   1.96623   1.26836   0.08229   1.98870  
 65  2.7799   7436.368451  x:  4.76556   0.12820   0.05409   0.45460   0.64116   0.87109   0.57553   0.89463   0.04844   0.11215   0.25021   0.80718   0.68817   0.00000   0.35232   0.78378   1.03518   1.10150   1.27293   1.05289   0.47199   0.41425   0.52428   0.21977   1.50373   0.46625   0.20703   0.03660   0.26819   0.10531   0.21310   0.20890   0.13542   1.44569   0.18986   2.09828   0.76563   1.89652   1.99016   1.28268   0.08223   2.00334  
 66  1.2803   7436.364498  x:  4.77217   0.12843   0.05403   0.45481   0.63997   0.86840   0.57535   0.89492   0.04849   0.11117   0.25306   0.80446   0.68472   0.00000   0.35337   0.78759   1.03776   1.09548   1.26701   1.05278   0.47215   0.41391   0.52387   0.21692   1.50259   0.46965   0.20680   0.03665   0.26797   0.10502   0.21281   0.20863   0.13522   1.43761   0.19088   2.10343   0.76448   1.89653   1.99161   1.28155   0.08220   2.00706  
 67  0.2879   7436.359798  x:  4.78103   0.12883   0.05396   0.45462   0.63990   0.86636   0.57636   0.89368   0.04835   0.11097   0.25025   0.80617   0.68904   0.00000   0.35076   0.79072   1.04066   1.08966   1.26039   1.05337   0.47186   0.41423   0.52291   0.21991   1.50188   0.46484   0.20656   0.03686   0.26771   0.10479   0.21255   0.20829   0.13486   1.43224   0.19094   2.10735   0.76383   1.89755   1.98931   1.27766   0.08215   2.01163  
 68  0.4003   7436.304341  x:  4.88844   0.12910   0.05340   0.44800   0.64326   0.87425   0.58426   0.88025   0.04972   0.11104   0.24973   0.80352   0.68440   0.00000   0.34556   0.79216   1.04327   1.07662   1.27238   1.04937   0.47215   0.41097   0.52029   0.22031   1.49493   0.46762   0.20419   0.03947   0.26799   0.10267   0.21104   0.20662   0.12400   1.45444   0.19094   2.11552   0.76554   1.89939   1.92547   1.21846   0.08146   2.06611  
 69  0.4036   7436.285776  x:  4.92332   0.12994   0.05307   0.45789   0.63544   0.86770   0.57524   0.89713   0.04986   0.11124   0.24879   0.80333   0.68507   0.00000   0.34035   0.79013   1.04352   1.08802   1.28213   1.05312   0.47260   0.41143   0.51907   0.22185   1.50040   0.46708   0.20359   0.04042   0.26839   0.10213   0.21068   0.20640   0.12138   1.44894   0.19274   2.11611   0.76371   1.89996   1.90379   1.20351   0.08122   2.08385  
 70  1.3125   7436.279418  x:  4.93007   0.13085   0.05348   0.45581   0.63898   0.87103   0.57967   0.89234   0.04997   0.11133   0.24913   0.80444   0.68575   0.00000   0.33970   0.78846   1.04076   1.09367   1.28764   1.05559   0.47436   0.41204   0.51952   0.22184   1.50843   0.46829   0.20370   0.04084   0.26887   0.10227   0.21085   0.20660   0.12197   1.43675   0.19151   2.11795   0.77000   1.90092   1.90550   1.21039   0.08112   2.08794  
 71  0.2004   7436.189816  x:  4.98816   0.13113   0.05684   0.45417   0.64604   0.86680   0.57761   0.90083   0.05216   0.10984   0.24823   0.80347   0.68334   0.00000   0.33455   0.79242   1.05039   1.09390   1.29098   1.05304   0.47612   0.40996   0.51521   0.22276   1.50971   0.46632   0.20086   0.04700   0.26861   0.10452   0.21147   0.20684   0.13037   1.45242   0.19130   2.13712   0.77195   1.89819   2.03529   1.34016   0.07959   2.13108  
 72  0.2727   7436.185853  x:  4.99089   0.13118   0.05687   0.46088   0.63734   0.87488   0.57871   0.89726   0.05207   0.11004   0.24813   0.80420   0.68293   0.00000   0.33417   0.79385   1.05118   1.09450   1.28998   1.05370   0.47524   0.40984   0.51530   0.22269   1.50934   0.46630   0.20072   0.04727   0.26857   0.10457   0.21151   0.20689   0.13084   1.45259   0.19142   2.13757   0.77081   1.89853   2.03768   1.34235   0.07952   2.13248  
 73  0.4292   7436.150386  x:  5.02363   0.12807   0.05528   0.45691   0.63984   0.87686   0.57803   0.89852   0.04973   0.11111   0.24988   0.80878   0.68726   0.00000   0.33697   0.80349   1.05307   1.10029   1.29466   1.05867   0.47273   0.41349   0.52184   0.22007   1.51507   0.46703   0.20067   0.04956   0.26801   0.10376   0.21260   0.20922   0.13374   1.45699   0.19080   2.14980   0.76371   1.89661   1.94640   1.24533   0.07883   2.13088  
 74  0.1244   7436.148748  x:  5.02791   0.12763   0.05463   0.45946   0.63851   0.87217   0.58086   0.89598   0.04946   0.11081   0.24931   0.80819   0.68703   0.00000   0.33734   0.80329   1.05089   1.10040   1.29473   1.05723   0.47261   0.41284   0.52132   0.22001   1.51928   0.46710   0.20016   0.04958   0.26817   0.10390   0.21249   0.20890   0.13449   1.45857   0.19207   2.14959   0.76118   1.89700   1.93780   1.23535   0.07878   2.11025  
 75  0.0440   7436.145800  x:  5.03569   0.12721   0.05357   0.45806   0.64104   0.87837   0.57867   0.90033   0.04912   0.11028   0.24946   0.80806   0.68755   0.00000   0.33790   0.80467   1.04946   1.10142   1.29220   1.05761   0.47342   0.41211   0.52053   0.22117   1.51792   0.46806   0.19951   0.04963   0.26877   0.10437   0.21250   0.20857   0.13567   1.45855   0.19349   2.14921   0.76098   1.89815   1.91962   1.21875   0.07868   2.07021  
 76  0.4931   7436.143464  x:  5.04863   0.12704   0.05434   0.45795   0.64107   0.87806   0.57841   0.89964   0.04948   0.11100   0.24926   0.80800   0.68754   0.00000   0.33936   0.80341   1.05075   1.10110   1.29236   1.05781   0.47389   0.41258   0.52051   0.22139   1.51700   0.46771   0.20088   0.04904   0.26834   0.10440   0.21228   0.20864   0.13604   1.45788   0.19319   2.14973   0.75918   1.89771   1.90945   1.21006   0.07858   1.99078  
 77  0.0338   7436.142629  x:  5.05562   0.12778   0.05453   0.45749   0.64089   0.87797   0.57836   0.89945   0.04941   0.11052   0.24984   0.80840   0.68750   0.00000   0.33817   0.80314   1.05153   1.10086   1.29262   1.05801   0.47336   0.41308   0.52151   0.22070   1.51724   0.46733   0.20020   0.04856   0.26863   0.10431   0.21237   0.20863   0.13523   1.45806   0.19210   2.14986   0.76070   1.89749   1.90744   1.20786   0.07850   1.97828  
 78  0.0067   7436.141460  x:  5.06179   0.12750   0.05403   0.45763   0.64069   0.87809   0.57844   0.89985   0.04944   0.11075   0.24946   0.80811   0.68737   0.00000   0.33776   0.80394   1.05118   1.10096   1.29282   1.05776   0.47339   0.41248   0.52103   0.22097   1.51746   0.46774   0.20134   0.04740   0.26848   0.10453   0.21246   0.20866   0.13503   1.45824   0.19217   2.14986   0.76104   1.89776   1.91254   1.21237   0.07838   2.00804  
 79  0.0085   7436.141350  x:  5.06202   0.12728   0.05425   0.45773   0.64092   0.87832   0.57849   0.89976   0.04945   0.11067   0.24945   0.80823   0.68758   0.00000   0.33816   0.80424   1.05154   1.10118   1.29335   1.05796   0.47362   0.41263   0.52097   0.22104   1.51738   0.46762   0.20120   0.04728   0.26850   0.10466   0.21247   0.20858   0.13564   1.45845   0.19283   2.15152   0.76013   1.89772   1.91287   1.21327   0.07837   2.01065  
 80  0.0030   7436.141344  x:  5.06343   0.12732   0.05430   0.45770   0.64095   0.87838   0.57855   0.89981   0.04946   0.11067   0.24956   0.80828   0.68762   0.00000   0.33804   0.80436   1.05146   1.10120   1.29340   1.05805   0.47363   0.41267   0.52103   0.22101   1.51752   0.46764   0.20125   0.04728   0.26855   0.10466   0.21245   0.20861   0.13568   1.45860   0.19292   2.15195   0.76006   1.89779   1.91223   1.21272   0.07837   2.01166  
 81  0.0012   7436.141342  x:  5.06458   0.12733   0.05429   0.45772   0.64096   0.87841   0.57854   0.89984   0.04945   0.11067   0.24953   0.80828   0.68763   0.00000   0.33803   0.80440   1.05152   1.10124   1.29347   1.05805   0.47364   0.41267   0.52104   0.22103   1.51755   0.46768   0.20124   0.04728   0.26854   0.10469   0.21247   0.20860   0.13566   1.45863   0.19290   2.15203   0.76009   1.89778   1.91241   1.21293   0.07837   2.01159  
 82  0.0006   7436.141342  x:  5.06465   0.12732   0.05428   0.45772   0.64097   0.87841   0.57854   0.89984   0.04945   0.11067   0.24953   0.80829   0.68763   0.00000   0.33802   0.80442   1.05153   1.10125   1.29348   1.05805   0.47364   0.41267   0.52103   0.22103   1.51756   0.46767   0.20124   0.04728   0.26854   0.10469   0.21247   0.20861   0.13567   1.45863   0.19289   2.15205   0.76010   1.89778   1.91244   1.21296   0.07837   2.01154  
 83  0.0001   7436.141342  x:  5.06465   0.12732   0.05428   0.45772   0.64097   0.87841   0.57854   0.89983   0.04945   0.11067   0.24953   0.80829   0.68763   0.00000   0.33802   0.80441   1.05153   1.10125   1.29348   1.05805   0.47364   0.41267   0.52103   0.22103   1.51756   0.46767   0.20124   0.04728   0.26854   0.10469   0.21247   0.20861   0.13567   1.45863   0.19289   2.15204   0.76010   1.89777   1.91244   1.21296   0.07837   2.01155  
 84  0.0000   7436.141342  x:  5.06465   0.12731   0.05428   0.45772   0.64097   0.87841   0.57854   0.89983   0.04945   0.11067   0.24953   0.80829   0.68763   0.00000   0.33802   0.80441   1.05153   1.10125   1.29348   1.05805   0.47364   0.41267   0.52103   0.22103   1.51756   0.46767   0.20124   0.04728   0.26854   0.10469   0.21247   0.20861   0.13567   1.45863   0.19289   2.15204   0.76010   1.89777   1.91244   1.21296   0.07837   2.01155  
 85  0.0000   7436.141342  x:  5.06465   0.12731   0.05428   0.45772   0.64097   0.87841   0.57854   0.89983   0.04945   0.11067   0.24953   0.80829   0.68763   0.00000   0.33802   0.80441   1.05153   1.10125   1.29348   1.05805   0.47364   0.41267   0.52103   0.22103   1.51756   0.46767   0.20124   0.04728   0.26854   0.10469   0.21247   0.20861   0.13567   1.45863   0.19289   2.15205   0.76010   1.89777   1.91244   1.21296   0.07837   2.01155  