

TREE # 1

  0  0.0000   9219.514165  x:  0.17444   0.02804   0.07307   0.00000   0.21220   0.15259   0.14764   0.15672   0.09176   0.01488   0.10164   0.09888   0.08304   0.02822   0.03654   0.11840   0.16638   0.13073   0.17006   0.12456   0.13600   0.08105   0.05011   0.02312   0.14692   0.15208   0.08109   0.04353   0.13235   0.02986   0.05286   0.04009   0.10565   0.11049   0.05181   0.16210   0.10351   2.00000   1.39835   0.16116   0.29812   1.40136  
  1 99.0000   8112.248783  x:  0.33824   0.14844   0.13395   0.32899   0.26334   0.21871   0.20664   0.22866   0.13394   0.10638   0.15865   0.22699   0.21352   0.09802   0.16512   0.18674   0.24303   0.24177   0.25580   0.23531   0.18601   0.17970   0.21810   0.13263   0.26950   0.19664   0.10917   0.05633   0.15172   0.08617   0.12663   0.14469   0.14700   0.24455   0.15048   0.28349   0.25606   1.99212   1.43188   0.12830   0.00000   1.40047  
  2 3560.3552   7962.317867  x:  0.51982   0.28188   0.20141   0.69361   0.32003   0.29202   0.27204   0.30842   0.18070   0.20779   0.22184   0.36900   0.35815   0.17539   0.30765   0.26251   0.32802   0.36487   0.35086   0.35807   0.24143   0.28906   0.40430   0.25401   0.40540   0.24604   0.14029   0.07050   0.17319   0.14856   0.20839   0.26062   0.19283   0.39315   0.25985   0.41807   0.42515   1.98338   1.46904   0.09186   0.00097   1.39948  
  3 19188.0812   7869.977167  x:  0.63096   0.26214   0.14097   0.67836   0.31474   0.31704   0.30748   0.36350   0.11465   0.14925   0.18225   0.38856   0.36252   0.13384   0.31461   0.29157   0.38327   0.43423   0.40353   0.38639   0.21894   0.26220   0.37947   0.21357   0.48087   0.24287   0.10257   0.00000   0.15656   0.06438   0.13501   0.17890   0.17508   0.43777   0.26387   0.49957   0.47730   1.98065   1.42106   0.14164   0.00096   1.39696  
  4 389.1683   7819.179228  x:  0.76951   0.22546   0.05347   0.64270   0.30348   0.34707   0.34230   0.42207   0.02112   0.06831   0.13189   0.41087   0.36588   0.07781   0.31630   0.31970   0.44316   0.50896   0.46385   0.42288   0.20028   0.23020   0.34348   0.15423   0.57553   0.23858   0.14462   0.12067   0.17135   0.02543   0.07745   0.09078   0.13890   0.49183   0.25593   0.59482   0.53202   1.97730   1.36288   0.20364   0.00094   1.39212  
  5 817.8357   7803.774749  x:  0.81266   0.20647   0.03101   0.61693   0.29789   0.35492   0.34865   0.43601   0.00000   0.04850   0.12096   0.41518   0.36553   0.06202   0.31176   0.32447   0.45799   0.52690   0.47985   0.43547   0.20461   0.22267   0.32803   0.13593   0.60326   0.23514   0.14179   0.12232   0.18038   0.06384   0.10057   0.09765   0.12028   0.50783   0.24444   0.62156   0.54214   1.97618   1.34301   0.22526   0.00093   1.38990  
  6 403.6936   7771.485397  x:  1.01605   0.09489   0.06522   0.43900   0.27072   0.38636   0.35115   0.47355   0.07195   0.07372   0.13340   0.42879   0.37679   0.03849   0.27506   0.32610   0.50296   0.57811   0.53856   0.51646   0.30417   0.22828   0.25654   0.10826   0.72717   0.23690   0.14869   0.15827   0.19913   0.01547   0.18334   0.18592   0.00000   0.59052   0.14104   0.72816   0.55262   1.96903   1.25132   0.32709   0.00091   1.37665  
  7 275.3238   7771.485397  x:  1.01605   0.09489   0.06522   0.43900   0.27072   0.38636   0.35115   0.47355   0.07195   0.07372   0.13340   0.42879   0.37679   0.03849   0.27506   0.32610   0.50296   0.57811   0.53856   0.51646   0.30417   0.22828   0.25654   0.10826   0.72717   0.23690   0.14869   0.15827   0.19913   0.01547   0.18334   0.18592   0.00000   0.59052   0.14104   0.72816   0.55262   1.96903   1.25132   0.32709   0.00091   1.37665  
  8 198.5785   7629.782994  x:  1.01616   0.09495   0.06517   0.43893   0.27076   0.38639   0.35116   0.47357   0.07188   0.07370   0.13342   0.42882   0.37681   0.03849   0.27507   0.32610   0.50298   0.57813   0.53860   0.51649   0.30415   0.22832   0.25661   0.10828   0.72721   0.23694   0.14858   0.15800   0.19914   0.01586   0.18322   0.18581   0.00009   0.59061   0.14105   0.72823   0.55264   1.96902   1.25128   0.32714   0.06291   1.37664  
  9 24348.8303   7570.876656  x:  1.10115   0.18009   0.09143   0.44509   0.34037   0.43962   0.39750   0.52432   0.09041   0.11554   0.19442   0.48558   0.43175   0.10193   0.31782   0.36981   0.55303   0.62555   0.59641   0.57270   0.33721   0.29801   0.33782   0.16769   0.78279   0.29883   0.14678   0.07218   0.23836   0.27163   0.17721   0.18298   0.58219   0.67354   0.19006   0.79668   0.60265   1.93996   1.38177   0.20256   0.07703   1.36996  
 10 581.8722   7536.612072  x:  1.19211   0.17450   0.08019   0.44268   0.39060   0.49160   0.44024   0.57468   0.06975   0.09851   0.20844   0.53668   0.46949   0.09978   0.34492   0.41224   0.60647   0.67895   0.65522   0.61993   0.35743   0.33021   0.37726   0.16713   0.84200   0.31835   0.14719   0.00000   0.20897   0.16150   0.15362   0.15455   0.59104   0.71887   0.20535   0.86878   0.65181   1.91255   1.45393   0.13669   0.07863   1.36315  
 11 176.8215   7515.830742  x:  1.29606   0.16769   0.06834   0.43934   0.44475   0.54833   0.48582   0.62941   0.04737   0.07943   0.22303   0.59193   0.51033   0.09559   0.37386   0.45889   0.66549   0.73800   0.72021   0.67232   0.37939   0.36315   0.41856   0.16671   0.90885   0.34076   0.16312   0.04916   0.18661   0.04778   0.13565   0.13130   0.60316   0.76968   0.22159   0.94989   0.70605   1.88204   1.53407   0.06400   0.08071   1.35500  
 12 898.8609   7498.605916  x:  1.46532   0.13099   0.05277   0.42464   0.49899   0.61535   0.52740   0.69098   0.02074   0.03941   0.22247   0.65168   0.54997   0.05640   0.39697   0.51794   0.74196   0.81637   0.80537   0.73996   0.40063   0.37067   0.44000   0.15368   1.00707   0.35340   0.18007   0.06139   0.22569   0.12740   0.20648   0.21441   0.50164   0.83335   0.22637   1.07038   0.77511   1.84146   1.61457  -0.00111   0.08145   1.33841  
 13 182.7968   7489.291366  x:  1.67892   0.10027   0.10539   0.39185   0.51249   0.64850   0.50969   0.70879   0.14053   0.07937   0.21722   0.66637   0.55783   0.01189   0.38485   0.55609   0.79219   0.86957   0.86966   0.80249   0.41140   0.32329   0.40592   0.17475   1.10206   0.35837   0.12797   0.07579   0.26353   0.18321   0.16012   0.16359   0.45190   0.90253   0.19686   1.19418   0.81449   1.81684   1.58708   0.05054   0.08119   1.31279  
 14 88.3873   7486.082584  x:  1.73038   0.09599   0.10038   0.38077   0.50982   0.65184   0.49983   0.70809   0.13649   0.08245   0.21258   0.66510   0.55364   0.00000   0.37762   0.56052   0.79883   0.87592   0.88173   0.81304   0.40910   0.31716   0.40104   0.17417   1.11895   0.35686   0.13040   0.07553   0.26140   0.18025   0.16385   0.16747   0.46038   0.91909   0.18780   1.22125   0.81750   1.81642   1.56510   0.07955   0.08114   1.30536  
 15 90.0973   7480.934594  x:  1.94383   0.06549   0.11151   0.40843   0.51874   0.65863   0.48163   0.71193   0.08711   0.18262   0.25886   0.67235   0.55170   0.00000   0.35996   0.56344   0.80766   0.86092   0.92008   0.85546   0.43991   0.42246   0.47517   0.20432   1.15565   0.37326   0.19135   0.07312   0.27863   0.20160   0.15225   0.15502   0.44004   0.97490   0.14846   1.30939   0.78442   1.84303   1.47190   0.21857   0.08062   1.25438  
 16 64.0896   7479.030462  x:  2.02606   0.06705   0.12669   0.45044   0.53124   0.66339   0.49647   0.72499   0.07690   0.20994   0.28285   0.68205   0.56096   0.00000   0.36101   0.56277   0.80801   0.84549   0.93096   0.86851   0.45095   0.45532   0.49824   0.22630   1.15782   0.38628   0.13902   0.07963   0.27293   0.19299   0.18313   0.17640   0.43636   0.99862   0.15138   1.33553   0.75894   1.86028   1.43539   0.28175   0.08055   1.22328  
 17 51.8565   7477.178621  x:  2.11932   0.08473   0.12212   0.53670   0.54753   0.67358   0.55293   0.76185   0.05083   0.17860   0.29334   0.70540   0.58479   0.00000   0.37905   0.56451   0.81117   0.82285   0.93939   0.87585   0.44385   0.44522   0.48760   0.24826   1.14267   0.40650   0.13442   0.08274   0.28334   0.20646   0.15259   0.17629   0.42803   1.03355   0.19786   1.35540   0.71810   1.88822   1.39783   0.37164   0.08023   1.15904  
 18 30.5517   7476.375142  x:  2.16233   0.08572   0.12266   0.58341   0.54488   0.67406   0.57774   0.77528   0.07702   0.16800   0.29586   0.71493   0.59770   0.00000   0.39579   0.56812   0.81655   0.81520   0.94004   0.88090   0.44344   0.43616   0.47985   0.26028   1.13298   0.41659   0.16745   0.07807   0.28611   0.19864   0.18067   0.17170   0.42848   1.05228   0.21980   1.36092   0.69628   1.90149   1.39163   0.41417   0.08035   1.11228  
 19 33.3987   7475.088443  x:  2.20619   0.05431   0.09249   0.62960   0.49784   0.66030   0.58495   0.76819   0.10233   0.16324   0.28453   0.71801   0.60881   0.00000   0.43927   0.58228   0.84137   0.82743   0.93489   0.89079   0.45211   0.44137   0.49277   0.24239   1.12103   0.40739   0.16747   0.07881   0.27395   0.19897   0.16943   0.18842   0.43138   1.07628   0.23142   1.36290   0.67875   1.90640   1.42121   0.46547   0.08042   1.00000  
 20 15.1551   7474.252287  x:  2.25343   0.07376   0.08383   0.66739   0.44717   0.64936   0.58245   0.75325   0.08724   0.15871   0.26396   0.71385   0.61325   0.00000   0.48136   0.59161   0.86599   0.84497   0.92596   0.89936   0.45045   0.44312   0.50337   0.22537   1.11839   0.40193   0.15743   0.07982   0.28000   0.20313   0.18566   0.15774   0.42333   1.10154   0.22607   1.36849   0.67027   1.90067   1.47429   0.52098   0.08037   1.00000  
 21 18.0002   7472.976737  x:  2.32408   0.11421   0.11921   0.71402   0.39882   0.64887   0.57344   0.72924   0.06657   0.16956   0.24004   0.70047   0.61280   0.00000   0.52709   0.59058   0.88794   0.86504   0.90537   0.90641   0.43857   0.42967   0.50213   0.22972   1.13048   0.40994   0.16836   0.07582   0.28801   0.18645   0.17330   0.19033   0.41097   1.13714   0.19868   1.38079   0.66830   1.88649   1.58149   0.61065   0.08059   1.00000  
 22 26.1622   7468.799957  x:  2.47389   0.05280   0.10728   0.77346   0.41620   0.71740   0.56729   0.70360   0.01158   0.18837   0.23652   0.68337   0.59660   0.00000   0.56188   0.54424   0.88244   0.88273   0.85018   0.89525   0.39938   0.38320   0.47836   0.25302   1.19201   0.42074   0.16805   0.07457   0.26264   0.18303   0.18562   0.17768   0.39084   1.19990   0.13065   1.42150   0.70202   1.86503   1.87741   0.87726   0.08080   1.00000  
 23 26.9221   7464.536006  x:  2.64891   0.09347   0.02909   0.77693   0.45845   0.79979   0.55763   0.69610   0.04721   0.14912   0.22988   0.67711   0.56499   0.00000   0.55585   0.48063   0.84946   0.89205   0.81394   0.86872   0.35688   0.40884   0.50571   0.24320   1.26674   0.40902   0.16494   0.07315   0.27547   0.17016   0.18459   0.19024   0.35310   1.25824   0.08312   1.48198   0.74987   1.84868   2.21768   1.22108   0.08088   1.00000  
 24 77.6161   7458.238093  x:  2.90339   0.09434   0.10133   0.62857   0.47357   0.86673   0.52883   0.72494   0.04323   0.06192   0.24115   0.71017   0.55520   0.00000   0.50890   0.44194   0.79881   0.92407   0.85133   0.84560   0.37758   0.46082   0.53508   0.18924   1.35790   0.35487   0.17294   0.07206   0.26181   0.15571   0.19955   0.20045   0.29777   1.31189   0.21219   1.57719   0.82447   1.85132   2.74804   1.82666   0.08109   1.00000  
 25 73.3219   7452.825636  x:  3.07201   0.15101   0.03898   0.44931   0.49292   0.86650   0.53522   0.79352   0.02411   0.12786   0.28143   0.76158   0.59845   0.00000   0.46312   0.49187   0.79759   0.96289   0.94792   0.87154   0.43637   0.43409   0.49390   0.17388   1.39113   0.37341   0.17421   0.06985   0.28161   0.13552   0.21169   0.22353   0.24386   1.30970   0.27393   1.63872   0.83161   1.88226   3.16529   2.30879   0.08130   1.00000  
 26 84.1830   7449.583111  x:  3.15583   0.16604   0.03699   0.34789   0.55872   0.82614   0.53103   0.83791   0.02558   0.07411   0.24533   0.77616   0.60652   0.00000   0.41728   0.58052   0.84155   0.99865   1.04308   0.91706   0.47070   0.44373   0.50291   0.20411   1.37977   0.44661   0.17648   0.07256   0.23673   0.14631   0.21442   0.22514   0.21513   1.27492   0.22240   1.67597   0.79799   1.90643   3.40465   2.61076   0.08127   1.00000  
 27 57.6686   7448.507279  x:  3.17949   0.15175   0.05122   0.35166   0.61940   0.79709   0.52259   0.84977   0.02270   0.06551   0.23516   0.77034   0.60996   0.00000   0.37900   0.63017   0.87316   1.01129   1.09141   0.94233   0.46070   0.43781   0.50945   0.16880   1.35776   0.43453   0.17466   0.07007   0.28139   0.12906   0.21751   0.23009   0.22118   1.25086   0.19896   1.69871   0.79065   1.90607   3.48570   2.71817   0.08145   1.00000  
 28 27.9601   7448.063017  x:  3.18930   0.16326   0.05295   0.37161   0.64356   0.78043   0.51810   0.85011   0.02513   0.07950   0.23741   0.76059   0.61313   0.00000   0.34847   0.65470   0.89190   1.01165   1.11971   0.95218   0.43833   0.43313   0.51249   0.15387   1.34545   0.41863   0.18039   0.07116   0.25440   0.13498   0.21822   0.23094   0.21709   1.23994   0.20480   1.71982   0.80222   1.89383   3.52053   2.75930   0.08148   1.00000  
 29 15.8267   7447.611703  x:  3.19654   0.15618   0.04257   0.39026   0.62979   0.76521   0.51519   0.84077   0.02370   0.07537   0.24233   0.74742   0.61305   0.04854   0.31256   0.67197   0.90728   0.99844   1.14691   0.95277   0.42858   0.43422   0.51388   0.18949   1.33827   0.41594   0.17874   0.07013   0.26322   0.12925   0.21910   0.23105   0.21655   1.23494   0.21816   1.74801   0.82185   1.87868   3.55080   2.78363   0.08155   1.00000  
 30 10.0815   7447.165122  x:  3.21207   0.15108   0.04282   0.42002   0.59670   0.75654   0.53285   0.83684   0.02442   0.06342   0.26097   0.73595   0.63402   0.03494   0.24716   0.69283   0.92514   0.97684   1.18441   0.92980   0.44396   0.43129   0.50594   0.19919   1.33499   0.40703   0.18005   0.06907   0.26066   0.12473   0.21934   0.22972   0.22023   1.23651   0.19783   1.79458   0.83783   1.86688   3.59982   2.82162   0.08169   1.00000  
 31  8.7858   7446.706519  x:  3.22890   0.14114   0.05561   0.42821   0.56980   0.78078   0.56584   0.84002   0.02871   0.07326   0.24197   0.74647   0.62398   0.06221   0.23411   0.70725   0.92503   0.94637   1.20995   0.90496   0.45777   0.43252   0.49244   0.17443   1.34356   0.41739   0.17974   0.06813   0.25831   0.12082   0.22013   0.22784   0.22705   1.25298   0.17443   1.83490   0.83640   1.88888   3.64108   2.85181   0.08183   1.00000  
 32  6.5310   7445.501280  x:  3.28740   0.11732   0.05768   0.44313   0.57824   0.81022   0.54736   0.80461   0.03813   0.09933   0.21550   0.76766   0.60443   0.00000   0.24985   0.76378   0.93623   0.91357   1.26695   0.90060   0.42272   0.41180   0.50176   0.18535   1.37425   0.44790   0.17704   0.06511   0.26375   0.10564   0.22370   0.22637   0.22855   1.29343   0.20491   1.92812   0.82023   1.92417   3.76846   2.97135   0.08211   1.00000  
 33  7.9599   7445.501280  x:  3.28740   0.11732   0.05768   0.44313   0.57824   0.81022   0.54736   0.80461   0.03813   0.09933   0.21550   0.76766   0.60443   0.00000   0.24985   0.76378   0.93623   0.91357   1.26695   0.90060   0.42272   0.41180   0.50176   0.18535   1.37425   0.44790   0.17704   0.06511   0.26375   0.10564   0.22370   0.22637   0.22855   1.29343   0.20491   1.92812   0.82023   1.92417   3.76846   2.97135   0.08211   1.00000  
 34 11.5031   7445.275973  x:  3.28757   0.11699   0.05807   0.44322   0.57837   0.81026   0.54747   0.80477   0.03880   0.09980   0.21585   0.76777   0.60471   0.00016   0.25012   0.76388   0.93646   0.91384   1.26696   0.90100   0.42302   0.41173   0.50169   0.18558   1.37438   0.44790   0.17719   0.06439   0.26355   0.10523   0.22307   0.22567   0.22788   1.29347   0.20471   1.92813   0.82022   1.92397   3.76873   2.97110   0.08642   1.00000  
 35 96.0516   7443.688246  x:  3.29404   0.10436   0.07336   0.44656   0.58356   0.81182   0.55197   0.81125   0.06512   0.11833   0.23004   0.77194   0.61587   0.00624   0.26077   0.76783   0.94512   0.92436   1.26695   0.91669   0.43502   0.40913   0.49928   0.19485   1.37919   0.44815   0.18435   0.03741   0.25634   0.09059   0.19945   0.19908   0.20125   1.29487   0.19677   1.92807   0.82009   1.91574   3.77964   2.96079   0.08569   1.00000  
 36 48.1380   7442.961926  x:  3.30375   0.08949   0.07390   0.44719   0.58847   0.81333   0.55698   0.81943   0.06542   0.12383   0.23996   0.77576   0.62728   0.00294   0.27242   0.77163   0.95630   0.93852   1.26608   0.93527   0.44522   0.40376   0.49582   0.19910   1.38478   0.44479   0.20596   0.05016   0.25604   0.10638   0.19325   0.19024   0.16560   1.29679   0.18713   1.92800   0.82034   1.90544   3.79155   2.94979   0.08594   1.00000  
 37 32.5912   7442.734596  x:  3.30699   0.08741   0.07195   0.44672   0.58958   0.81360   0.55804   0.82165   0.06150   0.12252   0.24108   0.77641   0.62975   0.00000   0.27532   0.77243   0.95942   0.94271   1.26557   0.94032   0.44706   0.40204   0.49488   0.19936   1.38631   0.44325   0.20596   0.04699   0.25536   0.10620   0.19505   0.19176   0.15652   1.29761   0.18481   1.92797   0.82069   1.90253   3.79334   2.94831   0.08593   1.00000  
 38 31.6900   7442.458418  x:  3.32665   0.10764   0.07580   0.44303   0.59450   0.81306   0.55829   0.82946   0.05588   0.11562   0.23894   0.77538   0.63586   0.00000   0.28723   0.77434   0.97242   0.96205   1.26058   0.96321   0.45091   0.39659   0.49274   0.20353   1.39352   0.43926   0.19808   0.06041   0.25635   0.09077   0.19382   0.19086   0.13850   1.30501   0.18049   1.92705   0.82612   1.89071   3.79407   2.94947   0.08580   1.00000  
 39 15.0800   7442.255757  x:  3.35058   0.13023   0.07890   0.43930   0.59996   0.81185   0.55631   0.83629   0.06061   0.11205   0.23614   0.77321   0.64003   0.00000   0.29778   0.77464   0.98439   0.98153   1.25362   0.98509   0.45360   0.39454   0.49292   0.20806   1.40146   0.43648   0.18732   0.05821   0.26093   0.10473   0.19228   0.19249   0.13108   1.31420   0.17898   1.92574   0.83340   1.88143   3.79092   2.95497   0.08577   1.00000  
 40 18.3944   7441.996567  x:  3.40582   0.14355   0.05972   0.43304   0.61037   0.81003   0.54950   0.84662   0.06881   0.11329   0.23439   0.77048   0.64347   0.00000   0.31010   0.76889   1.00051   1.01338   1.23718   1.01543   0.45617   0.40357   0.50049   0.21064   1.41729   0.43505   0.20842   0.05172   0.25819   0.10435   0.19632   0.19460   0.13628   1.33277   0.18148   1.92317   0.84918   1.87697   3.77149   2.98000   0.08566   1.00000  
 41 10.9522   7441.637436  x:  3.52044   0.11633   0.08066   0.43437   0.63317   0.81444   0.54631   0.86700   0.06060   0.11807   0.24488   0.77743   0.65356   0.00000   0.32764   0.75137   1.01808   1.05789   1.21132   1.04509   0.46095   0.42374   0.51538   0.21664   1.44681   0.44785   0.20398   0.05691   0.26647   0.10459   0.20779   0.19984   0.14778   1.36473   0.18533   1.92073   0.87686   1.88546   3.73729   3.02612   0.08554   1.00000  
 42 12.6357   7441.506272  x:  3.57318   0.10919   0.07340   0.43892   0.64104   0.82133   0.55222   0.87676   0.05493   0.11286   0.24930   0.78609   0.65886   0.00000   0.33553   0.74412   1.02085   1.06995   1.20652   1.04726   0.46307   0.42394   0.51620   0.21389   1.45916   0.45273   0.19836   0.05870   0.26948   0.10558   0.19334   0.20027   0.15545   1.37734   0.18730   1.92294   0.88686   1.89114   3.73224   3.03690   0.08531   1.00000  
 43 13.6498   7441.294291  x:  3.67914   0.10881   0.06667   0.45153   0.65167   0.83880   0.56854   0.89353   0.06448   0.10721   0.25675   0.80584   0.66893   0.00000   0.35185   0.73224   1.02048   1.08385   1.20545   1.04070   0.46892   0.41722   0.51234   0.21054   1.48211   0.46349   0.19618   0.06110   0.27007   0.10357   0.20332   0.20722   0.16940   1.39940   0.18852   1.93137   0.90160   1.90160   3.73965   3.04139   0.08511   1.00000  
 44 17.5166   7441.100117  x:  3.79139   0.11824   0.07435   0.45425   0.64755   0.85397   0.57680   0.89880   0.05418   0.10324   0.24901   0.81728   0.66879   0.00000   0.36484   0.72420   1.01456   1.08679   1.21234   1.02576   0.46983   0.41268   0.50999   0.20637   1.50017   0.46753   0.20616   0.05442   0.26640   0.10707   0.20932   0.19278   0.16785   1.41506   0.18242   1.94496   0.90635   1.90707   3.74154   3.05269   0.08471   1.00000  
 45 14.8795   7440.828178  x:  3.96559   0.12593   0.08071   0.45156   0.63168   0.87147   0.57838   0.89465   0.05668   0.11600   0.23688   0.82474   0.66329   0.00000   0.37975   0.71790   1.00397   1.08333   1.22744   1.00382   0.47265   0.41471   0.51478   0.20257   1.52144   0.46561   0.21289   0.05271   0.26686   0.10599   0.20112   0.21152   0.14942   1.43113   0.17113   1.96973   0.90435   1.90930   3.74498   3.07050   0.08418   1.00000  
 46 24.2680   7440.635752  x:  4.09324   0.12294   0.06578   0.44951   0.62075   0.87842   0.57303   0.88535   0.06269   0.12622   0.23500   0.82322   0.65968   0.00000   0.38394   0.71855   0.99832   1.07731   1.23972   0.99537   0.47270   0.41929   0.52276   0.20476   1.53042   0.46135   0.19993   0.05790   0.27235   0.10587   0.20738   0.20173   0.13593   1.43689   0.17074   1.99009   0.89900   1.90602   3.75115   3.08072   0.08370   1.00000  
 47 24.1839   7440.325985  x:  4.32106   0.11383   0.06457   0.45767   0.61874   0.87379   0.55603   0.86219   0.05368   0.11836   0.24687   0.80258   0.66010   0.00000   0.37081   0.73521   0.99914   1.06139   1.26187   1.00917   0.45945   0.41884   0.53065   0.23321   1.52546   0.45933   0.20085   0.05524   0.26435   0.10595   0.20457   0.20383   0.14244   1.43280   0.19400   2.02988   0.88159   1.88818   3.78429   3.07976   0.08298   1.00000  
 48 14.9432   7440.144842  x:  4.45763   0.10471   0.06929   0.46127   0.62472   0.86158   0.55769   0.85994   0.06110   0.10687   0.24977   0.78958   0.66044   0.00000   0.34489   0.75302   1.00622   1.05164   1.26894   1.02645   0.45750   0.40812   0.51569   0.22243   1.50611   0.44515   0.20390   0.05297   0.27489   0.10356   0.20498   0.20319   0.14769   1.41918   0.19203   2.05160   0.85996   1.88884   3.79603   3.08989   0.08248   1.00000  
 49 13.5917   7440.050924  x:  4.52967   0.10676   0.06962   0.45878   0.62834   0.85137   0.56513   0.86568   0.05746   0.11477   0.25187   0.78760   0.66276   0.00000   0.32683   0.76701   1.01385   1.04741   1.27022   1.03640   0.46420   0.41216   0.51098   0.21373   1.48967   0.44364   0.19999   0.05458   0.26155   0.10564   0.20517   0.20306   0.15230   1.40765   0.18814   2.06116   0.84829   1.89493   3.80542   3.09389   0.08225   1.00000  
 50 12.6004   7440.005093  x:  4.56590   0.11001   0.06863   0.45287   0.62876   0.84455   0.57105   0.87185   0.05440   0.11632   0.24935   0.79111   0.66416   0.00000   0.31597   0.77744   1.02010   1.04635   1.26995   1.03896   0.46997   0.41935   0.51299   0.21529   1.47826   0.45231   0.20183   0.05235   0.26933   0.10445   0.20497   0.20291   0.15204   1.39904   0.18791   2.06413   0.84569   1.90064   3.81372   3.09425   0.08223   1.00000  
 51  7.2957   7439.983757  x:  4.58287   0.10927   0.06824   0.44733   0.62833   0.84123   0.57245   0.87479   0.05831   0.11083   0.24722   0.79573   0.66489   0.00000   0.31050   0.78489   1.02403   1.04685   1.27019   1.03684   0.47022   0.41840   0.51333   0.21811   1.47131   0.45951   0.20154   0.05265   0.26591   0.10499   0.20472   0.20305   0.14719   1.39279   0.19017   2.06358   0.84890   1.90310   3.81508   3.09913   0.08216   1.00000  
 52  3.7335   7439.968618  x:  4.59498   0.11105   0.06855   0.44342   0.62975   0.84050   0.57046   0.87543   0.05732   0.11406   0.25217   0.80116   0.66689   0.00000   0.30872   0.79305   1.02743   1.04848   1.27224   1.03286   0.46853   0.41341   0.51323   0.21631   1.46541   0.46065   0.20254   0.05199   0.26718   0.10493   0.20514   0.20342   0.14523   1.38698   0.19362   2.06025   0.85724   1.90166   3.81709   3.10506   0.08214   1.00000  
 53  2.1026   7439.952837  x:  4.60736   0.11061   0.06950   0.44455   0.63560   0.84455   0.56834   0.87570   0.05792   0.11071   0.25289   0.80379   0.66528   0.00000   0.30834   0.80255   1.03015   1.05128   1.27664   1.02905   0.47140   0.41663   0.51839   0.21337   1.46152   0.45684   0.20310   0.05147   0.26671   0.10487   0.20530   0.20329   0.14543   1.38182   0.18965   2.05249   0.86784   1.89662   3.82411   3.11173   0.08211   1.00000  
 54  1.5687   7439.930845  x:  4.62382   0.10825   0.06685   0.44443   0.63959   0.85178   0.56847   0.87709   0.05610   0.11328   0.25120   0.80102   0.66292   0.00000   0.30603   0.81113   1.03025   1.05399   1.28354   1.03026   0.47402   0.41409   0.51341   0.22170   1.46313   0.45797   0.20256   0.05116   0.26700   0.10484   0.20574   0.20380   0.14763   1.37916   0.17826   2.03748   0.87797   1.89328   3.83528   3.12643   0.08206   1.00000  
 55  1.6560   7439.878536  x:  4.66162   0.10710   0.06732   0.43784   0.63319   0.86210   0.57338   0.88363   0.05506   0.11055   0.25397   0.79704   0.67269   0.00000   0.29602   0.81473   1.02421   1.05761   1.29783   1.04541   0.47009   0.41759   0.51372   0.22012   1.47971   0.45303   0.20291   0.04914   0.26649   0.10461   0.20644   0.20441   0.14107   1.38622   0.17865   2.00012   0.89026   1.89899   3.87333   3.16264   0.08193   1.00000  
 56  2.0097   7439.832992  x:  4.69300   0.10842   0.06588   0.44929   0.63970   0.85774   0.56717   0.88263   0.05191   0.11113   0.25041   0.80554   0.67169   0.00000   0.29567   0.81080   1.02627   1.06465   1.30037   1.05054   0.48040   0.41245   0.51496   0.21511   1.49244   0.46034   0.20342   0.04732   0.26659   0.10456   0.20756   0.20547   0.13189   1.39756   0.18661   1.98067   0.88008   1.89733   3.90743   3.20204   0.08180   1.00000  
 57  2.3494   7439.788280  x:  4.72220   0.10492   0.06469   0.44644   0.63606   0.84732   0.57267   0.88895   0.05045   0.10779   0.25474   0.81357   0.67291   0.00000   0.31352   0.80442   1.03824   1.07679   1.29459   1.04579   0.47463   0.41282   0.51727   0.21616   1.49823   0.45943   0.20305   0.04619   0.26672   0.10437   0.20927   0.20684   0.13502   1.40817   0.18202   1.98330   0.86411   1.88686   3.94507   3.24452   0.08165   1.00000  
 58  2.4864   7439.752502  x:  4.74493   0.10323   0.06386   0.44884   0.64061   0.84777   0.58071   0.89359   0.04831   0.10949   0.24906   0.80480   0.67372   0.00000   0.32772   0.79221   1.04584   1.08413   1.27763   1.04190   0.47393   0.41315   0.51474   0.21932   1.49553   0.45259   0.20282   0.04511   0.26656   0.10419   0.21045   0.20771   0.12908   1.41274   0.18805   2.00773   0.87156   1.89027   3.98063   3.28102   0.08149   1.00000  
 59  2.3489   7439.732789  x:  4.75741   0.10633   0.06295   0.44793   0.64176   0.85207   0.57673   0.89043   0.04704   0.10513   0.25568   0.80471   0.68021   0.00000   0.33263   0.78167   1.04472   1.08535   1.26651   1.04555   0.47825   0.41300   0.51595   0.22000   1.49336   0.45461   0.20312   0.04433   0.26656   0.10429   0.21119   0.20853   0.12635   1.41275   0.18004   2.02886   0.87748   1.89473   4.00095   3.30480   0.08146   1.00000  
 60  2.5989   7439.726911  x:  4.76148   0.10424   0.06340   0.44498   0.64055   0.85633   0.57533   0.89070   0.04702   0.10554   0.25294   0.80851   0.67907   0.00000   0.33470   0.78005   1.04190   1.08661   1.26452   1.05219   0.47894   0.41233   0.51553   0.21639   1.49413   0.45782   0.20284   0.04422   0.26654   0.10423   0.21143   0.20870   0.12823   1.41103   0.17992   2.03855   0.88024   1.89176   4.01001   3.31312   0.08143   1.00000  
 61  1.1748   7439.723961  x:  4.76439   0.10558   0.06331   0.44626   0.64293   0.86026   0.57678   0.89411   0.04722   0.10580   0.25488   0.81083   0.67743   0.00000   0.33400   0.78196   1.03837   1.08908   1.26617   1.05472   0.47710   0.41399   0.51592   0.21736   1.49695   0.45831   0.20320   0.04417   0.26688   0.10436   0.21164   0.20898   0.12704   1.40864   0.18103   2.04552   0.87842   1.89104   4.01593   3.32352   0.08141   1.00000  
 62  0.5483   7439.719820  x:  4.77002   0.10530   0.06383   0.44563   0.64308   0.86274   0.57558   0.89724   0.04742   0.10564   0.25458   0.81064   0.68122   0.00000   0.33387   0.78868   1.03697   1.09573   1.27197   1.05507   0.48148   0.41349   0.51687   0.21860   1.50306   0.45709   0.20351   0.04421   0.26715   0.10442   0.21192   0.20910   0.12889   1.40885   0.18311   2.05589   0.87635   1.89378   4.03015   3.34243   0.08136   1.00000  
 63  0.7092   7439.714916  x:  4.77905   0.10525   0.06384   0.44756   0.64528   0.86172   0.57532   0.89728   0.04832   0.10697   0.25360   0.80992   0.68369   0.00000   0.32985   0.79378   1.04004   1.10035   1.27771   1.05510   0.47774   0.41456   0.51720   0.21617   1.50794   0.46068   0.20360   0.04428   0.26738   0.10435   0.21183   0.20899   0.12844   1.41644   0.18056   2.06551   0.87879   1.89492   4.05449   3.36810   0.08131   1.00000  
 64  0.8729   7439.706775  x:  4.79672   0.10588   0.06436   0.44803   0.64408   0.86011   0.58078   0.89724   0.04910   0.10649   0.25720   0.81355   0.68020   0.00000   0.32447   0.79557   1.04596   1.09818   1.28453   1.05749   0.48270   0.41569   0.51639   0.21775   1.51062   0.45958   0.20402   0.04463   0.26779   0.10448   0.21224   0.20934   0.12869   1.42943   0.18121   2.07477   0.88476   1.89223   4.09842   3.41855   0.08126   1.00000  
 65  1.4935   7439.692820  x:  4.83066   0.10725   0.06377   0.45097   0.64706   0.86431   0.58408   0.89785   0.05011   0.10789   0.25312   0.81933   0.68309   0.00000   0.33067   0.79448   1.05527   1.08941   1.29000   1.06480   0.48054   0.41214   0.52387   0.22077   1.50888   0.45744   0.20389   0.04558   0.26848   0.10463   0.21320   0.21019   0.13081   1.43452   0.18058   2.07689   0.88557   1.89767   4.18197   3.51056   0.08121   1.00000  
 66  2.0350   7439.673414  x:  4.88006   0.11043   0.06296   0.45092   0.64821   0.87150   0.57969   0.90078   0.05175   0.10605   0.25423   0.81589   0.68683   0.00000   0.33933   0.78911   1.06212   1.08641   1.28729   1.06374   0.48085   0.42009   0.51481   0.21720   1.51004   0.46242   0.20312   0.04688   0.26918   0.10469   0.21403   0.21116   0.13241   1.43108   0.18433   2.07228   0.88422   1.89657   4.30631   3.63931   0.08115   1.00000  
 67  4.2010   7439.655495  x:  4.92612   0.11210   0.06287   0.44756   0.64795   0.87215   0.57690   0.90615   0.05269   0.10607   0.25572   0.81122   0.68226   0.00000   0.33561   0.78057   1.05784   1.09495   1.27272   1.05845   0.48094   0.41390   0.52007   0.21612   1.51499   0.46248   0.20214   0.04792   0.26892   0.10444   0.21404   0.21123   0.13458   1.42537   0.18314   2.06563   0.88401   1.89415   4.42919   3.75563   0.08112   1.00000  
 68  5.2145   7439.649051  x:  4.94191   0.11215   0.06278   0.44743   0.64842   0.86601   0.57600   0.90226   0.05285   0.10586   0.25485   0.81592   0.68035   0.00000   0.33830   0.78005   1.04880   1.10167   1.26697   1.05866   0.47945   0.41572   0.51668   0.21846   1.51409   0.45832   0.20167   0.04824   0.26866   0.10429   0.21382   0.21106   0.13490   1.42449   0.18218   2.06246   0.88565   1.89762   4.47692   3.79893   0.08112   1.00000  
 69  2.4661   7439.645403  x:  4.94926   0.11218   0.06266   0.44906   0.64793   0.86198   0.58089   0.89959   0.05313   0.10571   0.25515   0.81325   0.68259   0.00000   0.34282   0.78107   1.03968   1.10459   1.26501   1.05935   0.48053   0.41514   0.51787   0.21751   1.50992   0.46064   0.20194   0.04818   0.26880   0.10428   0.21378   0.21100   0.13462   1.42518   0.18213   2.06029   0.88635   1.89558   4.50487   3.82858   0.08112   1.00000  
 70  1.2936   7439.632600  x:  4.95811   0.10993   0.06424   0.44897   0.64323   0.87231   0.57800   0.89885   0.05327   0.10651   0.25891   0.81193   0.67763   0.00000   0.34649   0.78492   1.04105   1.10637   1.25894   1.06015   0.48045   0.41408   0.51827   0.21769   1.50093   0.46175   0.20306   0.04706   0.26833   0.10416   0.21235   0.20943   0.13265   1.43191   0.18289   2.05670   0.88070   1.89916   4.63533   3.95496   0.08105   1.00000  
 71  0.6084   7439.613842  x:  4.96683   0.10761   0.06556   0.44844   0.64502   0.87358   0.57583   0.90034   0.05267   0.10944   0.25348   0.81642   0.68822   0.00000   0.34006   0.78201   1.04142   1.09981   1.25807   1.05673   0.48048   0.41592   0.51713   0.22185   1.50096   0.45774   0.20433   0.04608   0.26830   0.10417   0.21104   0.20802   0.13143   1.43052   0.18272   2.05558   0.87860   1.89073   4.82803   4.14769   0.08099   1.00000  
 72  5.0031   7439.580425  x:  4.97655   0.10564   0.06752   0.44480   0.64871   0.85765   0.57540   0.90048   0.04948   0.10939   0.25560   0.81221   0.68006   0.00000   0.33988   0.78149   1.04458   1.08721   1.27772   1.05596   0.48131   0.41523   0.51865   0.21931   1.51431   0.46047   0.20517   0.04493   0.26830   0.10435   0.20999   0.20710   0.12970   1.41528   0.18073   2.05767   0.88359   1.89435   5.17812   4.49523   0.08092   1.00000  
 73  8.5981   7439.565036  x:  4.97497   0.10632   0.06745   0.45062   0.63987   0.86302   0.58015   0.89057   0.04610   0.10891   0.25382   0.81331   0.67958   0.00000   0.32817   0.79108   1.04516   1.09224   1.28522   1.05390   0.47942   0.41604   0.51925   0.21876   1.51188   0.46112   0.20436   0.04552   0.26880   0.10471   0.21086   0.20825   0.13060   1.41453   0.18198   2.05917   0.88189   1.89499   5.34114   4.66089   0.08090   1.00000  
 74  4.0874   7439.561248  x:  4.97084   0.10633   0.06705   0.44635   0.64387   0.86363   0.57588   0.89549   0.04542   0.10844   0.25339   0.81248   0.67909   0.00000   0.32657   0.79496   1.03968   1.09000   1.28734   1.05248   0.47901   0.41590   0.51918   0.21880   1.50724   0.46079   0.20391   0.04581   0.26880   0.10477   0.21116   0.20864   0.13030   1.42153   0.18234   2.05971   0.88042   1.89493   5.38907   4.70787   0.08091   1.00000  
 75  1.3028   7439.524759  x:  4.86380   0.10733   0.06238   0.45203   0.63813   0.85979   0.57561   0.89659   0.04971   0.10535   0.25412   0.81098   0.67932   0.00000   0.33265   0.80517   1.03835   1.07738   1.26271   1.05255   0.47783   0.41447   0.51767   0.21678   1.51196   0.45905   0.20274   0.04592   0.26833   0.10450   0.21149   0.20899   0.13130   1.41949   0.18188   2.05798   0.88111   1.89414   6.00910   5.32425   0.08119   1.00000  
 76  0.7887   7439.509479  x:  4.81937   0.10747   0.06086   0.44548   0.64376   0.86249   0.57829   0.89117   0.05237   0.10518   0.25382   0.81012   0.67855   0.00000   0.33201   0.78688   1.04027   1.08916   1.27188   1.05165   0.47822   0.41382   0.51696   0.21686   1.50073   0.45857   0.20233   0.04586   0.26798   0.10437   0.21142   0.20891   0.13191   1.41620   0.18328   2.05647   0.87812   1.89452   6.27460   5.58655   0.08133   1.00000  
 77  7.1004   7439.508485  x:  4.81706   0.10742   0.06085   0.44886   0.64061   0.86128   0.57611   0.89473   0.05233   0.10538   0.25361   0.81021   0.67851   0.00000   0.33205   0.78479   1.04004   1.09040   1.27363   1.05212   0.47801   0.41389   0.51688   0.21719   1.49853   0.45841   0.20232   0.04589   0.26797   0.10437   0.21142   0.20893   0.13195   1.41570   0.18280   2.05642   0.87929   1.89444   6.30396   5.61600   0.08134   1.00000  
 78  0.8156   7439.494127  x:  4.79213   0.10774   0.06602   0.44762   0.64452   0.85957   0.57713   0.89576   0.04888   0.10757   0.25476   0.81073   0.67982   0.00000   0.33424   0.78318   1.04169   1.09281   1.27026   1.05484   0.47898   0.41468   0.51661   0.21768   1.50206   0.45909   0.20299   0.04628   0.26776   0.10409   0.21193   0.20936   0.13186   1.41485   0.18157   2.05096   0.88083   1.89409   6.98804   6.30117   0.08147   1.00000  
 79  0.9823   7439.485460  x:  4.83747   0.10767   0.06281   0.44659   0.64292   0.86081   0.57640   0.89467   0.04962   0.10656   0.25377   0.81102   0.67933   0.00000   0.33025   0.79010   1.04059   1.09127   1.27532   1.05433   0.47905   0.41448   0.51748   0.21801   1.50243   0.45914   0.20290   0.04570   0.26851   0.10427   0.21158   0.20868   0.13026   1.41672   0.18213   2.05091   0.88015   1.89364   8.01725   7.33087   0.08129   1.00000  
 80  0.4947   7439.482333  x:  4.82373   0.10752   0.06458   0.44786   0.64388   0.86102   0.57725   0.89511   0.04989   0.10678   0.25456   0.81080   0.67960   0.00000   0.33407   0.78448   1.04141   1.09124   1.27082   1.05381   0.47866   0.41458   0.51691   0.21756   1.50243   0.45903   0.20290   0.04622   0.26781   0.10429   0.21170   0.20919   0.13221   1.41636   0.18215   2.05500   0.88013   1.89443   8.77350   8.08730   0.08136   1.00000  
 81  0.5170   7439.480885  x:  4.82539   0.10767   0.06375   0.44702   0.64321   0.86070   0.57668   0.89505   0.04952   0.10714   0.25400   0.81105   0.67955   0.00000   0.33195   0.78791   1.04085   1.09145   1.27345   1.05424   0.47910   0.41451   0.51720   0.21791   1.50268   0.45916   0.20293   0.04589   0.26827   0.10420   0.21163   0.20894   0.13071   1.41628   0.18192   2.05153   0.88052   1.89389   9.93566   9.24908   0.08135   1.00000  
 82  0.5157   7439.480418  x:  4.82450   0.10756   0.06423   0.44754   0.64374   0.86082   0.57706   0.89497   0.04982   0.10662   0.25440   0.81079   0.67949   0.00000   0.33305   0.78571   1.04121   1.09130   1.27185   1.05396   0.47870   0.41457   0.51702   0.21762   1.50227   0.45904   0.20290   0.04608   0.26795   0.10428   0.21170   0.20908   0.13181   1.41630   0.18214   2.05372   0.88009   1.89422  10.66962   9.98333   0.08135   1.00000  
 83  0.4986   7439.480213  x:  4.82543   0.10762   0.06397   0.44730   0.64339   0.86085   0.57685   0.89508   0.04962   0.10710   0.25419   0.81097   0.67960   0.00000   0.33273   0.78681   1.04107   1.09138   1.27256   1.05414   0.47899   0.41453   0.51711   0.21783   1.50268   0.45912   0.20289   0.04604   0.26813   0.10422   0.21164   0.20901   0.13115   1.41636   0.18201   2.05282   0.88040   1.89406  11.70046  11.01402   0.08136   1.00000  
 84  0.4747   7439.480133  x:  4.82505   0.10760   0.06414   0.44741   0.64362   0.86080   0.57697   0.89500   0.04976   0.10671   0.25429   0.81086   0.67949   0.00000   0.33276   0.78624   1.04111   1.09133   1.27225   1.05400   0.47878   0.41455   0.51707   0.21768   1.50234   0.45907   0.20293   0.04601   0.26803   0.10427   0.21169   0.20905   0.13157   1.41630   0.18209   2.05319   0.88020   1.89414  12.45064  11.76428   0.08134   1.00000  
 85  0.5000   7439.480098  x:  4.82484   0.10757   0.06404   0.44739   0.64351   0.86083   0.57692   0.89504   0.04968   0.10695   0.25428   0.81090   0.67956   0.00000   0.33286   0.78641   1.04113   1.09135   1.27229   1.05408   0.47890   0.41454   0.51708   0.21777   1.50256   0.45910   0.20287   0.04609   0.26806   0.10423   0.21166   0.20903   0.13137   1.41634   0.18207   2.05316   0.88027   1.89411  13.45139  12.76500   0.08136   1.00000  
 86  0.4925   7439.480085  x:  4.82513   0.10762   0.06410   0.44738   0.64356   0.86081   0.57694   0.89502   0.04973   0.10681   0.25426   0.81089   0.67952   0.00000   0.33274   0.78641   1.04109   1.09134   1.27235   1.05404   0.47883   0.41454   0.51707   0.21771   1.50242   0.45908   0.20294   0.04600   0.26806   0.10426   0.21168   0.20904   0.13146   1.41631   0.18207   2.05307   0.88026   1.89412  14.19423  13.50784   0.08135   1.00000  
 87  0.5029   7439.480079  x:  4.82495   0.10756   0.06408   0.44740   0.64355   0.86082   0.57694   0.89502   0.04972   0.10685   0.25429   0.81089   0.67954   0.00000   0.33283   0.78632   1.04112   1.09134   1.27227   1.05405   0.47885   0.41455   0.51708   0.21774   1.50248   0.45909   0.20288   0.04607   0.26805   0.10424   0.21167   0.20904   0.13144   1.41632   0.18207   2.05319   0.88024   1.89413  15.17165  14.48529   0.08135   1.00000  
 88  0.4986   7439.480076  x:  4.82505   0.10762   0.06408   0.44738   0.64354   0.86082   0.57694   0.89502   0.04971   0.10685   0.25426   0.81089   0.67953   0.00000   0.33278   0.78641   1.04111   1.09134   1.27233   1.05406   0.47885   0.41454   0.51707   0.21773   1.50246   0.45908   0.20292   0.04602   0.26806   0.10425   0.21167   0.20904   0.13144   1.41632   0.18207   2.05309   0.88027   1.89412  15.92499  15.23860   0.08135   1.00000  
 89  0.5059   7439.480075  x:  4.82501   0.10758   0.06409   0.44739   0.64355   0.86082   0.57694   0.89502   0.04972   0.10683   0.25428   0.81089   0.67953   0.00000   0.33280   0.78635   1.04111   1.09134   1.27230   1.05404   0.47884   0.41455   0.51708   0.21773   1.50245   0.45908   0.20290   0.04605   0.26805   0.10425   0.21168   0.20904   0.13145   1.41632   0.18207   2.05315   0.88024   1.89412  16.91644  16.23007   0.08135   1.00000  
 90  0.5033   7439.480075  x:  4.82502   0.10760   0.06408   0.44739   0.64355   0.86082   0.57694   0.89502   0.04971   0.10685   0.25427   0.81089   0.67953   0.00000   0.33279   0.78639   1.04111   1.09134   1.27231   1.05406   0.47885   0.41455   0.51707   0.21773   1.50247   0.45908   0.20291   0.04603   0.26806   0.10425   0.21167   0.20904   0.13144   1.41632   0.18207   2.05312   0.88026   1.89412  17.67361  16.98722   0.08135   1.00000  
 91  0.5051   7439.480075  x:  4.82503   0.10759   0.06409   0.44739   0.64355   0.86082   0.57694   0.89502   0.04972   0.10684   0.25427   0.81089   0.67953   0.00000   0.33279   0.78638   1.04111   1.09134   1.27231   1.05405   0.47885   0.41455   0.51708   0.21773   1.50245   0.45908   0.20291   0.04604   0.26806   0.10425   0.21167   0.20904   0.13144   1.41632   0.18207   2.05312   0.88025   1.89412  18.66238  17.97600   0.08135   1.00000  
 92  0.4984   7439.480075  x:  4.82502   0.10760   0.06408   0.44739   0.64355   0.86082   0.57694   0.89502   0.04972   0.10685   0.25427   0.81089   0.67953   0.00000   0.33279   0.78638   1.04111   1.09134   1.27231   1.05405   0.47885   0.41455   0.51707   0.21773   1.50246   0.45908   0.20291   0.04604   0.26805   0.10425   0.21167   0.20904   0.13145   1.41632   0.18207   2.05313   0.88025   1.89412  19.39476  18.70838   0.08135   1.00000  
 93  0.4897   7439.480075  x:  4.82503   0.10760   0.06408   0.44739   0.64355   0.86082   0.57694   0.89502   0.04972   0.10684   0.25427   0.81089   0.67953   0.00000   0.33279   0.78638   1.04111   1.09134   1.27232   1.05405   0.47885   0.41455   0.51708   0.21773   1.50246   0.45908   0.20291   0.04604   0.26806   0.10425   0.21167   0.20904   0.13144   1.41632   0.18207   2.05312   0.88025   1.89412  20.77774  20.09136   0.08135   1.00000  
 94  0.5821   7439.480074  x:  4.82502   0.10760   0.06408   0.44739   0.64355   0.86082   0.57694   0.89502   0.04972   0.10684   0.25427   0.81089   0.67953   0.00000   0.33279   0.78638   1.04111   1.09134   1.27231   1.05405   0.47885   0.41455   0.51707   0.21773   1.50246   0.45908   0.20291   0.04604   0.26805   0.10425   0.21167   0.20904   0.13145   1.41632   0.18207   2.05313   0.88025   1.89412  21.66938  20.98300   0.08135   1.00000  
 95  0.6671   7439.480074  x:  4.82502   0.10760   0.06408   0.44739   0.64355   0.86082   0.57694   0.89502   0.04972   0.10685   0.25427   0.81089   0.67953   0.00000   0.33279   0.78638   1.04111   1.09134   1.27231   1.05405   0.47885   0.41455   0.51707   0.21773   1.50246   0.45908   0.20291   0.04604   0.26806   0.10425   0.21167   0.20904   0.13144   1.41632   0.18207   2.05312   0.88025   1.89412  23.68270  22.99632   0.08135   1.00000  
 96  0.7676   7439.480074  x:  4.82502   0.10760   0.06408   0.44739   0.64355   0.86082   0.57694   0.89502   0.04972   0.10685   0.25427   0.81089   0.67953   0.00000   0.33279   0.78638   1.04111   1.09134   1.27231   1.05405   0.47885   0.41455   0.51707   0.21773   1.50246   0.45908   0.20291   0.04604   0.26806   0.10425   0.21167   0.20904   0.13144   1.41632   0.18207   2.05312   0.88025   1.89412  24.18603  23.49965   0.08135   1.00000  
 97 21.6465   7439.480074  x:  4.82502   0.10760   0.06408   0.44739   0.64355   0.86082   0.57694   0.89502   0.04972   0.10684   0.25427   0.81089   0.67953   0.00000   0.33279   0.78638   1.04111   1.09134   1.27231   1.05405   0.47885   0.41455   0.51707   0.21773   1.50246   0.45908   0.20291   0.04604   0.26806   0.10425   0.21167   0.20904   0.13144   1.41632   0.18207   2.05312   0.88025   1.89412  23.76103  23.07465   0.08135   1.00000  
 98  0.7118   7439.480074  x:  4.82502   0.10760   0.06408   0.44739   0.64355   0.86082   0.57694   0.89502   0.04972   0.10684   0.25427   0.81089   0.67953   0.00000   0.33279   0.78638   1.04111   1.09134   1.27231   1.05405   0.47885   0.41455   0.51707   0.21773   1.50246   0.45908   0.20291   0.04604   0.26806   0.10425   0.21167   0.20904   0.13144   1.41632   0.18207   2.05312   0.88025   1.89412  23.76103  23.07466   0.08135   1.00000  
 99  0.0000   7439.480074  x:  4.82502   0.10760   0.06408   0.44739   0.64355   0.86082   0.57694   0.89502   0.04972   0.10684   0.25427   0.81089   0.67953   0.00000   0.33279   0.78638   1.04111   1.09134   1.27231   1.05405   0.47885   0.41455   0.51707   0.21773   1.50246   0.45908   0.20291   0.04604   0.26806   0.10425   0.21167   0.20904   0.13144   1.41632   0.18207   2.05313   0.88025   1.89412  23.76103  23.07465   0.08135   1.00000  
100  0.0000   7439.480074  x:  4.82502   0.10760   0.06408   0.44739   0.64355   0.86082   0.57694   0.89502   0.04972   0.10684   0.25427   0.81089   0.67953   0.00000   0.33279   0.78638   1.04111   1.09134   1.27231   1.05405   0.47885   0.41455   0.51707   0.21773   1.50246   0.45908   0.20291   0.04604   0.26806   0.10425   0.21167   0.20904   0.13144   1.41632   0.18207   2.05313   0.88025   1.89412  23.76103  23.07465   0.08135   1.00000  