

TREE # 1

  0  0.0000   9216.824425  x:  0.17444   0.02804   0.07307   0.00000   0.21220   0.15259   0.14764   0.15672   0.09176   0.01488   0.10164   0.09888   0.08304   0.02822   0.03654   0.11840   0.16638   0.13073   0.17006   0.12456   0.13600   0.08105   0.05011   0.02312   0.14692   0.15208   0.08109   0.04353   0.13235   0.02986   0.05286   0.04009   0.10565   0.11049   0.05181   0.16210   0.10351   2.00000   1.39835   0.16116   0.29812   1.40136  
  1 99.0000   8110.734738  x:  0.33806   0.14831   0.13417   0.32812   0.26332   0.21860   0.20654   0.22864   0.13408   0.10693   0.15921   0.22691   0.21345   0.09188   0.16546   0.18667   0.24306   0.24151   0.25588   0.23579   0.18616   0.17965   0.21778   0.13231   0.26934   0.19670   0.10890   0.05587   0.15025   0.08365   0.12646   0.14458   0.14697   0.24437   0.15037   0.28335   0.25590   1.99212   1.43155   0.12817   0.00000   1.40119  
  2 3558.7290   7957.709690  x:  0.53023   0.28953   0.20591   0.71339   0.32336   0.29613   0.27573   0.31311   0.18377   0.21502   0.22681   0.37726   0.36659   0.16663   0.31685   0.26685   0.33313   0.37161   0.35667   0.36642   0.24505   0.29544   0.41468   0.26052   0.41312   0.24911   0.14155   0.07034   0.17126   0.14679   0.21288   0.26726   0.19550   0.40161   0.26611   0.42576   0.43487   1.98287   1.47053   0.08943   0.00102   1.40099  
  3 19101.2019   7870.352738  x:  0.63338   0.27161   0.15012   0.70044   0.31929   0.31923   0.30890   0.36417   0.12213   0.15999   0.19158   0.39440   0.37100   0.13352   0.32325   0.29324   0.38479   0.43544   0.40624   0.39426   0.22385   0.26989   0.39101   0.22281   0.48324   0.24649   0.10267   0.00000   0.13960   0.06545   0.14292   0.19009   0.17933   0.44262   0.27007   0.50127   0.48321   1.98058   1.42297   0.13692   0.00101   1.40077  
  4 386.9064   7814.911175  x:  0.77961   0.23361   0.05759   0.66533   0.30835   0.35064   0.34610   0.42607   0.02198   0.07234   0.13919   0.41640   0.37459   0.08069   0.32514   0.32257   0.44874   0.51403   0.47072   0.43460   0.20218   0.23452   0.35175   0.15931   0.58323   0.24180   0.14652   0.12123   0.14801   0.02157   0.07623   0.09253   0.14171   0.49891   0.26252   0.60180   0.54128   1.97749   1.35656   0.20344   0.00099   1.40025  
  5 797.4774   7799.608149  x:  0.82072   0.21630   0.03503   0.64280   0.30337   0.35816   0.35276   0.43986   0.00000   0.05119   0.12765   0.42026   0.37411   0.06564   0.32127   0.32750   0.46352   0.53169   0.48642   0.44666   0.20464   0.22654   0.33690   0.14129   0.60973   0.23848   0.14406   0.12261   0.15741   0.05823   0.09545   0.09511   0.12479   0.51393   0.25271   0.62762   0.55171   1.97660   1.33600   0.22411   0.00098   1.40003  
  6 438.0394   7770.050615  x:  1.00737   0.11433   0.05070   0.48689   0.27782   0.38678   0.35651   0.47549   0.05062   0.05573   0.12836   0.43163   0.38162   0.02729   0.28866   0.33054   0.50670   0.58066   0.54101   0.51951   0.29290   0.22882   0.26927   0.10931   0.72384   0.23740   0.15190   0.15417   0.18587   0.00000   0.19051   0.19573   0.01518   0.58802   0.16140   0.72646   0.56374   1.97089   1.24299   0.31821   0.00096   1.39860  
  7 278.1038   7762.401392  x:  1.04354   0.09874   0.06398   0.44967   0.27693   0.39250   0.35515   0.48004   0.07066   0.06842   0.13647   0.43387   0.38518   0.02616   0.28219   0.32944   0.51288   0.58650   0.55055   0.53458   0.30979   0.23532   0.26306   0.11186   0.74308   0.24248   0.15392   0.15766   0.18847   0.01495   0.17552   0.19462   0.00000   0.60609   0.14177   0.74464   0.56255   1.96963   1.22449   0.33695   0.00095   1.39832  
  8 311.1818   7751.790659  x:  1.15549   0.12856   0.04263   0.29070   0.31617   0.41413   0.32559   0.46348   0.05581   0.07695   0.18243   0.44763   0.40569   0.03076   0.25849   0.30345   0.50307   0.56107   0.56675   0.57794   0.34886   0.30215   0.31829   0.14517   0.77061   0.27099   0.16701   0.15333   0.22790   0.01011   0.19428   0.17452   0.06864   0.69740   0.10007   0.79258   0.53593   1.96093   1.16210   0.40069   0.00094   1.39698  
  9 121.9660   7749.534736  x:  1.19371   0.11605   0.06306   0.26236   0.40615   0.42986   0.32764   0.45930   0.04157   0.05892   0.18923   0.45488   0.41761   0.03555   0.27092   0.30690   0.49759   0.53725   0.56921   0.58357   0.34048   0.29201   0.33246   0.15825   0.74703   0.27231   0.17180   0.16083   0.20018   0.01292   0.19078   0.19975   0.06807   0.72174   0.11365   0.80194   0.52405   1.95670   1.12797   0.43634   0.00094   1.39562  
 10 39.3266   7748.785606  x:  1.20958   0.10680   0.05530   0.25414   0.44546   0.43225   0.33646   0.46525   0.05150   0.07575   0.19546   0.45820   0.42438   0.03902   0.28539   0.32232   0.50301   0.53334   0.56927   0.58380   0.34078   0.28291   0.33614   0.15565   0.72805   0.26650   0.16974   0.16088   0.22119   0.01030   0.20144   0.18667   0.06215   0.72759   0.13152   0.80419   0.52132   1.95399   1.11746   0.44851   0.00094   1.39415  
 11 24.5731   7748.072513  x:  1.22735   0.12138   0.05076   0.25286   0.45357   0.42097   0.34720   0.47711   0.06823   0.06870   0.18398   0.46023   0.42850   0.01631   0.29851   0.34650   0.51826   0.54572   0.56654   0.57833   0.35044   0.29274   0.34892   0.16622   0.71134   0.27613   0.17865   0.15978   0.22923   0.01163   0.19781   0.19735   0.05958   0.73311   0.14994   0.80468   0.52127   1.95004   1.10815   0.46229   0.00094   1.39015  
 12 10.0725   7746.284238  x:  1.26838   0.15375   0.04011   0.28459   0.43286   0.39284   0.35704   0.49243   0.06275   0.06881   0.19199   0.48699   0.44737   0.05584   0.33883   0.38219   0.54517   0.56968   0.56647   0.59521   0.36262   0.31419   0.37311   0.18046   0.69345   0.29552   0.18815   0.16681   0.20536   0.01428   0.21249   0.20020   0.03281   0.74245   0.16556   0.80395   0.52940   1.94547   1.06579   0.51882   0.00093   1.37785  
 13 16.6227   7742.770340  x:  1.33616   0.19886   0.09107   0.41574   0.42104   0.41383   0.37557   0.50777   0.02961   0.05863   0.23134   0.53555   0.49639   0.05299   0.36273   0.38116   0.54321   0.59206   0.56511   0.62891   0.36940   0.31670   0.40177   0.21125   0.74033   0.30749   0.17660   0.17319   0.26763   0.01170   0.21387   0.21063   0.01481   0.78613   0.17154   0.82337   0.58161   1.94286   0.99646   0.62297   0.00091   1.34726  
 14 26.9184   7740.051051  x:  1.35782   0.19512   0.05535   0.49290   0.44236   0.47535   0.39662   0.52057   0.03219   0.10189   0.25068   0.54729   0.51372   0.03528   0.36840   0.37042   0.53743   0.61192   0.58634   0.65917   0.38776   0.32957   0.42914   0.21429   0.80762   0.29635   0.19390   0.18006   0.23150   0.01812   0.21814   0.23207   0.04052   0.82756   0.17945   0.85669   0.63241   1.95380   0.98559   0.66150   0.00090   1.32286  
 15 32.8760   7739.048335  x:  1.33720   0.16413   0.05454   0.52006   0.45598   0.50024   0.38559   0.51268   0.04904   0.09143   0.21003   0.53620   0.50435   0.05240   0.38738   0.37211   0.55017   0.62366   0.62547   0.67656   0.38559   0.34721   0.45617   0.23891   0.83450   0.29494   0.19959   0.17839   0.24034   0.01815   0.22818   0.22356   0.05130   0.84884   0.16710   0.87693   0.64088   1.97421   0.97539   0.68404   0.00089   1.31212  
 16 17.4342   7738.324322  x:  1.30531   0.15294   0.04261   0.52495   0.44885   0.49497   0.38527   0.52489   0.04652   0.11103   0.19955   0.54889   0.52397   0.05091   0.40048   0.36813   0.57014   0.62924   0.65855   0.67823   0.37426   0.34009   0.46304   0.25064   0.83823   0.28016   0.19328   0.18294   0.25096   0.01808   0.21373   0.24871   0.06873   0.87258   0.15818   0.89942   0.63107   1.99826   0.95535   0.71781   0.00089   1.29994  
 17  9.6487   7737.349257  x:  1.27643   0.15474   0.06937   0.51653   0.44639   0.48682   0.40152   0.55465   0.04643   0.12337   0.19306   0.56953   0.54543   0.03223   0.40367   0.35835   0.59528   0.63474   0.68817   0.67755   0.36735   0.32907   0.45513   0.26142   0.84408   0.28458   0.19422   0.18866   0.23459   0.02067   0.23913   0.22889   0.08373   0.90167   0.15585   0.93250   0.62058   2.01807   0.94994   0.74577   0.00089   1.27984  
 18 13.9770   7731.963356  x:  1.25539   0.14620   0.07819   0.48327   0.49011   0.48370   0.44129   0.61292   0.00862   0.09158   0.21983   0.64949   0.55160   0.03805   0.39403   0.32125   0.66437   0.63150   0.73116   0.72431   0.43512   0.39390   0.44006   0.20958   0.87159   0.34360   0.21800   0.16265   0.26119   0.02155   0.21417   0.22285   0.00000   0.97040   0.19117   1.05549   0.61902   2.03757   0.99888   0.82668   0.00087   1.16480  
 19 10.8010   7731.963356  x:  1.25539   0.14620   0.07819   0.48327   0.49011   0.48370   0.44129   0.61292   0.00862   0.09158   0.21983   0.64949   0.55160   0.03805   0.39403   0.32125   0.66437   0.63150   0.73116   0.72431   0.43512   0.39390   0.44006   0.20958   0.87159   0.34360   0.21800   0.16265   0.26119   0.02155   0.21417   0.22285   0.00000   0.97040   0.19117   1.05549   0.61902   2.03757   0.99888   0.82668   0.00087   1.16480  
 20 41.3177   7574.232498  x:  1.25549   0.14618   0.07815   0.48322   0.49009   0.48371   0.44129   0.61294   0.00862   0.09156   0.21980   0.64946   0.55158   0.03803   0.39402   0.32129   0.66440   0.63156   0.73118   0.72431   0.43508   0.39384   0.44001   0.20955   0.87163   0.34357   0.21788   0.16244   0.26114   0.02180   0.21409   0.22277   0.00001   0.97041   0.19117   1.05552   0.61906   2.03756   0.99883   0.82673   0.07048   1.16480  
 21 26149.6397   7526.046514  x:  1.36689   0.20304   0.11675   0.49347   0.52462   0.53818   0.49305   0.66884   0.08471   0.13717   0.24766   0.67210   0.58313   0.09492   0.43511   0.40404   0.72662   0.71867   0.79005   0.77331   0.45329   0.40051   0.45715   0.23357   0.94781   0.37894   0.18240   0.06174   0.28420   0.29098   0.21540   0.22149   0.51196   1.01631   0.24013   1.11625   0.69387   1.99228   1.19881   0.62679   0.07881   1.16464  
 22 350.6443   7502.669900  x:  1.45527   0.19100   0.09648   0.48898   0.54019   0.57858   0.52464   0.70653   0.06930   0.11226   0.24390   0.68839   0.59524   0.07043   0.44874   0.45202   0.77032   0.77812   0.83370   0.80027   0.45344   0.39939   0.46210   0.21785   1.00514   0.38514   0.16892   0.00000   0.24766   0.19519   0.18775   0.18935   0.52522   1.03410   0.24282   1.16590   0.73566   1.95831   1.29360   0.53288   0.07988   1.16364  
 23 138.8301   7483.535100  x:  1.58340   0.17344   0.06855   0.48214   0.56191   0.63599   0.56867   0.75964   0.04858   0.07753   0.23860   0.71120   0.61227   0.03553   0.46773   0.52027   0.83242   0.86253   0.89590   0.83906   0.45360   0.39712   0.46863   0.19571   1.08754   0.39474   0.16087   0.03713   0.20190   0.06509   0.15285   0.14815   0.54811   1.05961   0.24630   1.23742   0.79514   1.90973   1.43008   0.39764   0.08165   1.16223  
 24 1012.8903   7474.226217  x:  1.68218   0.14346   0.05381   0.46823   0.56602   0.66693   0.58040   0.78187   0.03343   0.05389   0.22916   0.72001   0.61500   0.00000   0.46795   0.55562   0.86545   0.90713   0.93215   0.86240   0.44882   0.38547   0.46348   0.17735   1.14078   0.39159   0.19049   0.03839   0.22558   0.09526   0.19644   0.20100   0.48898   1.07079   0.23276   1.28809   0.82453   1.88043   1.49452   0.33382   0.08206   1.16150  
 25 122.3363   7468.669492  x:  1.85267   0.09516   0.09860   0.43583   0.55750   0.69528   0.56120   0.78656   0.09758   0.11957   0.22646   0.72175   0.60621   0.04710   0.45103   0.59318   0.89545   0.94757   0.97331   0.90162   0.44291   0.35797   0.44379   0.17721   1.21112   0.38568   0.17819   0.04272   0.25976   0.13699   0.18207   0.17730   0.40166   1.08482   0.19258   1.36498   0.84819   1.84813   1.51389   0.31465   0.08197   1.16125  
 26 74.7540   7462.605220  x:  2.12816   0.05754   0.09126   0.37618   0.53369   0.72062   0.50148   0.76850   0.07501   0.12883   0.19730   0.70600   0.57626   0.01547   0.39308   0.62362   0.91079   0.97571   1.01986   0.92903   0.41424   0.33447   0.43202   0.17100   1.29176   0.36690   0.12088   0.05022   0.23914   0.16573   0.17218   0.17531   0.41765   1.11627   0.13773   1.48141   0.85920   1.82826   1.43526   0.39365   0.08136   1.16075  
 27 57.9371   7458.659132  x:  2.37487   0.05678   0.10042   0.35293   0.53069   0.73974   0.45481   0.75380   0.07175   0.15715   0.19884   0.69989   0.56281   0.00392   0.33868   0.63975   0.91270   0.98174   1.05497   0.94957   0.40879   0.35179   0.44705   0.19702   1.34889   0.37248   0.20894   0.04324   0.24521   0.13429   0.18333   0.18499   0.45289   1.15028   0.10540   1.58065   0.85493   1.82814   1.36277   0.46593   0.08140   1.16088  
 28 90.1724   7455.771899  x:  2.59408   0.07199   0.09551   0.39651   0.56803   0.75863   0.46060   0.76538   0.07744   0.17799   0.24560   0.72247   0.58575   0.00717   0.30119   0.64021   0.90264   0.95896   1.08181   0.96158   0.44189   0.40796   0.49208   0.22762   1.37176   0.39233   0.17427   0.04532   0.27024   0.10795   0.22880   0.21438   0.45030   1.18750   0.13422   1.66181   0.83478   1.85716   1.30706   0.52062   0.08156   1.16193  
 29 48.5847   7453.851149  x:  2.75211   0.07823   0.07618   0.44256   0.60194   0.77191   0.49512   0.79110   0.05576   0.16307   0.27271   0.74976   0.61394   0.00609   0.29104   0.63931   0.89666   0.93477   1.10238   0.96848   0.46672   0.43660   0.51454   0.24105   1.37241   0.40905   0.18647   0.04670   0.27928   0.14241   0.19184   0.19355   0.42893   1.21958   0.17240   1.71672   0.81367   1.88965   1.26427   0.56224   0.08140   1.16317  
 30 54.7260   7452.984530  x:  2.83854   0.07866   0.09092   0.46436   0.60843   0.76954   0.53393   0.81543   0.06060   0.13841   0.26214   0.76706   0.63365   0.03415   0.32301   0.64535   0.90333   0.91958   1.11343   0.97724   0.47229   0.41266   0.49304   0.24334   1.35062   0.41994   0.19542   0.04724   0.24916   0.14426   0.20267   0.20593   0.42491   1.24625   0.19317   1.73974   0.79310   1.91375   1.23749   0.58743   0.08135   1.16489  
 31 21.5756   7452.643564  x:  2.87929   0.07601   0.09065   0.46748   0.59986   0.76025   0.54832   0.82258   0.06613   0.12424   0.24779   0.77095   0.64439   0.03432   0.35189   0.64780   0.91348   0.91584   1.11387   0.97955   0.47465   0.40265   0.48697   0.23687   1.32905   0.42079   0.19450   0.04636   0.28009   0.13511   0.20798   0.19767   0.42928   1.26494   0.19652   1.74674   0.77923   1.92362   1.22858   0.59535   0.08136   1.16592  
 32 14.1741   7452.257682  x:  2.93176   0.06951   0.08537   0.46665   0.57898   0.73794   0.55089   0.81766   0.07676   0.13586   0.23951   0.76896   0.66007   0.02000   0.39950   0.64448   0.93482   0.91700   1.10242   0.97960   0.48104   0.41473   0.50435   0.22629   1.29142   0.42166   0.19422   0.04637   0.27525   0.13442   0.19426   0.21141   0.42494   1.29651   0.18841   1.75020   0.75839   1.92747   1.23156   0.59046   0.08139   1.16788  
 33  9.4457   7452.026278  x:  2.96428   0.07172   0.08382   0.46886   0.57170   0.72669   0.54887   0.81124   0.06970   0.14556   0.23949   0.76631   0.66328   0.01092   0.42241   0.63662   0.94608   0.91832   1.08958   0.97900   0.47808   0.41702   0.51084   0.22658   1.27123   0.42626   0.19531   0.04639   0.26522   0.13967   0.20995   0.19294   0.41786   1.31661   0.18546   1.75111   0.74987   1.92420   1.23778   0.58241   0.08139   1.16978  
 34 12.2065   7451.538165  x:  3.03089   0.08436   0.08446   0.48273   0.57805   0.71949   0.54277   0.79534   0.04508   0.15624   0.24697   0.75944   0.64497   0.00906   0.44329   0.60619   0.95666   0.91987   1.04918   0.97638   0.45563   0.39591   0.49998   0.24354   1.24667   0.43718   0.19003   0.04583   0.27113   0.13478   0.19926   0.20078   0.40594   1.35437   0.19003   1.75009   0.74678   1.90633   1.25646   0.55767   0.08146   1.17614  
 35  8.4158   7450.962269  x:  3.10392   0.07093   0.06183   0.49625   0.59049   0.72651   0.54500   0.78669   0.07805   0.13685   0.24991   0.75497   0.61564   0.00000   0.44602   0.57012   0.95449   0.92208   1.00266   0.96855   0.44091   0.38700   0.49153   0.25130   1.23774   0.43186   0.19223   0.04492   0.26419   0.13208   0.19822   0.19722   0.39689   1.38528   0.19241   1.74514   0.74779   1.89099   1.27278   0.53253   0.08152   1.18545  
 36 12.4972   7449.755238  x:  3.18340   0.05313   0.04809   0.47694   0.58153   0.74198   0.55071   0.78959   0.04571   0.10171   0.24816   0.75791   0.60143   0.00000   0.44433   0.55019   0.94280   0.93402   0.97403   0.95720   0.44544   0.42167   0.50954   0.22290   1.25134   0.40133   0.19597   0.04418   0.26452   0.12837   0.20403   0.19665   0.38726   1.39599   0.17740   1.73470   0.75053   1.88433   1.28765   0.50507   0.08165   1.19878  
 37 10.6563   7448.999407  x:  3.26304   0.08150   0.07943   0.45979   0.57583   0.75555   0.54967   0.79366   0.05255   0.06168   0.25230   0.75553   0.61448   0.00000   0.43992   0.54765   0.93060   0.95450   0.96431   0.93852   0.45306   0.43028   0.51448   0.21469   1.27545   0.39920   0.19333   0.04401   0.26176   0.12878   0.19904   0.19343   0.36562   1.39502   0.16998   1.72447   0.75790   1.88484   1.29694   0.48239   0.08172   1.21291  
 38 12.0978   7447.802032  x:  3.40308   0.10831   0.08174   0.42900   0.57102   0.78102   0.55523   0.81061   0.05719   0.04974   0.26686   0.75521   0.65098   0.06928   0.43542   0.56256   0.90782   0.99455   0.96636   0.91132   0.47149   0.41939   0.50151   0.19780   1.32450   0.40441   0.19417   0.04307   0.25833   0.12341   0.19700   0.19226   0.33266   1.37892   0.17055   1.70552   0.77581   1.89660   1.30365   0.44980   0.08184   1.24022  
 39 33.4075   7445.413691  x:  3.60762   0.09784   0.04173   0.39943   0.58251   0.80978   0.55986   0.84085   0.05146   0.07396   0.28653   0.74505   0.72206   0.01417   0.43110   0.62096   0.88742   1.06982   1.00855   0.88106   0.50301   0.38328   0.47467   0.19326   1.39987   0.44086   0.19917   0.04122   0.25627   0.11054   0.20011   0.19503   0.28818   1.33186   0.18424   1.68283   0.81116   1.91627   1.29883   0.41508   0.08205   1.28194  
 40 31.0869   7443.866729  x:  3.73548   0.04299   0.07159   0.42665   0.63001   0.82377   0.57097   0.86285   0.03968   0.08514   0.24809   0.74052   0.70743   0.00978   0.43256   0.67761   0.89657   1.11396   1.05561   0.91815   0.49617   0.39810   0.49061   0.20781   1.42889   0.46269   0.19990   0.04052   0.25733   0.10359   0.20081   0.19564   0.26073   1.29814   0.20078   1.68438   0.84040   1.90869   1.28454   0.40086   0.08223   1.31192  
 41 21.5197   7442.819608  x:  3.78895   0.07931   0.05644   0.44395   0.65449   0.82641   0.58005   0.87762   0.04647   0.09698   0.22783   0.75403   0.68228   0.00000   0.43289   0.72155   0.91798   1.13411   1.10252   0.97013   0.47875   0.40808   0.50258   0.19907   1.43795   0.45457   0.20112   0.04089   0.25741   0.10379   0.20203   0.19760   0.23745   1.28037   0.20179   1.70254   0.85824   1.89343   1.26783   0.40263   0.08228   1.32760  
 42 21.9855   7442.233595  x:  3.80828   0.06912   0.05932   0.44386   0.64166   0.82381   0.58946   0.88572   0.04932   0.08214   0.28839   0.80930   0.67046   0.00000   0.41477   0.74421   0.96040   1.13001   1.15171   1.02292   0.46418   0.40401   0.50402   0.20931   1.43403   0.44283   0.20261   0.04093   0.25917   0.10105   0.20261   0.19844   0.22697   1.30666   0.18277   1.75453   0.87346   1.87355   1.25126   0.40714   0.08237   1.34025  
 43  9.4557   7441.769803  x:  3.79046   0.07588   0.05712   0.43807   0.61358   0.83653   0.60290   0.89375   0.04781   0.08497   0.26671   0.82009   0.66431   0.00000   0.35989   0.75226   1.02754   1.11245   1.19338   1.03074   0.50377   0.40623   0.50367   0.22224   1.43814   0.46583   0.20105   0.04134   0.25916   0.10275   0.20391   0.20090   0.20998   1.38310   0.18514   1.85322   0.90093   1.87555   1.23818   0.41195   0.08242   1.34891  
 44  6.6705   7441.580940  x:  3.78264   0.07492   0.06627   0.45158   0.62540   0.84966   0.60282   0.89306   0.04869   0.09337   0.26621   0.80932   0.67991   0.00000   0.34143   0.75246   1.05732   1.10558   1.21112   1.01696   0.49132   0.40231   0.50595   0.19472   1.44549   0.45509   0.20361   0.04132   0.25972   0.10165   0.20575   0.20169   0.20579   1.42091   0.18484   1.90643   0.90489   1.88429   1.23156   0.41529   0.08244   1.35234  
 45  6.7044   7441.474598  x:  3.77282   0.07651   0.06070   0.45177   0.63506   0.85775   0.59524   0.89010   0.04978   0.08701   0.26483   0.79781   0.69437   0.00000   0.35116   0.75916   1.06985   1.10291   1.22909   1.00678   0.47123   0.40857   0.51048   0.20795   1.46244   0.46067   0.20185   0.04166   0.26116   0.10369   0.20585   0.20233   0.20069   1.43387   0.17813   1.94381   0.89049   1.89210   1.22676   0.41908   0.08243   1.35337  
 46  3.9801   7441.323942  x:  3.79076   0.07851   0.06341   0.44299   0.64658   0.87103   0.59088   0.89345   0.04793   0.09327   0.26606   0.79609   0.68112   0.00000   0.38625   0.75312   1.05836   1.10259   1.22921   1.00621   0.48376   0.41159   0.50260   0.21344   1.49821   0.44260   0.20258   0.04178   0.26104   0.10376   0.20652   0.20201   0.19341   1.44364   0.19480   2.00209   0.85058   1.88128   1.22051   0.42227   0.08242   1.35648  
 47  2.2269   7441.107215  x:  3.83865   0.08009   0.06440   0.43582   0.64483   0.86863   0.59012   0.90596   0.04887   0.09919   0.25603   0.81547   0.68514   0.00000   0.39735   0.73950   1.02738   1.11854   1.20443   1.03823   0.47308   0.39616   0.52985   0.19630   1.52525   0.47126   0.20259   0.04171   0.26244   0.10371   0.20776   0.20384   0.18332   1.43221   0.20054   2.06791   0.83565   1.89059   1.21042   0.42913   0.08239   1.35965  
 48  2.4545   7440.708051  x:  3.96000   0.08858   0.06366   0.46608   0.64408   0.85249   0.58701   0.91167   0.04513   0.09643   0.25757   0.81342   0.70377   0.00000   0.40235   0.74866   1.00469   1.16787   1.18001   1.06768   0.48465   0.42826   0.49036   0.19678   1.51920   0.47726   0.20177   0.04247   0.26491   0.10613   0.20909   0.20660   0.16347   1.39614   0.17829   2.14177   0.87739   1.89856   1.18424   0.45077   0.08224   1.36392  
 49  3.6186   7440.408486  x:  4.06865   0.09498   0.06468   0.46158   0.63535   0.84980   0.59703   0.91415   0.04533   0.09653   0.26343   0.79821   0.70256   0.00000   0.39357   0.77050   1.00439   1.17950   1.20329   1.05763   0.48350   0.41289   0.52120   0.22081   1.50043   0.44913   0.20396   0.04322   0.26575   0.10766   0.21164   0.20894   0.14383   1.37710   0.19945   2.15153   0.91675   1.89264   1.16495   0.46719   0.08211   1.36656  
 50  4.8693   7440.008152  x:  4.23604   0.10385   0.06442   0.45455   0.66093   0.86669   0.60565   0.90780   0.04324   0.10794   0.25369   0.81769   0.67322   0.00000   0.35261   0.79783   1.01487   1.14094   1.27337   1.03711   0.49210   0.39930   0.53075   0.22178   1.48272   0.45471   0.20092   0.04375   0.26654   0.10897   0.21255   0.21050   0.12267   1.38105   0.16087   2.09747   0.90091   1.89620   1.16055   0.46687   0.08201   1.37107  
 51  5.5591   7439.818955  x:  4.31968   0.10427   0.06428   0.44015   0.65820   0.86670   0.58934   0.89568   0.04692   0.10902   0.24581   0.82576   0.67451   0.00000   0.32659   0.80993   1.02644   1.10416   1.31237   1.04835   0.47581   0.41726   0.51338   0.20984   1.48589   0.46489   0.20093   0.04366   0.26631   0.10874   0.21240   0.21125   0.11071   1.39034   0.18986   2.05702   0.89249   1.89293   1.16103   0.46425   0.08197   1.37311  
 52  7.1897   7439.775652  x:  4.33941   0.10464   0.06310   0.44939   0.65183   0.86104   0.58572   0.90104   0.04544   0.10673   0.24518   0.81021   0.68458   0.00000   0.31497   0.81132   1.03699   1.08771   1.31278   1.06725   0.47975   0.41271   0.51383   0.21255   1.49916   0.45860   0.20079   0.04359   0.26586   0.10819   0.21222   0.21103   0.10973   1.39229   0.18829   2.04112   0.88133   1.89012   1.16193   0.46293   0.08196   1.37353  
 53  2.1810   7439.760744  x:  4.34874   0.10537   0.06359   0.45453   0.64456   0.85649   0.58757   0.90841   0.04551   0.10893   0.24754   0.81104   0.67737   0.00000   0.31681   0.81295   1.04750   1.08224   1.30527   1.06279   0.47523   0.41500   0.51333   0.21293   1.51162   0.45846   0.20081   0.04360   0.26628   0.10783   0.21233   0.21113   0.11006   1.39267   0.18792   2.03384   0.88240   1.89608   1.16027   0.46443   0.08196   1.37375  
 54  0.7346   7439.741042  x:  4.35880   0.10588   0.06336   0.46128   0.64494   0.85340   0.57961   0.90431   0.04584   0.10712   0.24580   0.82023   0.67954   0.00000   0.32368   0.81271   1.05591   1.07622   1.29935   1.05670   0.48001   0.41187   0.51684   0.21124   1.52132   0.46017   0.20156   0.04358   0.26674   0.10729   0.21252   0.21112   0.11236   1.39230   0.18719   2.02668   0.88816   1.88947   1.15592   0.46900   0.08197   1.37365  
 55  0.6348   7439.675064  x:  4.40182   0.10800   0.06419   0.44651   0.65113   0.86222   0.59144   0.89828   0.04867   0.11218   0.24446   0.81809   0.68711   0.00000   0.33400   0.78991   1.05181   1.06528   1.28610   1.05839   0.47554   0.41705   0.51596   0.21671   1.51990   0.45807   0.20224   0.04358   0.26834   0.10409   0.21289   0.21143   0.12006   1.40209   0.17779   2.01017   0.89904   1.88099   1.14928   0.47552   0.08201   1.37434  
 56  0.7609   7439.623383  x:  4.43440   0.10930   0.06499   0.44129   0.65204   0.86252   0.57816   0.88904   0.05007   0.10795   0.25197   0.80928   0.67691   0.00000   0.33551   0.78166   1.04578   1.07107   1.28484   1.06298   0.48154   0.41284   0.51601   0.21639   1.50707   0.45608   0.20309   0.04346   0.26817   0.10181   0.21229   0.21036   0.12542   1.40636   0.17985   2.00357   0.89417   1.90120   1.15152   0.47346   0.08205   1.37463  
 57  1.6809   7439.594716  x:  4.45465   0.10977   0.06552   0.44676   0.64134   0.85637   0.57224   0.89446   0.05113   0.10792   0.25127   0.80931   0.67537   0.00000   0.32196   0.78537   1.03638   1.07866   1.28277   1.05163   0.47688   0.41282   0.51367   0.21764   1.49162   0.45505   0.20334   0.04339   0.26789   0.10043   0.21181   0.20991   0.12897   1.40271   0.18304   2.00685   0.87414   1.89339   1.15503   0.46982   0.08208   1.37510  
 58  1.2994   7439.588067  x:  4.46551   0.10970   0.06519   0.44802   0.63812   0.85195   0.57378   0.88840   0.05118   0.10784   0.25065   0.80787   0.67433   0.00000   0.32172   0.79235   1.02883   1.06656   1.27851   1.04865   0.47577   0.41199   0.51295   0.21754   1.48870   0.45347   0.20329   0.04330   0.26735   0.09984   0.21136   0.20924   0.12908   1.39842   0.18150   2.01395   0.87511   1.89449   1.15927   0.46461   0.08210   1.37627  
 59  0.4157   7439.578999  x:  4.48641   0.11005   0.06533   0.44209   0.64212   0.85098   0.57666   0.88596   0.05143   0.10579   0.25589   0.80213   0.67282   0.00000   0.32308   0.79468   1.03471   1.06571   1.26877   1.04703   0.47774   0.41226   0.51334   0.21357   1.48571   0.45926   0.20362   0.04334   0.26732   0.10012   0.21118   0.20882   0.12809   1.39339   0.18225   2.01860   0.87272   1.89073   1.15770   0.46354   0.08211   1.37945  
 60  0.2508   7439.557038  x:  4.54247   0.11110   0.06515   0.43632   0.64690   0.85206   0.57373   0.88454   0.05087   0.10719   0.25272   0.80883   0.67828   0.00000   0.32666   0.78465   1.04284   1.07269   1.24985   1.04561   0.47709   0.41241   0.51352   0.21929   1.48291   0.45248   0.20393   0.04361   0.26635   0.10086   0.21075   0.20773   0.12448   1.39140   0.18257   2.02467   0.87081   1.89549   1.15668   0.45721   0.08216   1.38824  
 61  1.0400   7439.531621  x:  4.60716   0.11193   0.06433   0.44589   0.63682   0.85468   0.56887   0.88934   0.05064   0.10777   0.25479   0.80459   0.67684   0.00000   0.34204   0.76366   1.03361   1.08177   1.24847   1.04294   0.47628   0.41285   0.51552   0.21760   1.48560   0.45630   0.20429   0.04387   0.26594   0.10203   0.21021   0.20663   0.11999   1.40077   0.17906   2.02775   0.87776   1.89171   1.15279   0.45244   0.08221   1.39860  
 62  1.5775   7439.529505  x:  4.61234   0.11193   0.06427   0.44637   0.63786   0.84936   0.57273   0.88538   0.05047   0.10761   0.25492   0.80484   0.67677   0.00000   0.34152   0.76577   1.03066   1.08630   1.24821   1.04313   0.47628   0.41290   0.51586   0.21762   1.48908   0.45607   0.20432   0.04394   0.26603   0.10224   0.21025   0.20667   0.11950   1.40668   0.17924   2.02639   0.87734   1.89144   1.15184   0.45280   0.08221   1.39932  
 63  0.2810   7439.522245  x:  4.63744   0.11127   0.06373   0.44686   0.63836   0.85907   0.57022   0.88967   0.04958   0.10745   0.25486   0.80611   0.67660   0.00000   0.34163   0.77890   1.02742   1.08624   1.24398   1.04736   0.47559   0.41311   0.51615   0.21766   1.48778   0.45669   0.20388   0.04434   0.26650   0.10309   0.21043   0.20716   0.12034   1.41677   0.17991   2.02458   0.87762   1.89143   1.14935   0.45427   0.08225   1.40073  
 64  0.0705   7439.503449  x:  4.70752   0.10915   0.06303   0.44578   0.64349   0.85224   0.57448   0.89421   0.04792   0.10609   0.25147   0.80781   0.67468   0.00000   0.33827   0.77357   1.03408   1.08224   1.25821   1.05057   0.47585   0.41279   0.51403   0.21613   1.48919   0.45757   0.20272   0.04515   0.26712   0.10411   0.21049   0.20827   0.12608   1.41326   0.18236   2.03073   0.87662   1.89262   1.14851   0.45286   0.08236   1.40396  
 65  0.5467   7439.502462  x:  4.71147   0.10907   0.06304   0.44769   0.64095   0.85540   0.57693   0.89026   0.04784   0.10622   0.25128   0.80820   0.67468   0.00000   0.33803   0.77312   1.03557   1.08328   1.25895   1.05116   0.47563   0.41272   0.51406   0.21602   1.48976   0.45785   0.20270   0.04519   0.26717   0.10414   0.21054   0.20834   0.12652   1.41166   0.18288   2.03107   0.87533   1.89302   1.14817   0.45298   0.08237   1.40425  
 66  0.2434   7439.493437  x:  4.75189   0.10746   0.06374   0.44834   0.64286   0.85759   0.57702   0.89376   0.05108   0.10661   0.25372   0.80973   0.67875   0.00000   0.33564   0.78156   1.03897   1.08898   1.26671   1.05318   0.47825   0.41386   0.51628   0.21755   1.49738   0.45858   0.20231   0.04584   0.26802   0.10426   0.21159   0.20930   0.12945   1.41322   0.18180   2.04375   0.87972   1.89374   1.14194   0.45369   0.08239   1.41097  
 67  0.0364   7439.490696  x:  4.76315   0.10793   0.06478   0.44637   0.64294   0.85919   0.57598   0.89389   0.04901   0.10723   0.25529   0.81051   0.67980   0.00000   0.33286   0.78476   1.03875   1.09056   1.27047   1.05257   0.47871   0.41476   0.51733   0.21782   1.50085   0.45906   0.20296   0.04601   0.26802   0.10424   0.21183   0.20893   0.13094   1.41312   0.18119   2.04570   0.88127   1.89383   1.14126   0.45385   0.08230   1.41165  
 68  0.0082   7439.483883  x:  4.79914   0.10813   0.06376   0.44572   0.64417   0.86229   0.57638   0.89583   0.04991   0.10757   0.25256   0.80976   0.67797   0.00000   0.32888   0.78885   1.03912   1.09235   1.27566   1.05362   0.47952   0.41433   0.51657   0.21707   1.50570   0.45870   0.20446   0.04636   0.26785   0.10424   0.21124   0.20845   0.13123   1.41319   0.18101   2.04959   0.88090   1.89418   1.13855   0.45107   0.08171   1.41803  
 69  0.0068   7439.480314  x:  4.82077   0.10802   0.06394   0.44733   0.64343   0.86065   0.57654   0.89475   0.04980   0.10669   0.25448   0.81087   0.67974   0.00000   0.33297   0.78641   1.04113   1.09161   1.27199   1.05422   0.47841   0.41443   0.51671   0.21770   1.50271   0.45901   0.20283   0.04658   0.26826   0.10412   0.21154   0.20921   0.13109   1.41591   0.18187   2.05294   0.88056   1.89376   1.13669   0.45016   0.08137   1.42121  
 70  0.0125   7439.480177  x:  4.82255   0.10772   0.06410   0.44743   0.64348   0.86075   0.57703   0.89502   0.04971   0.10685   0.25424   0.81091   0.67940   0.00000   0.33291   0.78607   1.04102   1.09111   1.27209   1.05397   0.47890   0.41452   0.51711   0.21775   1.50226   0.45905   0.20267   0.04651   0.26798   0.10419   0.21171   0.20904   0.13135   1.41636   0.18207   2.05280   0.88011   1.89415   1.13661   0.45012   0.08136   1.42135  
 71  0.0018   7439.480112  x:  4.82439   0.10737   0.06408   0.44754   0.64366   0.86079   0.57690   0.89504   0.04965   0.10689   0.25419   0.81080   0.67962   0.00000   0.33281   0.78644   1.04110   1.09139   1.27243   1.05408   0.47882   0.41467   0.51707   0.21770   1.50248   0.45909   0.20276   0.04625   0.26807   0.10409   0.21160   0.20899   0.13145   1.41635   0.18216   2.05320   0.88019   1.89416   1.13601   0.44972   0.08135   1.42240  
 72  0.0007   7439.480075  x:  4.82482   0.10746   0.06409   0.44735   0.64350   0.86079   0.57690   0.89497   0.04973   0.10685   0.25432   0.81089   0.67953   0.00000   0.33272   0.78637   1.04105   1.09128   1.27228   1.05398   0.47882   0.41450   0.51705   0.21774   1.50244   0.45906   0.20287   0.04607   0.26802   0.10427   0.21162   0.20900   0.13146   1.41626   0.18206   2.05294   0.88027   1.89409   1.13623   0.44979   0.08135   1.42209  
 73  0.0004   7439.480071  x:  4.82495   0.10757   0.06408   0.44736   0.64354   0.86082   0.57693   0.89502   0.04971   0.10685   0.25426   0.81088   0.67951   0.00000   0.33281   0.78635   1.04110   1.09136   1.27227   1.05403   0.47885   0.41453   0.51707   0.21773   1.50247   0.45908   0.20290   0.04604   0.26806   0.10425   0.21168   0.20904   0.13145   1.41632   0.18204   2.05312   0.88027   1.89411   1.13627   0.44987   0.08135   1.42197  
 74  0.0003   7439.480070  x:  4.82501   0.10759   0.06408   0.44739   0.64355   0.86082   0.57694   0.89502   0.04972   0.10684   0.25427   0.81089   0.67953   0.00000   0.33279   0.78638   1.04111   1.09134   1.27232   1.05405   0.47885   0.41455   0.51707   0.21773   1.50246   0.45908   0.20291   0.04604   0.26805   0.10425   0.21167   0.20904   0.13145   1.41632   0.18207   2.05313   0.88025   1.89412   1.13627   0.44989   0.08135   1.42194  
 75  0.0001   7439.480070  x:  4.82503   0.10760   0.06408   0.44739   0.64355   0.86082   0.57694   0.89502   0.04972   0.10684   0.25427   0.81089   0.67953   0.00000   0.33279   0.78638   1.04111   1.09134   1.27231   1.05405   0.47885   0.41455   0.51707   0.21773   1.50246   0.45908   0.20291   0.04604   0.26806   0.10425   0.21167   0.20904   0.13144   1.41632   0.18207   2.05313   0.88025   1.89412   1.13627   0.44989   0.08135   1.42194  
 76  0.0000   7439.480070  x:  4.82503   0.10760   0.06408   0.44739   0.64355   0.86082   0.57694   0.89502   0.04972   0.10684   0.25427   0.81089   0.67953   0.00000   0.33279   0.78638   1.04111   1.09134   1.27231   1.05405   0.47885   0.41455   0.51707   0.21773   1.50246   0.45908   0.20291   0.04604   0.26806   0.10425   0.21167   0.20904   0.13144   1.41632   0.18207   2.05313   0.88025   1.89412   1.13627   0.44989   0.08135   1.42195  
 77  0.0000   7439.480070  x:  4.82503   0.10760   0.06408   0.44739   0.64355   0.86082   0.57694   0.89502   0.04972   0.10684   0.25427   0.81089   0.67953   0.00000   0.33279   0.78638   1.04111   1.09134   1.27231   1.05405   0.47885   0.41455   0.51707   0.21773   1.50246   0.45908   0.20291   0.04604   0.26806   0.10425   0.21167   0.20904   0.13144   1.41632   0.18207   2.05313   0.88025   1.89412   1.13627   0.44989   0.08135   1.42195  