

TREE # 1

  0  0.0000   9218.999784  x:  0.17444   0.02804   0.07307   0.00000   0.21220   0.15259   0.14764   0.15672   0.09176   0.01488   0.10164   0.09888   0.08304   0.02822   0.03654   0.11840   0.16638   0.13073   0.17006   0.12456   0.13600   0.08105   0.05011   0.02312   0.14692   0.15208   0.08109   0.04353   0.13235   0.02986   0.05286   0.04009   0.10565   0.11049   0.05181   0.16210   0.10351   2.00000   1.39835   0.16116   0.29812   1.40136  
  1 99.0000   8109.265667  x:  0.33894   0.14964   0.13090   0.33808   0.26407   0.21921   0.20683   0.22874   0.13419   0.10725   0.15872   0.22704   0.21390   0.09872   0.16547   0.18682   0.24314   0.24196   0.25597   0.23556   0.18588   0.17971   0.21856   0.13446   0.27022   0.19666   0.10900   0.05584   0.15025   0.08381   0.12662   0.14490   0.14680   0.24493   0.15037   0.28372   0.25621   1.99210   1.43178   0.12828   0.00000   1.40094  
  2 3580.8090   7959.497994  x:  0.52065   0.28392   0.19476   0.71142   0.32136   0.29279   0.27221   0.30829   0.18105   0.20924   0.22175   0.36859   0.35843   0.17657   0.30785   0.26238   0.32792   0.36481   0.35086   0.35817   0.24095   0.28867   0.40459   0.25742   0.40642   0.24590   0.13982   0.06942   0.17002   0.14338   0.20807   0.26063   0.19225   0.39343   0.25922   0.41805   0.42486   1.98336   1.46870   0.09196   0.00097   1.40048  
  3 19605.0866   7872.559877  x:  0.62380   0.26566   0.14404   0.69802   0.31650   0.31533   0.30484   0.35911   0.12107   0.15536   0.18485   0.38647   0.36258   0.13859   0.31432   0.28918   0.37898   0.42891   0.39955   0.38443   0.22040   0.26408   0.38150   0.22052   0.47680   0.24254   0.10182   0.00000   0.13867   0.06376   0.13993   0.18513   0.17491   0.43491   0.26228   0.49332   0.47287   1.98053   1.42321   0.13742   0.00096   1.40030  
  4 392.3626   7818.066712  x:  0.77036   0.22698   0.05857   0.66108   0.30460   0.34631   0.34184   0.42127   0.02422   0.06982   0.13061   0.40965   0.36605   0.07969   0.31622   0.31908   0.44247   0.50818   0.46343   0.42276   0.19991   0.23008   0.34297   0.15858   0.57725   0.23771   0.14448   0.12235   0.14595   0.02262   0.07540   0.08990   0.13603   0.49235   0.25344   0.59397   0.53073   1.97644   1.36017   0.20062   0.00094   1.39984  
  5 797.8057   7800.932879  x:  0.81890   0.20629   0.03128   0.63316   0.29836   0.35511   0.34955   0.43752   0.00000   0.04693   0.11772   0.41474   0.36578   0.06174   0.31162   0.32490   0.45964   0.52903   0.48179   0.43668   0.20353   0.22137   0.32590   0.13803   0.60852   0.23401   0.14134   0.12411   0.15699   0.06455   0.09943   0.09543   0.11575   0.51058   0.24131   0.62440   0.54284   1.97505   1.33713   0.22385   0.00093   1.39958  
  6 432.5229   7768.892022  x:  1.01928   0.09814   0.02148   0.45636   0.27051   0.38614   0.35345   0.47594   0.07778   0.07877   0.13313   0.42937   0.37811   0.03988   0.27683   0.32760   0.50514   0.58108   0.54070   0.51634   0.30109   0.22829   0.25678   0.11224   0.73012   0.23807   0.14938   0.15924   0.18478   0.00943   0.18394   0.19161   0.00000   0.59359   0.14101   0.73049   0.55487   1.96757   1.24204   0.32036   0.00091   1.39813  
  7 275.4695   7768.892022  x:  1.01928   0.09814   0.02148   0.45636   0.27051   0.38614   0.35345   0.47594   0.07778   0.07877   0.13313   0.42937   0.37811   0.03988   0.27683   0.32760   0.50514   0.58108   0.54070   0.51634   0.30109   0.22829   0.25678   0.11224   0.73012   0.23807   0.14938   0.15924   0.18478   0.00943   0.18394   0.19161   0.00000   0.59359   0.14101   0.73049   0.55487   1.96757   1.24204   0.32036   0.00091   1.39813  
  8 225.1218   7625.816420  x:  1.01939   0.09819   0.02150   0.45630   0.27055   0.38617   0.35346   0.47596   0.07774   0.07875   0.13314   0.42939   0.37814   0.03989   0.27683   0.32761   0.50517   0.58111   0.54074   0.51637   0.30107   0.22834   0.25685   0.11228   0.73016   0.23810   0.14927   0.15898   0.18479   0.00988   0.18383   0.19150   0.00008   0.59368   0.14101   0.73056   0.55489   1.96756   1.24199   0.32040   0.06285   1.39813  
  9 24498.3407   7569.305950  x:  1.09475   0.17351   0.06897   0.46200   0.33248   0.43285   0.39345   0.52002   0.10634   0.11602   0.18528   0.47837   0.42701   0.09771   0.31510   0.36546   0.54859   0.62231   0.59143   0.56634   0.33151   0.29033   0.32827   0.16986   0.77891   0.29487   0.14809   0.08728   0.23096   0.26926   0.18015   0.18693   0.50508   0.66722   0.18130   0.78997   0.59812   1.94130   1.35539   0.20744   0.07524   1.39780  
 10 591.2319   7534.740829  x:  1.18109   0.16963   0.05424   0.45848   0.38219   0.48278   0.43485   0.56788   0.08681   0.10327   0.20208   0.52803   0.46497   0.10182   0.34266   0.40556   0.59898   0.67225   0.64766   0.61247   0.35170   0.32581   0.37073   0.17539   0.83490   0.31713   0.13580   0.00000   0.19868   0.17309   0.15425   0.15662   0.51962   0.71336   0.19618   0.85788   0.64400   1.91442   1.42355   0.13995   0.07686   1.39718  
 11 189.3042   7510.649912  x:  1.29680   0.16371   0.03591   0.45324   0.44608   0.54752   0.48775   0.62983   0.06091   0.08577   0.22279   0.59195   0.51380   0.10525   0.37785   0.45784   0.66493   0.73776   0.72127   0.67287   0.37758   0.36970   0.42400   0.18222   0.90932   0.34671   0.13630   0.03977   0.16598   0.05113   0.12675   0.12340   0.53882   0.77423   0.21504   0.94791   0.70396   1.87902   1.51286   0.05148   0.07928   1.39639  
 12 897.6894   7492.135766  x:  1.45908   0.13017   0.02840   0.43639   0.50101   0.61338   0.53019   0.69018   0.02203   0.04595   0.22317   0.65075   0.55420   0.07309   0.40271   0.51476   0.73855   0.81332   0.80417   0.73875   0.39690   0.38135   0.44892   0.17391   1.00338   0.36214   0.18704   0.04339   0.22064   0.09899   0.20748   0.21786   0.44785   0.84040   0.22037   1.06320   0.76945   1.83778   1.58838  -0.02379   0.08032   1.39600  
 13 195.0853   7482.207021  x:  1.67985   0.09677   0.14441   0.40026   0.51948   0.65264   0.51895   0.71426   0.11534   0.05805   0.21046   0.66880   0.56526   0.01434   0.39322   0.55769   0.79433   0.87435   0.87377   0.80191   0.40514   0.32841   0.41172   0.17998   1.10394   0.36164   0.16131   0.05133   0.26351   0.16384   0.16535   0.16861   0.38030   0.91572   0.19113   1.19314   0.81328   1.80732   1.55287   0.01010   0.07994   1.39707  
 14 94.0882   7478.385746  x:  1.73909   0.09023   0.13646   0.38692   0.51727   0.65764   0.50884   0.71455   0.10701   0.06317   0.20630   0.66826   0.56162   0.00000   0.38570   0.56403   0.80320   0.88343   0.88827   0.81431   0.40419   0.31946   0.40489   0.17311   1.12434   0.35736   0.15345   0.05254   0.25732   0.16595   0.16826   0.17030   0.38911   0.93528   0.18235   1.22516   0.81776   1.80619   1.52431   0.03867   0.07985   1.39696  
 15 90.6300   7471.802717  x:  1.99815   0.06506   0.09913   0.37959   0.51475   0.66757   0.46559   0.71007   0.11192   0.17948   0.23181   0.66538   0.54614   0.00000   0.35389   0.57807   0.82367   0.89053   0.93688   0.86823   0.42777   0.37029   0.43435   0.20254   1.19221   0.37457   0.28289   0.04088   0.28750   0.14202   0.16029   0.17705   0.40755   1.01070   0.13907   1.34643   0.80046   1.82684   1.38641   0.17640   0.07976   1.39631  
 16 95.9894   7469.064159  x:  2.13199   0.07280   0.09224   0.45077   0.53614   0.67425   0.48570   0.72917   0.14076   0.19196   0.25133   0.67557   0.55419   0.00000   0.34643   0.57593   0.82136   0.86857   0.95200   0.88206   0.43558   0.42696   0.47894   0.26270   1.20182   0.41224   0.24089   0.04527   0.30067   0.13320   0.21808   0.18499   0.39900   1.04488   0.14764   1.39078   0.76275   1.85558   1.30385   0.25716   0.07960   1.39692  
 17 40.3483   7467.628025  x:  2.20706   0.07642   0.06385   0.50601   0.54530   0.67848   0.51580   0.75006   0.13058   0.17331   0.25933   0.69009   0.56901   0.00000   0.35479   0.57557   0.82156   0.85263   0.96083   0.88660   0.43066   0.44889   0.49634   0.28840   1.19583   0.42857   0.22779   0.04862   0.31185   0.15818   0.17463   0.19232   0.38460   1.06381   0.17076   1.40980   0.73671   1.87556   1.25623   0.30284   0.07921   1.39774  
 18 40.4991   7466.891233  x:  2.26284   0.08683   0.08433   0.55588   0.52845   0.67320   0.54471   0.76567   0.11142   0.15961   0.26177   0.70403   0.59320   0.00000   0.38826   0.58077   0.82990   0.84414   0.96496   0.89238   0.41829   0.42648   0.47327   0.29303   1.17546   0.42467   0.25719   0.04593   0.30117   0.15189   0.18460   0.18464   0.39106   1.08155   0.19789   1.41257   0.71468   1.88838   1.23146   0.32208   0.07928   1.40115  
 19 14.3607   7466.278524  x:  2.31858   0.06021   0.07546   0.59873   0.48600   0.66141   0.55454   0.76295   0.12300   0.17792   0.25950   0.70732   0.60612   0.00000   0.43153   0.58873   0.84805   0.84765   0.95751   0.90112   0.43519   0.41470   0.46751   0.27840   1.15469   0.40744   0.24465   0.04612   0.30486   0.14219   0.18160   0.20305   0.39892   1.09906   0.20392   1.40929   0.69719   1.89435   1.23187   0.31262   0.07951   1.40655  
 20  9.2126   7465.746924  x:  2.36764   0.05836   0.06034   0.62465   0.45607   0.65769   0.55392   0.75376   0.11397   0.17754   0.24270   0.70213   0.60154   0.00000   0.45644   0.58931   0.86083   0.85417   0.94515   0.90372   0.44123   0.41920   0.47938   0.26420   1.14614   0.40281   0.24170   0.04614   0.30975   0.15072   0.19015   0.17277   0.39525   1.11318   0.19564   1.40866   0.68980   1.89252   1.23677   0.29695   0.07948   1.41302  
 21 12.5360   7464.689680  x:  2.46856   0.09052   0.07818   0.66016   0.42202   0.66395   0.54275   0.72935   0.09246   0.16395   0.20743   0.68404   0.57906   0.00000   0.48308   0.57770   0.87428   0.86580   0.91363   0.90008   0.43492   0.42995   0.50568   0.25177   1.14611   0.41295   0.23840   0.04552   0.29158   0.14552   0.17607   0.18850   0.39342   1.14046   0.16505   1.41153   0.68564   1.88132   1.24463   0.26156   0.07960   1.42992  
 22 17.5112   7461.218684  x:  2.72494   0.05395   0.03398   0.68686   0.45117   0.73433   0.52903   0.69053   0.07119   0.14767   0.26155   0.67792   0.56411   0.00000   0.48559   0.51129   0.85560   0.87757   0.83505   0.86922   0.36852   0.37750   0.48583   0.26814   1.19252   0.45410   0.23425   0.04192   0.26637   0.12984   0.17498   0.18792   0.40229   1.19043   0.12881   1.42631   0.72008   1.85407   1.24773   0.16535   0.08008   1.48682  
 23 14.6095   7458.741018  x:  2.86168   0.02617   0.06577   0.63592   0.46950   0.76459   0.53636   0.70350   0.01714   0.13962   0.28666   0.69584   0.56784   0.00000   0.47493   0.49533   0.83565   0.88748   0.83142   0.85719   0.38307   0.40336   0.49188   0.25009   1.21651   0.42926   0.21502   0.04133   0.28842   0.11474   0.17391   0.18434   0.40878   1.19938   0.15136   1.43907   0.74048   1.85499   1.21516   0.13184   0.08031   1.52742  
 24 22.9448   7454.064062  x:  3.13421   0.06520   0.03994   0.48154   0.51012   0.81420   0.57019   0.76479   0.06030   0.07947   0.29282   0.74687   0.58485   0.00000   0.45555   0.50232   0.80576   0.92375   0.87294   0.85025   0.43393   0.46037   0.49638   0.18988   1.26349   0.35876   0.22172   0.03910   0.26691   0.09653   0.18770   0.19291   0.41549   1.20379   0.21716   1.47443   0.78043   1.86788   1.12306   0.07724   0.08085   1.61734  
 25 55.4828   7451.188549  x:  3.24520   0.07094   0.02433   0.39343   0.55401   0.80883   0.57956   0.80531   0.03720   0.11082   0.26447   0.76922   0.60577   0.00000   0.46292   0.56780   0.82981   0.96250   0.94778   0.89214   0.47449   0.46103   0.49153   0.21955   1.27937   0.40333   0.20829   0.04257   0.20368   0.11989   0.19386   0.19482   0.39662   1.18274   0.22289   1.50081   0.78666   1.88605   1.05780   0.05451   0.08092   1.67105  
 26 31.0108   7449.829216  x:  3.27908   0.07708   0.01174   0.37090   0.58788   0.79782   0.57431   0.81965   0.03242   0.09665   0.23691   0.77223   0.61367   0.00000   0.46090   0.61333   0.85724   0.98612   0.99576   0.92256   0.47664   0.43960   0.49292   0.22486   1.28301   0.43479   0.20300   0.04037   0.24086   0.09910   0.19512   0.19935   0.40533   1.17288   0.20796   1.52326   0.78808   1.89467   1.01775   0.05323   0.08115   1.69593  
 27 31.8403   7448.599044  x:  3.29138   0.04254   0.02227   0.38245   0.63361   0.78842   0.56342   0.82617   0.03967   0.06676   0.23675   0.77638   0.62319   0.00000   0.44532   0.66122   0.89869   1.00822   1.04734   0.95651   0.46199   0.42838   0.53299   0.17942   1.28253   0.45665   0.21237   0.03979   0.23365   0.09750   0.19907   0.20209   0.41136   1.16792   0.17947   1.56093   0.79325   1.90795   0.97161   0.06398   0.08129   1.71572  
 28 26.3778   7447.876750  x:  3.28261   0.07230   0.02138   0.41182   0.64966   0.78565   0.55901   0.82904   0.03433   0.09317   0.26090   0.77701   0.63664   0.00000   0.42144   0.68703   0.93149   1.01814   1.08030   0.97550   0.44388   0.41627   0.55005   0.14522   1.29021   0.44721   0.20189   0.04131   0.23889   0.10136   0.20101   0.20410   0.39686   1.18201   0.17372   1.60438   0.81058   1.90210   0.94530   0.07002   0.08131   1.72612  
 29 16.6441   7446.138892  x:  3.21907   0.06832   0.01955   0.48837   0.57636   0.78555   0.55701   0.82725   0.03030   0.07922   0.27373   0.76307   0.63926   0.00000   0.33112   0.72868   1.02371   1.02366   1.15237   0.99933   0.44166   0.41963   0.55501   0.20312   1.34624   0.40939   0.20549   0.04209   0.23399   0.10462   0.20648   0.21083   0.36545   1.28062   0.20008   1.76536   0.88054   1.85887   0.88270   0.08933   0.08143   1.74430  
 30 13.3316   7444.868395  x:  3.18916   0.06775   0.02462   0.50141   0.53235   0.83246   0.60664   0.85255   0.03257   0.09733   0.24642   0.79657   0.62931   0.00000   0.30775   0.71728   1.04808   0.99165   1.19147   0.98563   0.45317   0.43618   0.49891   0.17471   1.40253   0.45013   0.19799   0.04280   0.24753   0.10769   0.21195   0.21400   0.33190   1.37221   0.15158   1.88768   0.86602   1.89665   0.85734   0.09100   0.08149   1.74888  
 31  9.3355   7443.392188  x:  3.23041   0.08023   0.03161   0.45545   0.57188   0.86273   0.54380   0.81107   0.03627   0.10360   0.21875   0.79853   0.65120   0.00000   0.39449   0.69801   1.01898   0.96386   1.22457   0.98277   0.46085   0.39392   0.52338   0.18928   1.45949   0.44458   0.18805   0.04451   0.26384   0.11627   0.21745   0.21699   0.25864   1.44438   0.20547   2.00812   0.79120   1.92070   0.84524   0.07974   0.08136   1.74678  
 32  6.3307   7442.372907  x:  3.32095   0.08104   0.03392   0.43719   0.62988   0.83168   0.56240   0.86081   0.03439   0.10504   0.21915   0.74529   0.64893   0.00000   0.40851   0.70103   0.99379   1.01123   1.20099   1.00118   0.46508   0.39980   0.49544   0.21484   1.45848   0.40057   0.18479   0.04586   0.27027   0.12363   0.22026   0.21896   0.21281   1.42464   0.17990   2.04471   0.74647   1.86233   0.83566   0.06908   0.08136   1.74656  
 33  6.4432   7441.507138  x:  3.44910   0.09129   0.03982   0.41294   0.61493   0.77196   0.55411   0.88819   0.03908   0.10191   0.23501   0.75121   0.66202   0.00000   0.37233   0.71539   0.97781   1.07856   1.16354   1.01220   0.45592   0.40352   0.48043   0.21397   1.43512   0.44856   0.17892   0.04622   0.28470   0.12603   0.22249   0.22370   0.16680   1.36545   0.20717   2.03646   0.80653   1.86793   0.82602   0.05600   0.08138   1.74862  
 34  7.9961   7441.223303  x:  3.50431   0.09885   0.04018   0.43643   0.62528   0.78542   0.54896   0.87541   0.03492   0.10082   0.22478   0.77771   0.66274   0.00000   0.34458   0.73009   0.96782   1.08678   1.17329   1.00907   0.49125   0.38647   0.47566   0.22502   1.43673   0.43344   0.18124   0.04636   0.28441   0.12808   0.22281   0.22317   0.15491   1.33153   0.19258   2.00489   0.84229   1.88134   0.81848   0.04867   0.08146   1.75405  
 35  5.7999   7440.981738  x:  3.55998   0.09673   0.04094   0.43522   0.60706   0.81907   0.56335   0.85965   0.03778   0.10680   0.22348   0.78432   0.66546   0.00000   0.33915   0.75744   0.96731   1.07006   1.21997   1.00638   0.46258   0.39004   0.48442   0.23880   1.44725   0.41885   0.17934   0.04680   0.28815   0.12876   0.22385   0.22467   0.14495   1.30921   0.17377   1.94393   0.87124   1.87521   0.80306   0.04113   0.08149   1.76548  
 36  4.7477   7440.798358  x:  3.60931   0.09428   0.04107   0.44218   0.61379   0.82910   0.56203   0.85752   0.03965   0.10688   0.22917   0.75897   0.65296   0.00000   0.31801   0.77435   0.98113   1.04371   1.25998   1.00704   0.47438   0.39254   0.47472   0.22342   1.46410   0.43560   0.18115   0.04627   0.28799   0.12764   0.22398   0.22456   0.13668   1.32961   0.19162   1.88392   0.87700   1.85963   0.78946   0.02523   0.08156   1.78203  
 37  3.5835   7440.633596  x:  3.65391   0.09678   0.04071   0.43291   0.61425   0.81148   0.55228   0.86822   0.03914   0.10005   0.24262   0.77022   0.66551   0.00000   0.28759   0.77979   1.00427   1.02812   1.27498   1.01035   0.47535   0.38708   0.48318   0.22767   1.47896   0.43230   0.18206   0.04593   0.28618   0.12675   0.22297   0.22369   0.12912   1.36549   0.18044   1.84430   0.85801   1.86473   0.77700   0.00090   0.08158   1.80351  
 38  3.4915   7440.459352  x:  3.69729   0.08688   0.04011   0.43534   0.63506   0.80312   0.55140   0.88076   0.04353   0.11587   0.21830   0.78673   0.65832   0.00000   0.27365   0.78318   1.02367   1.02605   1.27080   1.00890   0.45540   0.39044   0.48893   0.22965   1.48610   0.42219   0.18519   0.04535   0.28316   0.12368   0.22342   0.22382   0.12748   1.38937   0.19222   1.83757   0.85826   1.87558   0.75397  -0.02341   0.08167   1.83147  
 39  3.2803   7439.491156  x:  3.92457   0.08746   0.03779   0.43829   0.67787   0.82478   0.54876   0.88786   0.05532   0.10883   0.27080   0.82809   0.64442   0.00000   0.35672   0.79979   1.07843   1.05508   1.25538   1.00073   0.47284   0.42477   0.49023   0.23404   1.48851   0.44128   0.20100   0.04248   0.27097   0.10935   0.22297   0.22081   0.12048   1.41961   0.17327   1.94136   0.89657   1.88615   0.56520  -0.13081   0.08212   2.00603  
 40  4.2059   7439.094426  x:  4.01954   0.08222   0.03704   0.44029   0.66915   0.85290   0.57922   0.89944   0.06006   0.11519   0.26357   0.80813   0.68217   0.00000   0.35369   0.78068   1.06200   1.05964   1.24884   1.03694   0.48963   0.40132   0.52915   0.22569   1.49441   0.46082   0.21133   0.04045   0.26520   0.10057   0.22342   0.21950   0.12193   1.41303   0.17353   1.99803   0.90161   1.88463   0.49293  -0.18061   0.08235   2.07726  
 41  9.4545   7439.010716  x:  4.04336   0.08134   0.03630   0.45187   0.66379   0.85595   0.57050   0.88979   0.06026   0.11176   0.26254   0.80620   0.69135   0.00000   0.34326   0.77549   1.04399   1.06655   1.26259   1.06495   0.48131   0.41715   0.51420   0.22314   1.49872   0.46015   0.21103   0.04010   0.26232   0.09907   0.22205   0.21859   0.12279   1.40193   0.17735   2.01492   0.88765   1.89334   0.48725  -0.20153   0.08243   2.09184  
 42  3.1263   7438.981527  x:  4.05763   0.08180   0.03652   0.45563   0.65615   0.85431   0.57272   0.89154   0.05981   0.11227   0.26753   0.80942   0.67497   0.00000   0.33533   0.77993   1.03352   1.07571   1.27618   1.05767   0.47815   0.41069   0.51827   0.22360   1.49878   0.46116   0.21132   0.03981   0.26157   0.09770   0.22125   0.21781   0.12390   1.39496   0.18232   2.02277   0.87327   1.89458   0.48777  -0.21261   0.08248   2.09576  
 43  1.0894   7438.936977  x:  4.08652   0.08210   0.03640   0.45680   0.65566   0.85153   0.57112   0.88625   0.05922   0.11357   0.26020   0.80820   0.68968   0.00000   0.32558   0.79110   1.02508   1.08067   1.28649   1.03064   0.47607   0.41437   0.51578   0.22248   1.48953   0.46461   0.21161   0.03955   0.26085   0.09649   0.21982   0.21637   0.12579   1.39521   0.18211   2.02782   0.86705   1.88528   0.48240  -0.22633   0.08252   2.10027  
 44  0.7844   7438.772056  x:  4.19566   0.09604   0.03748   0.44271   0.66066   0.85138   0.58517   0.88159   0.05345   0.10720   0.25817   0.79082   0.68326   0.00000   0.32036   0.81576   1.01987   1.06351   1.28271   1.03819   0.47257   0.41609   0.51393   0.23194   1.46075   0.45575   0.20883   0.03949   0.26095   0.09458   0.21422   0.21064   0.12764   1.41081   0.17832   2.01769   0.88659   1.90472   0.45333  -0.27535   0.08261   2.11646  
 45  1.3375   7438.680138  x:  4.25128   0.10265   0.03796   0.44243   0.65544   0.85653   0.58127   0.88729   0.05143   0.10577   0.25100   0.81578   0.67820   0.00000   0.32589   0.80741   1.02630   1.06117   1.27249   1.05551   0.47244   0.41791   0.51451   0.22945   1.46984   0.46130   0.20756   0.03959   0.26187   0.09414   0.21197   0.20845   0.13010   1.40471   0.18246   1.99825   0.88558   1.87648   0.42206  -0.29354   0.08267   2.12897  
 46  2.5537   7438.625838  x:  4.28496   0.10637   0.03769   0.44990   0.65017   0.86058   0.57561   0.90161   0.04979   0.10507   0.24818   0.80660   0.68462   0.00000   0.33770   0.78695   1.04088   1.08270   1.27219   1.04918   0.47157   0.42005   0.51523   0.22959   1.50044   0.45993   0.20761   0.03967   0.26201   0.09478   0.21055   0.20695   0.13104   1.39355   0.18514   1.98133   0.88609   1.88689   0.39705  -0.30766   0.08270   2.14281  
 47  1.8257   7438.574254  x:  4.32891   0.10562   0.03592   0.45267   0.65128   0.84421   0.58591   0.89293   0.05005   0.10455   0.24534   0.80934   0.68190   0.00000   0.34780   0.76076   1.02377   1.09990   1.28569   1.04939   0.47181   0.41960   0.51929   0.22709   1.49619   0.46089   0.20692   0.04026   0.26142   0.09864   0.20902   0.20553   0.12410   1.40950   0.18131   1.97925   0.89727   1.88512   0.35939  -0.34006   0.08266   2.17799  
 48  0.6942   7438.506947  x:  4.39780   0.10536   0.03387   0.44975   0.64290   0.86332   0.58342   0.88884   0.05048   0.10171   0.24771   0.80635   0.68026   0.00000   0.34098   0.77798   1.02722   1.09639   1.26122   1.04643   0.47058   0.42012   0.51959   0.22206   1.48679   0.46201   0.20573   0.04107   0.26081   0.10383   0.20688   0.20321   0.11433   1.40497   0.18849   1.99438   0.88122   1.88780   0.30720  -0.39729   0.08265   2.23472  
 49  1.3705   7438.493966  x:  4.41549   0.10446   0.03325   0.45219   0.64129   0.85342   0.57864   0.89631   0.05057   0.10127   0.24687   0.80525   0.67947   0.00000   0.34378   0.77858   1.02611   1.07801   1.26131   1.04308   0.47003   0.41927   0.51962   0.22065   1.49189   0.46080   0.20513   0.04116   0.26021   0.10422   0.20630   0.20266   0.11435   1.39548   0.18627   2.00263   0.88480   1.88691   0.29761  -0.41364   0.08266   2.24723  
 50  0.7547   7438.443610  x:  4.48710   0.10244   0.03225   0.44673   0.64390   0.84261   0.59213   0.87280   0.05239   0.10465   0.24882   0.80304   0.67732   0.00000   0.33846   0.75913   1.05119   1.06889   1.26219   1.04028   0.47405   0.41737   0.51601   0.22315   1.48921   0.45654   0.20190   0.04178   0.26176   0.10345   0.20589   0.20259   0.11966   1.38043   0.18796   2.01011   0.87629   1.88708   0.23708  -0.47891   0.08269   2.30146  
 51  0.4280   7438.354421  x:  4.60255   0.09610   0.02967   0.45384   0.63561   0.85323   0.56665   0.89127   0.05530   0.11233   0.25112   0.79907   0.67576   0.00000   0.34187   0.76015   1.03070   1.08050   1.25568   1.04343   0.47720   0.41255   0.51425   0.22883   1.47842   0.45174   0.19654   0.04316   0.26485   0.10281   0.20552   0.20347   0.12811   1.39970   0.18023   2.00229   0.87729   1.88829   0.11720  -0.59185   0.08271   2.40069  
 52  2.2464   7438.344785  x:  4.61435   0.09568   0.02944   0.45587   0.63537   0.84640   0.57296   0.88452   0.05515   0.11248   0.25192   0.79934   0.67683   0.00000   0.34410   0.77218   1.02142   1.08322   1.24765   1.04426   0.47752   0.41239   0.51422   0.22771   1.49271   0.45185   0.19664   0.04325   0.26520   0.10257   0.20566   0.20366   0.12913   1.40368   0.18009   2.00011   0.87671   1.88884   0.10080  -0.60479   0.08272   2.41269  
 53  0.8282   7438.286815  x:  4.72605   0.09836   0.02886   0.45616   0.63491   0.84766   0.57146   0.88441   0.05403   0.11379   0.24821   0.79859   0.67885   0.00000   0.35071   0.76911   1.02976   1.08209   1.25209   1.04763   0.47117   0.40917   0.50879   0.23127   1.49640   0.45748   0.20604   0.04383   0.26609   0.10224   0.21017   0.20712   0.12839   1.41579   0.17959   2.01610   0.87466   1.88812  -0.05574  -0.75385   0.08263   2.52372  
 54  0.1920   7438.226654  x:  4.84816   0.09683   0.02729   0.46148   0.64244   0.85763   0.57807   0.89089   0.05378   0.10870   0.25130   0.80479   0.68154   0.00000   0.34724   0.77967   1.03765   1.09135   1.26326   1.05373   0.47629   0.41870   0.51995   0.23242   1.50698   0.46535   0.20190   0.04643   0.26677   0.10568   0.21346   0.21107   0.13782   1.42442   0.18329   2.02998   0.88341   1.88900  -0.34139  -1.02886   0.08230   2.74437  
 55  0.1840   7438.186099  x:  4.89050   0.09347   0.02725   0.45389   0.64945   0.86498   0.57919   0.90284   0.05349   0.11130   0.25416   0.81199   0.68879   0.00000   0.34177   0.79040   1.03884   1.10129   1.28261   1.06097   0.48202   0.41694   0.51695   0.23469   1.52306   0.45789   0.20367   0.04758   0.27194   0.10611   0.21302   0.21106   0.13757   1.42976   0.18328   2.06048   0.88526   1.88982  -0.61956  -1.29510   0.08157   2.94619  
 56  0.1392   7438.149856  x:  4.92267   0.09201   0.02364   0.45993   0.64928   0.86747   0.58089   0.89861   0.05442   0.11040   0.25214   0.81146   0.68787   0.00000   0.34136   0.79340   1.04743   1.09799   1.28473   1.06077   0.47705   0.41539   0.51688   0.23214   1.52190   0.46323   0.20317   0.04835   0.26888   0.10624   0.21135   0.20882   0.14159   1.43357   0.18263   2.06550   0.88546   1.89005  -0.93101  -1.60679   0.08053   3.18741  
 57  0.1866   7438.133872  x:  4.90731   0.09500   0.02520   0.45920   0.64638   0.86395   0.57903   0.89585   0.05362   0.11070   0.24990   0.80779   0.68514   0.00000   0.34049   0.79420   1.04647   1.09641   1.28137   1.05888   0.47681   0.41534   0.51678   0.23370   1.51886   0.46423   0.20139   0.04809   0.26847   0.10417   0.21124   0.20880   0.13797   1.42982   0.18386   2.05724   0.88492   1.88873  -1.03156  -1.71381   0.08001   3.25327  
 58  0.1293   7438.129648  x:  4.93786   0.09465   0.02445   0.45855   0.64372   0.86199   0.57751   0.89585   0.05416   0.11084   0.25106   0.80693   0.68441   0.00000   0.34205   0.79021   1.04156   1.09657   1.27708   1.05734   0.47826   0.41621   0.51683   0.23390   1.51775   0.46125   0.20209   0.04805   0.26794   0.10389   0.21165   0.20932   0.13669   1.42867   0.18380   2.05365   0.88349   1.88899  -1.13214  -1.81618   0.07980   3.33199  
 59  0.1143   7438.127204  x:  4.95678   0.09532   0.02473   0.46028   0.64412   0.86317   0.57990   0.89631   0.05405   0.11018   0.25134   0.80871   0.68562   0.00000   0.34502   0.78744   1.04097   1.09468   1.27440   1.05609   0.47709   0.41631   0.51633   0.23355   1.51588   0.46051   0.20228   0.04743   0.26788   0.10402   0.21187   0.20952   0.13637   1.42904   0.18398   2.05041   0.88126   1.88967  -1.21144  -1.89465   0.07985   3.38800  
 60  0.0337   7438.120507  x:  4.96783   0.09296   0.02375   0.46104   0.64588   0.86314   0.57840   0.89535   0.05429   0.11060   0.25108   0.80663   0.68549   0.00000   0.34356   0.79092   1.04289   1.09488   1.27775   1.05738   0.47760   0.41504   0.51756   0.23191   1.51625   0.46240   0.20301   0.04528   0.26798   0.10483   0.21158   0.20857   0.13870   1.43010   0.18527   2.05325   0.88357   1.88897  -1.60243  -2.28593   0.07971   3.67523  
 61  0.0954   7438.116925  x:  4.94474   0.09400   0.02385   0.45883   0.64389   0.86211   0.57783   0.89588   0.05430   0.11079   0.25118   0.80734   0.68477   0.00000   0.34257   0.78995   1.04210   1.09679   1.27680   1.05760   0.47801   0.41607   0.51665   0.23403   1.51760   0.46167   0.20388   0.04398   0.26829   0.10517   0.21196   0.20947   0.13750   1.42875   0.18320   2.05375   0.88337   1.88913  -1.74426  -2.42775   0.07993   3.77544  
 62  0.1080   7438.114258  x:  4.93012   0.09576   0.02260   0.45899   0.64399   0.86289   0.57917   0.89589   0.05463   0.11062   0.25049   0.80776   0.68525   0.00000   0.34319   0.78944   1.04197   1.09560   1.27635   1.05643   0.47728   0.41632   0.51636   0.23555   1.51714   0.46144   0.20365   0.04399   0.26804   0.10512   0.21201   0.20961   0.13694   1.42907   0.18339   2.05247   0.88337   1.88888  -1.96581  -2.64931   0.07991   3.94070  
 63  0.0976   7438.108765  x:  4.87778   0.09748   0.02285   0.45815   0.64565   0.86264   0.57921   0.89589   0.05430   0.11081   0.25071   0.80695   0.68505   0.00000   0.34321   0.78985   1.03932   1.09314   1.27633   1.05554   0.47766   0.41583   0.51655   0.23545   1.51398   0.46049   0.20305   0.04543   0.26843   0.10403   0.21187   0.20904   0.13570   1.42647   0.18575   2.04479   0.88344   1.88842  -2.24080  -2.92591   0.08024   4.14454  
 64  0.1127   7438.102965  x:  4.90347   0.09417   0.02195   0.45992   0.64381   0.86012   0.57716   0.89520   0.05423   0.11127   0.25099   0.80631   0.68455   0.00000   0.34463   0.78763   1.03996   1.09545   1.27440   1.05698   0.47748   0.41561   0.51606   0.23397   1.51540   0.46124   0.20224   0.04661   0.26837   0.10396   0.21172   0.20920   0.13588   1.42711   0.18328   2.04613   0.88196   1.88858  -2.94589  -3.63223   0.08028   4.67423  
 65  0.4028   7438.099974  x:  4.90002   0.09450   0.02250   0.45956   0.64309   0.86127   0.57836   0.89466   0.05397   0.11067   0.25041   0.80684   0.68448   0.00000   0.34341   0.78823   1.04135   1.09480   1.27394   1.05579   0.47676   0.41602   0.51644   0.23432   1.51473   0.46171   0.20286   0.04666   0.26741   0.10442   0.21132   0.20908   0.13746   1.42666   0.18272   2.04633   0.88342   1.88856  -3.63427  -4.31958   0.08018   5.17966  
 66  0.4089   7438.097967  x:  4.90315   0.09494   0.02161   0.45963   0.64409   0.86172   0.57831   0.89511   0.05467   0.11092   0.25059   0.80662   0.68482   0.00000   0.34412   0.78782   1.04033   1.09461   1.27494   1.05590   0.47710   0.41575   0.51628   0.23539   1.51607   0.46095   0.20234   0.04648   0.26781   0.10437   0.21163   0.20921   0.13646   1.42846   0.18378   2.04862   0.88330   1.88837  -4.67327  -5.35855   0.08017   5.95074  
 67  0.7280   7438.096655  x:  4.91119   0.09458   0.02208   0.45948   0.64403   0.86124   0.57753   0.89531   0.05463   0.11098   0.25107   0.80662   0.68448   0.00000   0.34394   0.78805   1.04005   1.09518   1.27493   1.05671   0.47728   0.41578   0.51610   0.23450   1.51620   0.46106   0.20258   0.04635   0.26816   0.10423   0.21168   0.20912   0.13629   1.42772   0.18362   2.04803   0.88244   1.88857  -6.07703  -6.76262   0.08020   6.99005  
 68  0.7268   7438.095559  x:  4.90471   0.09509   0.02134   0.45942   0.64385   0.86150   0.57825   0.89511   0.05453   0.11091   0.25055   0.80679   0.68459   0.00000   0.34362   0.78872   1.04075   1.09482   1.27497   1.05610   0.47691   0.41597   0.51638   0.23477   1.51548   0.46145   0.20282   0.04640   0.26782   0.10432   0.21152   0.20908   0.13687   1.42723   0.18329   2.04657   0.88315   1.88844  -8.10678  -8.79210   0.08017   8.49576  
 69  1.4216   7438.095367  x:  4.90274   0.09526   0.02103   0.45946   0.64382   0.86154   0.57850   0.89505   0.05451   0.11094   0.25035   0.80683   0.68467   0.00000   0.34359   0.78893   1.04100   1.09473   1.27505   1.05593   0.47681   0.41600   0.51648   0.23490   1.51530   0.46157   0.20283   0.04642   0.26773   0.10434   0.21149   0.20910   0.13697   1.42717   0.18318   2.04620   0.88336   1.88839  -9.70802  -10.39327   0.08016   9.68295  
 70  8.4412   7438.095146  x:  4.90082   0.09539   0.02074   0.45954   0.64380   0.86155   0.57875   0.89500   0.05447   0.11099   0.25015   0.80686   0.68478   0.00000   0.34361   0.78909   1.04123   1.09466   1.27516   1.05578   0.47673   0.41600   0.51657   0.23507   1.51516   0.46164   0.20278   0.04646   0.26766   0.10436   0.21147   0.20914   0.13702   1.42722   0.18310   2.04598   0.88355   1.88834  -12.43802  -13.12320   0.08016  11.70642  
 71 12.0998   7438.095084  x:  4.90002   0.09545   0.02059   0.45958   0.64378   0.86156   0.57886   0.89497   0.05445   0.11102   0.25007   0.80688   0.68482   0.00000   0.34362   0.78917   1.04133   1.09463   1.27521   1.05571   0.47669   0.41601   0.51661   0.23515   1.51511   0.46167   0.20277   0.04647   0.26762   0.10437   0.21147   0.20915   0.13705   1.42723   0.18306   2.04586   0.88363   1.88832  -14.27963  -14.96479   0.08015  13.07124  
 72 59.1688   7438.095084  x:  4.90002   0.09545   0.02059   0.45958   0.64378   0.86156   0.57886   0.89497   0.05445   0.11102   0.25007   0.80688   0.68482   0.00000   0.34362   0.78917   1.04133   1.09463   1.27521   1.05571   0.47669   0.41601   0.51661   0.23515   1.51511   0.46167   0.20277   0.04647   0.26762   0.10437   0.21147   0.20915   0.13705   1.42723   0.18306   2.04586   0.88363   1.88832  -14.27963  -14.96479   0.08015  13.07124  
 73 165035.5739   7438.094603  x:  4.90002   0.09544   0.02087   0.45958   0.64378   0.86156   0.57885   0.89497   0.05446   0.11103   0.25008   0.80688   0.68482   0.00000   0.34362   0.78917   1.04132   1.09463   1.27521   1.05572   0.47670   0.41600   0.51661   0.23515   1.51511   0.46167   0.20276   0.04646   0.26763   0.10436   0.21147   0.20915   0.13704   1.42723   0.18306   2.04587   0.88363   1.88832  -14.27963  -14.96479   0.08030  13.07124  
 74  3.0044   7438.094158  x:  4.90002   0.09542   0.02126   0.45959   0.64378   0.86155   0.57885   0.89497   0.05448   0.11104   0.25009   0.80688   0.68482   0.00000   0.34362   0.78916   1.04132   1.09462   1.27521   1.05572   0.47670   0.41600   0.51660   0.23515   1.51511   0.46166   0.20274   0.04645   0.26765   0.10436   0.21149   0.20916   0.13702   1.42723   0.18306   2.04587   0.88363   1.88832  -14.27963  -14.96480   0.08020  13.07124  
 75  4.6796   7438.094038  x:  4.90004   0.09500   0.02127   0.45962   0.64381   0.86153   0.57871   0.89495   0.05461   0.11115   0.25034   0.80689   0.68482   0.00000   0.34362   0.78909   1.04125   1.09462   1.27522   1.05580   0.47683   0.41590   0.51649   0.23505   1.51517   0.46148   0.20251   0.04629   0.26793   0.10429   0.21168   0.20920   0.13666   1.42725   0.18309   2.04591   0.88356   1.88833  -14.27960  -14.96483   0.08020  13.07124  
 76  0.2862   7438.094006  x:  4.90005   0.09484   0.02127   0.45963   0.64382   0.86151   0.57863   0.89493   0.05460   0.11117   0.25045   0.80688   0.68481   0.00000   0.34362   0.78904   1.04120   1.09461   1.27522   1.05585   0.47689   0.41585   0.51643   0.23501   1.51521   0.46139   0.20255   0.04648   0.26800   0.10430   0.21168   0.20919   0.13653   1.42726   0.18313   2.04595   0.88352   1.88833  -14.27958  -14.96485   0.08020  13.07124  
 77  0.2633   7438.093984  x:  4.90009   0.09477   0.02128   0.45966   0.64385   0.86146   0.57845   0.89491   0.05449   0.11111   0.25060   0.80684   0.68475   0.00000   0.34361   0.78893   1.04108   1.09460   1.27522   1.05595   0.47697   0.41577   0.51634   0.23497   1.51530   0.46126   0.20257   0.04644   0.26791   0.10425   0.21152   0.20913   0.13647   1.42732   0.18323   2.04602   0.88346   1.88833  -14.27955  -14.96488   0.08019  13.07124  
 78  0.1319   7438.093965  x:  4.90014   0.09482   0.02128   0.45969   0.64388   0.86140   0.57823   0.89490   0.05449   0.11104   0.25072   0.80677   0.68467   0.00000   0.34361   0.78877   1.04092   1.09459   1.27521   1.05608   0.47707   0.41573   0.51626   0.23498   1.51543   0.46114   0.20259   0.04640   0.26783   0.10437   0.21157   0.20919   0.13652   1.42742   0.18337   2.04612   0.88336   1.88832  -14.27946  -14.96497   0.08019  13.07124  
 79  0.1364   7438.093957  x:  4.90018   0.09488   0.02127   0.45969   0.64388   0.86135   0.57811   0.89490   0.05454   0.11100   0.25074   0.80671   0.68461   0.00000   0.34361   0.78866   1.04080   1.09459   1.27519   1.05615   0.47711   0.41573   0.51624   0.23501   1.51552   0.46110   0.20258   0.04643   0.26785   0.10427   0.21162   0.20916   0.13657   1.42748   0.18342   2.04620   0.88329   1.88831  -14.27940  -14.96503   0.08019  13.07124  
 80  0.1214   7438.093950  x:  4.90024   0.09489   0.02127   0.45966   0.64386   0.86131   0.57803   0.89494   0.05451   0.11098   0.25068   0.80664   0.68455   0.00000   0.34363   0.78853   1.04066   1.09459   1.27515   1.05620   0.47709   0.41578   0.51626   0.23505   1.51561   0.46110   0.20253   0.04644   0.26793   0.10430   0.21158   0.20912   0.13657   1.42754   0.18341   2.04631   0.88317   1.88832  -14.27938  -14.96505   0.08019  13.07124  
 81  0.0672   7438.093946  x:  4.90032   0.09486   0.02128   0.45962   0.64383   0.86127   0.57800   0.89501   0.05450   0.11103   0.25061   0.80658   0.68452   0.00000   0.34366   0.78840   1.04053   1.09461   1.27510   1.05623   0.47703   0.41582   0.51627   0.23507   1.51569   0.46112   0.20253   0.04644   0.26788   0.10428   0.21157   0.20918   0.13653   1.42759   0.18336   2.04643   0.88303   1.88834  -14.27937  -14.96506   0.08019  13.07125  
 82  0.0638   7438.093943  x:  4.90039   0.09485   0.02127   0.45962   0.64382   0.86126   0.57801   0.89505   0.05453   0.11109   0.25060   0.80657   0.68455   0.00000   0.34371   0.78833   1.04046   1.09464   1.27505   1.05621   0.47698   0.41580   0.51626   0.23505   1.51572   0.46113   0.20255   0.04643   0.26786   0.10430   0.21158   0.20912   0.13653   1.42762   0.18336   2.04652   0.88297   1.88834  -14.27936  -14.96507   0.08019  13.07125  
 83  0.0423   7438.093941  x:  4.90050   0.09486   0.02128   0.45964   0.64382   0.86127   0.57806   0.89510   0.05450   0.11108   0.25059   0.80659   0.68461   0.00000   0.34380   0.78824   1.04039   1.09468   1.27498   1.05616   0.47693   0.41575   0.51624   0.23500   1.51575   0.46112   0.20256   0.04643   0.26789   0.10429   0.21159   0.20914   0.13655   1.42764   0.18338   2.04666   0.88291   1.88835  -14.27934  -14.96509   0.08019  13.07125  
 84  0.0399   7438.093940  x:  4.90060   0.09486   0.02128   0.45967   0.64383   0.86127   0.57808   0.89510   0.05454   0.11105   0.25059   0.80660   0.68464   0.00000   0.34388   0.78819   1.04035   1.09473   1.27492   1.05611   0.47693   0.41575   0.51625   0.23498   1.51576   0.46113   0.20253   0.04644   0.26788   0.10429   0.21156   0.20916   0.13656   1.42764   0.18340   2.04677   0.88289   1.88835  -14.27935  -14.96508   0.08019  13.07126  
 85  0.0371   7438.093938  x:  4.90076   0.09484   0.02128   0.45970   0.64383   0.86129   0.57808   0.89508   0.05452   0.11102   0.25060   0.80663   0.68465   0.00000   0.34401   0.78813   1.04033   1.09479   1.27482   1.05605   0.47699   0.41579   0.51628   0.23500   1.51575   0.46116   0.20254   0.04644   0.26786   0.10429   0.21160   0.20914   0.13654   1.42765   0.18343   2.04694   0.88288   1.88835  -14.27937  -14.96506   0.08019  13.07126  
 86  0.0398   7438.093937  x:  4.90089   0.09485   0.02128   0.45970   0.64382   0.86129   0.57808   0.89504   0.05452   0.11105   0.25061   0.80663   0.68464   0.00000   0.34408   0.78810   1.04033   1.09483   1.27475   1.05604   0.47702   0.41580   0.51628   0.23502   1.51574   0.46117   0.20257   0.04643   0.26789   0.10429   0.21158   0.20915   0.13655   1.42765   0.18344   2.04705   0.88288   1.88836  -14.27940  -14.96503   0.08019  13.07127  
 87  0.0378   7438.093936  x:  4.90104   0.09487   0.02128   0.45969   0.64381   0.86130   0.57808   0.89502   0.05452   0.11107   0.25062   0.80663   0.68462   0.00000   0.34412   0.78808   1.04035   1.09487   1.27469   1.05607   0.47702   0.41578   0.51626   0.23503   1.51573   0.46116   0.20254   0.04644   0.26788   0.10430   0.21159   0.20915   0.13655   1.42765   0.18342   2.04714   0.88291   1.88836  -14.27943  -14.96500   0.08019  13.07127  
 88  0.0247   7438.093935  x:  4.90132   0.09486   0.02128   0.45968   0.64382   0.86133   0.57811   0.89501   0.05453   0.11102   0.25063   0.80663   0.68460   0.00000   0.34414   0.78807   1.04041   1.09491   1.27462   1.05617   0.47699   0.41577   0.51627   0.23503   1.51571   0.46114   0.20256   0.04643   0.26789   0.10429   0.21159   0.20915   0.13655   1.42765   0.18338   2.04727   0.88297   1.88836  -14.27943  -14.96500   0.08019  13.07128  
 89  0.0267   7438.093934  x:  4.90152   0.09486   0.02128   0.45968   0.64384   0.86134   0.57813   0.89502   0.05451   0.11104   0.25065   0.80664   0.68461   0.00000   0.34413   0.78806   1.04044   1.09491   1.27460   1.05622   0.47699   0.41580   0.51629   0.23504   1.51571   0.46114   0.20255   0.04644   0.26788   0.10429   0.21159   0.20915   0.13655   1.42766   0.18338   2.04733   0.88300   1.88837  -14.27941  -14.96502   0.08019  13.07129  
 90  0.0264   7438.093931  x:  4.90260   0.09484   0.02128   0.45966   0.64390   0.86137   0.57812   0.89510   0.05452   0.11103   0.25065   0.80664   0.68473   0.00000   0.34397   0.78805   1.04052   1.09484   1.27465   1.05628   0.47703   0.41585   0.51627   0.23502   1.51573   0.46122   0.20256   0.04644   0.26790   0.10430   0.21160   0.20916   0.13658   1.42771   0.18343   2.04749   0.88306   1.88841  -14.27949  -14.96494   0.08019  13.07134  
 91  0.0266   7438.093926  x:  4.90451   0.09490   0.02128   0.45966   0.64394   0.86142   0.57810   0.89521   0.05452   0.11105   0.25061   0.80670   0.68471   0.00000   0.34396   0.78823   1.04065   1.09480   1.27495   1.05626   0.47711   0.41581   0.51627   0.23502   1.51584   0.46124   0.20256   0.04644   0.26790   0.10430   0.21160   0.20916   0.13653   1.42779   0.18339   2.04765   0.88301   1.88839  -14.27951  -14.96492   0.08018  13.07142  
 92  0.0502   7438.093925  x:  4.90514   0.09485   0.02128   0.45966   0.64392   0.86143   0.57809   0.89519   0.05453   0.11105   0.25065   0.80671   0.68468   0.00000   0.34396   0.78830   1.04065   1.09481   1.27505   1.05624   0.47704   0.41583   0.51633   0.23503   1.51588   0.46119   0.20257   0.04644   0.26790   0.10430   0.21161   0.20916   0.13659   1.42781   0.18343   2.04766   0.88299   1.88839  -14.27953  -14.96490   0.08018  13.07145  
 93  0.0480   7438.093924  x:  4.90535   0.09484   0.02128   0.45970   0.64390   0.86143   0.57812   0.89515   0.05452   0.11105   0.25065   0.80670   0.68467   0.00000   0.34394   0.78832   1.04061   1.09485   1.27504   1.05623   0.47702   0.41581   0.51632   0.23507   1.51590   0.46121   0.20256   0.04644   0.26790   0.10430   0.21160   0.20917   0.13659   1.42782   0.18344   2.04761   0.88299   1.88841  -14.27952  -14.96491   0.08018  13.07146  
 94  0.0146   7438.093924  x:  4.90554   0.09485   0.02128   0.45972   0.64388   0.86143   0.57816   0.89510   0.05452   0.11105   0.25065   0.80670   0.68467   0.00000   0.34391   0.78833   1.04055   1.09490   1.27501   1.05623   0.47704   0.41583   0.51631   0.23505   1.51590   0.46118   0.20256   0.04644   0.26790   0.10430   0.21160   0.20916   0.13658   1.42783   0.18343   2.04754   0.88298   1.88842  -14.27952  -14.96491   0.08018  13.07147  
 95  0.0154   7438.093924  x:  4.90562   0.09485   0.02128   0.45969   0.64386   0.86141   0.57815   0.89510   0.05452   0.11105   0.25064   0.80670   0.68468   0.00000   0.34393   0.78833   1.04052   1.09492   1.27499   1.05624   0.47704   0.41582   0.51631   0.23504   1.51589   0.46120   0.20256   0.04644   0.26790   0.10430   0.21160   0.20916   0.13658   1.42782   0.18343   2.04748   0.88300   1.88840  -14.27951  -14.96492   0.08018  13.07148  
 96  0.0058   7438.093924  x:  4.90568   0.09485   0.02128   0.45969   0.64389   0.86140   0.57813   0.89511   0.05452   0.11104   0.25065   0.80669   0.68467   0.00000   0.34396   0.78831   1.04050   1.09493   1.27495   1.05624   0.47704   0.41582   0.51631   0.23503   1.51586   0.46121   0.20256   0.04644   0.26790   0.10430   0.21160   0.20916   0.13658   1.42780   0.18342   2.04742   0.88300   1.88839  -14.27951  -14.96492   0.08018  13.07149  
 97  0.0045   7438.093924  x:  4.90570   0.09485   0.02128   0.45968   0.64389   0.86140   0.57813   0.89512   0.05452   0.11104   0.25065   0.80669   0.68467   0.00000   0.34397   0.78829   1.04051   1.09492   1.27494   1.05623   0.47704   0.41582   0.51631   0.23504   1.51586   0.46119   0.20256   0.04644   0.26790   0.10430   0.21160   0.20916   0.13658   1.42779   0.18343   2.04740   0.88300   1.88840  -14.27950  -14.96493   0.08018  13.07150  
 98  0.0023   7438.093923  x:  4.90571   0.09485   0.02128   0.45968   0.64388   0.86141   0.57813   0.89512   0.05452   0.11104   0.25065   0.80669   0.68467   0.00000   0.34397   0.78828   1.04051   1.09491   1.27493   1.05622   0.47704   0.41582   0.51631   0.23504   1.51586   0.46119   0.20256   0.04644   0.26790   0.10430   0.21160   0.20916   0.13658   1.42779   0.18342   2.04739   0.88300   1.88840  -14.27950  -14.96493   0.08018  13.07151  
 99  0.0012   7438.093923  x:  4.90571   0.09485   0.02128   0.45969   0.64388   0.86141   0.57813   0.89511   0.05452   0.11105   0.25065   0.80669   0.68467   0.00000   0.34397   0.78828   1.04052   1.09491   1.27493   1.05622   0.47704   0.41582   0.51631   0.23504   1.51586   0.46119   0.20256   0.04644   0.26790   0.10430   0.21160   0.20916   0.13658   1.42779   0.18342   2.04739   0.88300   1.88840  -14.27950  -14.96493   0.08018  13.07151  
100  0.0009   7438.093923  x:  4.90571   0.09485   0.02128   0.45969   0.64388   0.86140   0.57813   0.89511   0.05452   0.11104   0.25065   0.80669   0.68467   0.00000   0.34397   0.78827   1.04052   1.09490   1.27493   1.05622   0.47703   0.41582   0.51631   0.23504   1.51586   0.46120   0.20256   0.04644   0.26790   0.10430   0.21160   0.20916   0.13658   1.42779   0.18342   2.04739   0.88300   1.88840  -14.27950  -14.96493   0.08018  13.07152  
101  0.0004   7438.093923  x:  4.90571   0.09485   0.02128   0.45969   0.64388   0.86140   0.57814   0.89511   0.05452   0.11104   0.25065   0.80669   0.68467   0.00000   0.34397   0.78827   1.04052   1.09490   1.27493   1.05623   0.47704   0.41582   0.51631   0.23504   1.51586   0.46119   0.20256   0.04644   0.26790   0.10430   0.21160   0.20916   0.13658   1.42779   0.18343   2.04739   0.88300   1.88840  -14.27950  -14.96493   0.08018  13.07155  
102  0.0006   7438.093923  x:  4.90571   0.09485   0.02128   0.45969   0.64389   0.86138   0.57813   0.89510   0.05452   0.11105   0.25064   0.80669   0.68468   0.00000   0.34397   0.78827   1.04052   1.09490   1.27493   1.05622   0.47703   0.41581   0.51631   0.23504   1.51585   0.46119   0.20256   0.04644   0.26790   0.10430   0.21160   0.20916   0.13658   1.42779   0.18342   2.04739   0.88300   1.88840  -14.27950  -14.96493   0.08018  13.07170  
103  0.0016   7438.093923  x:  4.90571   0.09484   0.02128   0.45968   0.64388   0.86135   0.57813   0.89510   0.05452   0.11104   0.25065   0.80668   0.68467   0.00000   0.34396   0.78827   1.04053   1.09490   1.27493   1.05618   0.47703   0.41583   0.51628   0.23504   1.51584   0.46119   0.20256   0.04644   0.26790   0.10430   0.21160   0.20916   0.13658   1.42781   0.18341   2.04740   0.88302   1.88839  -14.27948  -14.96495   0.08018  13.07366  
104  0.0096   7438.093922  x:  4.90571   0.09485   0.02129   0.45968   0.64387   0.86134   0.57813   0.89512   0.05452   0.11105   0.25067   0.80665   0.68462   0.00000   0.34392   0.78826   1.04051   1.09489   1.27491   1.05615   0.47705   0.41578   0.51634   0.23503   1.51579   0.46120   0.20256   0.04644   0.26790   0.10430   0.21160   0.20916   0.13656   1.42783   0.18341   2.04744   0.88302   1.88841  -14.27947  -14.96496   0.08018  13.08244  
105  0.1027   7438.093921  x:  4.90570   0.09484   0.02129   0.45968   0.64387   0.86140   0.57811   0.89510   0.05452   0.11105   0.25065   0.80671   0.68466   0.00000   0.34395   0.78827   1.04047   1.09487   1.27491   1.05623   0.47703   0.41582   0.51629   0.23504   1.51576   0.46119   0.20255   0.04643   0.26790   0.10430   0.21160   0.20916   0.13657   1.42778   0.18343   2.04748   0.88297   1.88841  -14.27947  -14.96495   0.08019  13.09771  
106  0.3697   7438.093920  x:  4.90570   0.09484   0.02130   0.45968   0.64389   0.86141   0.57813   0.89511   0.05452   0.11104   0.25066   0.80664   0.68469   0.00000   0.34398   0.78826   1.04050   1.09490   1.27491   1.05625   0.47704   0.41582   0.51630   0.23504   1.51585   0.46118   0.20256   0.04643   0.26791   0.10430   0.21160   0.20916   0.13657   1.42777   0.18343   2.04747   0.88298   1.88839  -14.27949  -14.96492   0.08019  13.10140  
107  0.0897   7438.093920  x:  4.90570   0.09484   0.02130   0.45968   0.64391   0.86139   0.57813   0.89513   0.05452   0.11104   0.25066   0.80670   0.68468   0.00000   0.34399   0.78823   1.04054   1.09495   1.27490   1.05625   0.47705   0.41582   0.51630   0.23503   1.51596   0.46120   0.20256   0.04643   0.26791   0.10430   0.21161   0.20916   0.13657   1.42779   0.18343   2.04744   0.88301   1.88843  -14.27951  -14.96491   0.08019  13.10555  
108  0.0883   7438.093919  x:  4.90569   0.09484   0.02130   0.45972   0.64390   0.86142   0.57815   0.89517   0.05452   0.11105   0.25066   0.80678   0.68466   0.00000   0.34400   0.78816   1.04053   1.09496   1.27492   1.05627   0.47705   0.41583   0.51633   0.23505   1.51600   0.46119   0.20256   0.04644   0.26792   0.10430   0.21161   0.20917   0.13657   1.42790   0.18342   2.04740   0.88308   1.88831  -14.27956  -14.96486   0.08019  13.11681  
109  0.0976   7438.093912  x:  4.90568   0.09483   0.02129   0.45983   0.64383   0.86156   0.57810   0.89524   0.05452   0.11106   0.25065   0.80670   0.68475   0.00000   0.34421   0.78805   1.04055   1.09502   1.27505   1.05635   0.47705   0.41584   0.51635   0.23507   1.51590   0.46120   0.20257   0.04644   0.26792   0.10430   0.21162   0.20918   0.13655   1.42834   0.18338   2.04727   0.88321   1.88848  -14.27962  -14.96480   0.08019  13.18143  
110  0.5367   7438.093781  x:  4.90568   0.09482   0.02125   0.45915   0.64451   0.86186   0.57816   0.89522   0.05453   0.11104   0.25074   0.80677   0.68476   0.00000   0.34392   0.78820   1.04144   1.09586   1.27465   1.05634   0.47705   0.41583   0.51638   0.23511   1.51543   0.46124   0.20258   0.04645   0.26792   0.10431   0.21162   0.20918   0.13655   1.42949   0.18387   2.04688   0.88189   1.88834  -14.27975  -14.96486   0.08019  14.49364  
111  2.0482   7438.092783  x:  4.90607   0.09500   0.02084   0.45998   0.64354   0.86115   0.57834   0.89473   0.05454   0.11111   0.25046   0.80662   0.68454   0.00000   0.34411   0.78889   1.03963   1.09362   1.27497   1.05591   0.47690   0.41578   0.51630   0.23529   1.51652   0.46118   0.20260   0.04649   0.26779   0.10431   0.21152   0.20913   0.13672   1.42661   0.18296   2.04738   0.88394   1.88830  -14.28022  -14.96609   0.08015  25.77551  
112 36.1133   7438.092758  x:  4.90609   0.09501   0.02083   0.46038   0.64316   0.86093   0.57815   0.89509   0.05454   0.11112   0.25045   0.80662   0.68456   0.00000   0.34394   0.78853   1.03991   1.09427   1.27530   1.05605   0.47690   0.41580   0.51629   0.23532   1.51621   0.46118   0.20260   0.04649   0.26779   0.10431   0.21153   0.20913   0.13674   1.42618   0.18302   2.04739   0.88381   1.88830  -14.28029  -14.96611   0.08015  26.07922  
113  6.1309   7438.092676  x:  4.90618   0.09496   0.02085   0.45957   0.64394   0.86137   0.57839   0.89459   0.05458   0.11116   0.25045   0.80664   0.68451   0.00000   0.34385   0.78737   1.03987   1.09506   1.27627   1.05595   0.47698   0.41578   0.51628   0.23531   1.51576   0.46117   0.20258   0.04647   0.26782   0.10431   0.21155   0.20914   0.13669   1.42622   0.18306   2.04746   0.88382   1.88832  -14.28060  -14.96644   0.08016  27.44795  
114  4.7781   7438.092370  x:  4.90650   0.09471   0.02094   0.45970   0.64403   0.86155   0.57801   0.89533   0.05457   0.11110   0.25076   0.80672   0.68477   0.00000   0.34404   0.78811   1.04094   1.09545   1.27474   1.05644   0.47704   0.41582   0.51631   0.23514   1.51582   0.46116   0.20251   0.04641   0.26799   0.10429   0.21166   0.20919   0.13647   1.42870   0.18363   2.04737   0.88254   1.88837  -14.28223  -14.96743   0.08020  32.92288  
115 31.1800   7438.091987  x:  4.90600   0.09503   0.02071   0.45985   0.64373   0.86132   0.57832   0.89491   0.05456   0.11114   0.25046   0.80667   0.68458   0.00000   0.34400   0.78863   1.04027   1.09450   1.27509   1.05600   0.47688   0.41580   0.51635   0.23543   1.51611   0.46122   0.20262   0.04651   0.26777   0.10433   0.21152   0.20914   0.13674   1.42731   0.18320   2.04697   0.88327   1.88824  -14.28681  -14.97250   0.08015  54.82259  
116  4.7128   7438.091777  x:  4.90668   0.09471   0.02088   0.45977   0.64393   0.86145   0.57806   0.89517   0.05458   0.11111   0.25072   0.80669   0.68472   0.00000   0.34407   0.78810   1.04055   1.09508   1.27490   1.05635   0.47704   0.41581   0.51629   0.23515   1.51601   0.46114   0.20250   0.04640   0.26798   0.10428   0.21165   0.20918   0.13648   1.42812   0.18345   2.04756   0.88298   1.88838  -14.29220  -14.97755   0.08019  75.03360  
117  7.5986   7438.091645  x:  4.90648   0.09488   0.02066   0.45979   0.64390   0.86146   0.57818   0.89511   0.05458   0.11115   0.25060   0.80669   0.68468   0.00000   0.34404   0.78835   1.04063   1.09504   1.27496   1.05622   0.47694   0.41581   0.51634   0.23537   1.51598   0.46119   0.20257   0.04646   0.26788   0.10431   0.21159   0.20916   0.13661   1.42808   0.18340   2.04710   0.88289   1.88828  -14.30013  -14.98558   0.08017  105.20694  
118 11.2231   7438.091534  x:  4.90619   0.09491   0.02083   0.45983   0.64377   0.86134   0.57823   0.89497   0.05456   0.11112   0.25055   0.80667   0.68462   0.00000   0.34402   0.78845   1.04027   1.09460   1.27504   1.05611   0.47694   0.41580   0.51632   0.23529   1.51610   0.46119   0.20258   0.04647   0.26785   0.10431   0.21157   0.20915   0.13665   1.42742   0.18326   2.04726   0.88327   1.88830  -14.31530  -15.00090   0.08017  159.14684  
119 15.9736   7438.091454  x:  4.90675   0.09478   0.02069   0.45980   0.64392   0.86147   0.57811   0.89516   0.05459   0.11114   0.25067   0.80669   0.68471   0.00000   0.34407   0.78820   1.04062   1.09510   1.27492   1.05631   0.47698   0.41581   0.51631   0.23529   1.51602   0.46115   0.20252   0.04643   0.26794   0.10429   0.21163   0.20917   0.13653   1.42819   0.18344   2.04733   0.88291   1.88832  -14.33489  -15.02027   0.08018  228.15053  
120 30.0973   7438.091388  x:  4.90619   0.09496   0.02071   0.45981   0.64382   0.86139   0.57826   0.89501   0.05457   0.11114   0.25053   0.80668   0.68463   0.00000   0.34400   0.78849   1.04047   1.09479   1.27503   1.05610   0.47690   0.41580   0.51634   0.23540   1.51602   0.46121   0.20260   0.04649   0.26782   0.10432   0.21155   0.20915   0.13668   1.42767   0.18331   2.04702   0.88306   1.88825  -14.39430  -15.07988   0.08016  433.13930  
121 41.6031   7438.091346  x:  4.90670   0.09478   0.02072   0.45982   0.64389   0.86144   0.57813   0.89511   0.05458   0.11114   0.25066   0.80668   0.68469   0.00000   0.34407   0.78823   1.04050   1.09496   1.27495   1.05628   0.47698   0.41580   0.51630   0.23527   1.51607   0.46115   0.20252   0.04643   0.26793   0.10429   0.21162   0.20917   0.13653   1.42800   0.18339   2.04738   0.88304   1.88833  -14.48304  -15.16846   0.08018  737.41149  
122 117.3996   7438.091335  x:  4.90674   0.09477   0.02071   0.45982   0.64390   0.86144   0.57812   0.89513   0.05459   0.11114   0.25067   0.80668   0.68470   0.00000   0.34408   0.78821   1.04052   1.09499   1.27494   1.05629   0.47699   0.41580   0.51630   0.23527   1.51606   0.46115   0.20252   0.04643   0.26794   0.10429   0.21163   0.20917   0.13652   1.42805   0.18340   2.04739   0.88302   1.88833  -14.55948  -15.24489   0.08018  999.00000  
123 339.8943   7438.091335  x:  4.90674   0.09477   0.02071   0.45982   0.64390   0.86144   0.57812   0.89513   0.05459   0.11114   0.25067   0.80668   0.68470   0.00000   0.34408   0.78821   1.04052   1.09499   1.27494   1.05629   0.47699   0.41580   0.51630   0.23527   1.51606   0.46115   0.20252   0.04643   0.26794   0.10429   0.21163   0.20917   0.13652   1.42805   0.18340   2.04739   0.88302   1.88833  -14.55948  -15.24490   0.08018  999.00000  
124 42.9266   7438.091334  x:  4.90654   0.09478   0.02070   0.45983   0.64388   0.86146   0.57815   0.89512   0.05459   0.11114   0.25066   0.80669   0.68471   0.00000   0.34409   0.78825   1.04056   1.09496   1.27498   1.05628   0.47699   0.41581   0.51632   0.23528   1.51609   0.46117   0.20253   0.04643   0.26794   0.10430   0.21163   0.20917   0.13654   1.42809   0.18341   2.04737   0.88299   1.88820  -14.56811  -15.25349   0.08018  999.00000  
125  0.0366   7438.091331  x:  4.90647   0.09484   0.02069   0.45981   0.64388   0.86145   0.57817   0.89510   0.05458   0.11114   0.25062   0.80669   0.68468   0.00000   0.34405   0.78831   1.04057   1.09497   1.27497   1.05624   0.47696   0.41581   0.51633   0.23533   1.51604   0.46118   0.20255   0.04645   0.26790   0.10430   0.21160   0.20917   0.13658   1.42801   0.18340   2.04723   0.88297   1.88825  -14.56665  -15.25208   0.08018  999.00000  
126  0.0016   7438.091330  x:  4.90651   0.09484   0.02071   0.45981   0.64387   0.86143   0.57817   0.89508   0.05458   0.11114   0.25061   0.80669   0.68467   0.00000   0.34405   0.78832   1.04051   1.09492   1.27498   1.05622   0.47696   0.41580   0.51632   0.23532   1.51605   0.46117   0.20255   0.04645   0.26789   0.10430   0.21160   0.20916   0.13659   1.42792   0.18337   2.04725   0.88302   1.88829  -14.56487  -15.25034   0.08018  999.00000  
127  0.0012   7438.091330  x:  4.90651   0.09484   0.02071   0.45981   0.64387   0.86143   0.57817   0.89509   0.05458   0.11114   0.25062   0.80669   0.68467   0.00000   0.34405   0.78832   1.04051   1.09493   1.27497   1.05622   0.47696   0.41580   0.51632   0.23532   1.51604   0.46117   0.20255   0.04645   0.26789   0.10430   0.21160   0.20916   0.13659   1.42792   0.18337   2.04724   0.88302   1.88830  -14.56448  -15.24995   0.08018  999.00000  
128  0.0003   7438.091330  x:  4.90652   0.09484   0.02071   0.45981   0.64387   0.86143   0.57817   0.89509   0.05458   0.11114   0.25062   0.80669   0.68467   0.00000   0.34405   0.78832   1.04051   1.09493   1.27497   1.05622   0.47696   0.41580   0.51632   0.23532   1.51604   0.46117   0.20255   0.04645   0.26789   0.10430   0.21160   0.20916   0.13659   1.42792   0.18337   2.04724   0.88302   1.88830  -14.56423  -15.24969   0.08018  999.00000  