

TREE # 1

  0  0.0000   9221.144392  x:  0.17444   0.02804   0.07307   0.00000   0.21220   0.15259   0.14764   0.15672   0.09176   0.01488   0.10164   0.09888   0.08304   0.02822   0.03654   0.11840   0.16638   0.13073   0.17006   0.12456   0.13600   0.08105   0.05011   0.02312   0.14692   0.15208   0.08109   0.04353   0.13235   0.02986   0.05286   0.04009   0.10565   0.11049   0.05181   0.16210   0.10351   2.00000   1.39835   0.16116   0.29812   1.40136  
  1 99.0000   8112.454180  x:  0.33899   0.14901   0.13416   0.33080   0.26365   0.21906   0.20703   0.22892   0.13414   0.10674   0.15890   0.22779   0.21378   0.09851   0.16604   0.18709   0.24339   0.24228   0.25628   0.23568   0.18613   0.17899   0.22377   0.13305   0.27008   0.19692   0.10911   0.05590   0.15034   0.08394   0.12693   0.14512   0.14718   0.24523   0.15079   0.28401   0.25679   1.99211   1.43202   0.12839   0.00000   1.40064  
  2 3562.9685   7956.981593  x:  0.52454   0.28541   0.20302   0.70374   0.32166   0.29400   0.27399   0.31035   0.18191   0.21029   0.22346   0.37315   0.36119   0.17775   0.31205   0.26455   0.33024   0.36807   0.35351   0.36098   0.24265   0.28941   0.41956   0.25699   0.40897   0.24747   0.14070   0.06983   0.17061   0.14489   0.21043   0.26353   0.19401   0.39716   0.26240   0.42149   0.42963   1.98320   1.46998   0.09143   0.00099   1.39982  
  3 19415.6728   7870.419799  x:  0.62699   0.26696   0.14729   0.68974   0.31661   0.31711   0.30686   0.36093   0.12113   0.15651   0.18647   0.39102   0.36414   0.13935   0.31856   0.29141   0.38123   0.43185   0.40195   0.38628   0.22393   0.27389   0.39905   0.21942   0.47870   0.24466   0.10209   0.00000   0.13902   0.06428   0.14128   0.18706   0.17727   0.43813   0.26569   0.49648   0.47740   1.98053   1.42437   0.13782   0.00098   1.39900  
  4 389.1063   7816.196580  x:  0.77087   0.22873   0.05625   0.65252   0.30479   0.34848   0.34396   0.42202   0.02391   0.07198   0.13287   0.41389   0.36597   0.08071   0.32060   0.32121   0.44400   0.50984   0.46480   0.42284   0.20634   0.25261   0.36334   0.15693   0.57730   0.24021   0.14442   0.11928   0.14646   0.02191   0.07623   0.09153   0.13973   0.49399   0.25743   0.59555   0.53420   1.97659   1.36308   0.20080   0.00096   1.39731  
  5 797.1304   7799.950437  x:  0.81678   0.20927   0.03132   0.62627   0.29903   0.35706   0.35165   0.43748   0.00000   0.04947   0.12022   0.41864   0.36529   0.06340   0.31636   0.32696   0.46048   0.52971   0.48228   0.43566   0.20989   0.24670   0.34669   0.13692   0.60697   0.23661   0.14178   0.12053   0.15696   0.06257   0.09763   0.09493   0.12081   0.51101   0.24622   0.62444   0.54571   1.97522   1.34211   0.22274   0.00095   1.39642  
  6 434.8721   7768.311445  x:  1.02794   0.09583   0.05801   0.44416   0.27105   0.39048   0.35912   0.47953   0.06466   0.06483   0.12842   0.43303   0.37611   0.03458   0.28019   0.33190   0.51084   0.58689   0.54579   0.51709   0.30544   0.24757   0.26194   0.10314   0.73677   0.23768   0.15243   0.15492   0.18803   0.00596   0.19519   0.19769   0.00000   0.59626   0.14364   0.73756   0.55991   1.96665   1.24989   0.32260   0.00093   1.38971  
  7 278.8397   7768.311445  x:  1.02794   0.09583   0.05801   0.44416   0.27105   0.39048   0.35912   0.47953   0.06466   0.06483   0.12842   0.43303   0.37611   0.03458   0.28019   0.33190   0.51084   0.58689   0.54579   0.51709   0.30544   0.24757   0.26194   0.10314   0.73677   0.23768   0.15243   0.15492   0.18803   0.00596   0.19519   0.19769   0.00000   0.59626   0.14364   0.73756   0.55991   1.96665   1.24989   0.32260   0.00093   1.38971  
  8 223.0753   7625.214030  x:  1.02804   0.09588   0.05799   0.44410   0.27109   0.39051   0.35913   0.47955   0.06462   0.06483   0.12846   0.43306   0.37614   0.03460   0.28020   0.33191   0.51086   0.58691   0.54582   0.51712   0.30542   0.24761   0.26201   0.10318   0.73681   0.23772   0.15233   0.15468   0.18804   0.00645   0.19507   0.19758   0.00008   0.59635   0.14365   0.73763   0.55993   1.96665   1.24985   0.32265   0.06238   1.38971  
  9 25628.4561   7572.465710  x:  1.09340   0.16232   0.08764   0.44913   0.32553   0.43078   0.39287   0.51728   0.08797   0.10912   0.18184   0.47698   0.42029   0.09039   0.31338   0.36475   0.54835   0.62210   0.58952   0.56214   0.33313   0.28917   0.32719   0.15387   0.77930   0.28760   0.15059   0.09260   0.22823   0.26214   0.18619   0.19110   0.45038   0.66044   0.17937   0.78961   0.59726   1.94471   1.34995   0.22635   0.07283   1.38674  
 10 597.7361   7537.913389  x:  1.17862   0.16158   0.08223   0.44728   0.37752   0.48042   0.43305   0.56434   0.07367   0.10238   0.20297   0.52694   0.45947   0.09905   0.34106   0.40426   0.59747   0.67031   0.64462   0.60864   0.35606   0.31997   0.37852   0.16308   0.83394   0.31320   0.13489   0.00000   0.19574   0.17059   0.15235   0.15433   0.46756   0.70824   0.19294   0.85645   0.64180   1.91892   1.42239   0.15963   0.07439   1.38244  
 11 192.6992   7515.628168  x:  1.28993   0.15949   0.07450   0.44407   0.44234   0.54308   0.48297   0.62365   0.05457   0.09211   0.22801   0.58945   0.50828   0.10748   0.37531   0.45437   0.66011   0.73194   0.71486   0.66767   0.38449   0.35668   0.44120   0.17362   0.90465   0.34586   0.13205   0.04085   0.16403   0.05704   0.11683   0.11496   0.48860   0.76955   0.20959   0.94283   0.69846   1.88591   1.51468   0.07488   0.07665   1.37680  
 12 818.1573   7496.654297  x:  1.45052   0.13175   0.05164   0.42889   0.50115   0.61058   0.52648   0.68532   0.01958   0.05197   0.23069   0.65019   0.54979   0.07926   0.40139   0.51158   0.73362   0.80676   0.79777   0.73327   0.40760   0.36790   0.48026   0.16624   0.99701   0.36467   0.18299   0.04416   0.21594   0.07213   0.21508   0.22458   0.41691   0.84051   0.21567   1.05804   0.76326   1.84572   1.60423  -0.00234   0.07796   1.36837  
 13 208.3331   7485.511693  x:  1.67477   0.09417   0.07776   0.39266   0.52080   0.65461   0.52002   0.71382   0.11791   0.03715   0.20651   0.67135   0.55806   0.00909   0.39273   0.55788   0.79361   0.87209   0.87203   0.79417   0.41737   0.31265   0.44467   0.16163   1.09948   0.35799   0.16707   0.05182   0.26487   0.18081   0.16569   0.16726   0.33039   0.91976   0.18820   1.19328   0.80959   1.81346   1.59025   0.03276   0.07729   1.35557  
 14 93.4825   7481.227290  x:  1.74352   0.09122   0.07374   0.37865   0.51797   0.66022   0.50841   0.71412   0.10966   0.05776   0.20147   0.67040   0.55355   0.00000   0.38531   0.56567   0.80445   0.88285   0.88981   0.80874   0.41689   0.29844   0.43392   0.15876   1.12309   0.35390   0.15740   0.05317   0.25485   0.18043   0.17245   0.17185   0.33698   0.94318   0.17689   1.23045   0.81413   1.81054   1.56407   0.06686   0.07724   1.35063  
 15 86.8530   7475.652166  x:  1.94386   0.08190   0.08856   0.37212   0.51079   0.66790   0.47399   0.70990   0.06736   0.02452   0.19391   0.66386   0.53318   0.00000   0.35482   0.57530   0.81902   0.88966   0.92937   0.83719   0.41694   0.32611   0.45636   0.18744   1.17435   0.36463   0.24969   0.04408   0.27871   0.15792   0.15066   0.17024   0.36968   1.00526   0.14312   1.32593   0.79975   1.82381   1.46628   0.19564   0.07709   1.32991  
 16 87.2958   7473.338883  x:  2.05138   0.06883   0.11619   0.40697   0.51755   0.67010   0.46944   0.71367   0.09143   0.06833   0.22810   0.66702   0.53809   0.00000   0.34164   0.57623   0.81953   0.88023   0.94279   0.84718   0.43259   0.37258   0.49072   0.21728   1.19063   0.37997   0.27826   0.04171   0.30370   0.14284   0.17235   0.17062   0.36708   1.03231   0.13602   1.36802   0.77716   1.84421   1.41646   0.26987   0.07709   1.31300  
 17 66.6899   7471.281820  x:  2.15133   0.06127   0.11086   0.46833   0.52748   0.67370   0.49388   0.73228   0.09997   0.02978   0.26521   0.68050   0.55741   0.00000   0.33827   0.57619   0.81674   0.86158   0.94986   0.84837   0.44333   0.41112   0.52082   0.22965   1.19092   0.39007   0.22932   0.04744   0.30547   0.14757   0.18739   0.18432   0.36769   1.05360   0.16077   1.39895   0.74662   1.87520   1.36878   0.35231   0.07687   1.28899  
 18 42.4873   7470.291666  x:  2.21031   0.06951   0.09595   0.51242   0.52843   0.67442   0.52145   0.74974   0.08430   0.03429   0.27994   0.69171   0.57399   0.05966   0.35027   0.57941   0.81795   0.84951   0.95191   0.85050   0.44720   0.42178   0.52632   0.22834   1.18328   0.39623   0.22147   0.04921   0.30924   0.15997   0.17189   0.19138   0.35912   1.06377   0.18793   1.41217   0.72620   1.89640   1.35210   0.39998   0.07668   1.26772  
 19 37.4898   7469.784624  x:  2.24615   0.08433   0.09595   0.54474   0.52077   0.67147   0.54209   0.76065   0.08466   0.02945   0.27413   0.69194   0.59156   0.06869   0.36257   0.58395   0.82267   0.85097   0.94517   0.84504   0.44481   0.40456   0.50920   0.22913   1.17551   0.40439   0.23653   0.04754   0.30216   0.15553   0.19613   0.17103   0.36252   1.07105   0.20448   1.41507   0.71453   1.90494   1.36140   0.42633   0.07676   1.24331  
 20 14.9723   7469.185971  x:  2.29395   0.08416   0.09862   0.58614   0.50219   0.66446   0.56276   0.76818   0.09385   0.03518   0.26147   0.68658   0.61514   0.05002   0.38052   0.59053   0.83156   0.86150   0.92988   0.83298   0.44668   0.38241   0.49125   0.22847   1.16540   0.41264   0.25165   0.04558   0.29361   0.14405   0.17945   0.19445   0.37074   1.08046   0.21658   1.41611   0.70070   1.91056   1.39303   0.46112   0.07696   1.19684  
 21 17.1801   7468.165054  x:  2.36760   0.05011   0.07834   0.62779   0.45895   0.65175   0.57226   0.76092   0.06342   0.05181   0.23467   0.67768   0.62892   0.02323   0.41233   0.59731   0.84533   0.88449   0.90344   0.82344   0.45232   0.38455   0.50297   0.21431   1.15226   0.41260   0.24498   0.04484   0.30840   0.14592   0.17459   0.17724   0.37579   1.09060   0.21321   1.41567   0.68684   1.90843   1.47505   0.52219   0.07703   1.09351  
 22 18.0405   7466.947492  x:  2.42034   0.06110   0.09097   0.64121   0.43350   0.64735   0.56540   0.74630   0.05916   0.04840   0.22098   0.67499   0.62104   0.03060   0.43356   0.59695   0.84917   0.89779   0.88692   0.83009   0.44680   0.39222   0.51387   0.21515   1.14948   0.41054   0.23085   0.04542   0.30364   0.14136   0.17772   0.18072   0.37634   1.09677   0.19806   1.41546   0.68278   1.90091   1.55176   0.57193   0.07715   1.00000  
 23 31.5203   7464.085602  x:  2.59965   0.03475   0.03679   0.64403   0.43899   0.68058   0.53960   0.70613   0.06675   0.03847   0.28831   0.69938   0.58293   0.04005   0.46419   0.56365   0.82371   0.91483   0.84532   0.86091   0.39981   0.38695   0.50076   0.22729   1.16195   0.39219   0.24509   0.04330   0.24927   0.13496   0.18276   0.18218   0.38399   1.11241   0.16104   1.42059   0.69905   1.87947   1.86174   0.81016   0.07753   1.00000  
 24 30.2260   7461.472250  x:  2.73332   0.05187   0.06015   0.60844   0.48462   0.72515   0.54250   0.71001   0.01802   0.04802   0.33237   0.71568   0.56562   0.01402   0.46234   0.53529   0.79574   0.91767   0.83564   0.86996   0.38262   0.37229   0.46955   0.22562   1.17832   0.38167   0.22836   0.04204   0.27636   0.11995   0.17409   0.17965   0.38165   1.12281   0.16902   1.43145   0.72893   1.86887   2.11348   1.04327   0.07778   1.00000  
 25 57.7548   7458.022924  x:  2.89835   0.04976   0.03914   0.48059   0.54286   0.77977   0.56699   0.75754   0.05183   0.05413   0.28745   0.72061   0.54602   0.01945   0.44738   0.52358   0.77680   0.92102   0.86717   0.87547   0.41876   0.38499   0.45532   0.19270   1.20195   0.38685   0.21599   0.03853   0.31176   0.07257   0.18828   0.19147   0.40367   1.13346   0.21476   1.45528   0.77891   1.87068   2.46891   1.43479   0.07845   1.00000  
 26 68.3404   7454.452033  x:  3.03963   0.03343   0.06787   0.34826   0.60895   0.81971   0.58989   0.81595   0.03902   0.06936   0.23584   0.72847   0.56720   0.00406   0.42542   0.53913   0.78424   0.92927   0.92924   0.87771   0.47062   0.41312   0.46977   0.18222   1.22922   0.42493   0.22629   0.04063   0.23008   0.10143   0.19693   0.19552   0.37978   1.13766   0.24625   1.48481   0.81710   1.88461   2.81330   1.84392   0.07852   1.00000  
 27 110.6530   7453.524174  x:  3.05183   0.04548   0.05851   0.33755   0.61901   0.81708   0.58279   0.81975   0.03933   0.07083   0.23647   0.73135   0.58241   0.00000   0.42006   0.55340   0.79840   0.93464   0.94863   0.88214   0.47420   0.40926   0.47386   0.18549   1.23555   0.43152   0.22492   0.04088   0.23161   0.10351   0.19645   0.19592   0.37324   1.13774   0.23845   1.49357   0.81655   1.88835   2.86141   1.90834   0.07852   1.00000  
 28 43.3748   7451.786418  x:  3.06991   0.00833   0.08029   0.33789   0.65308   0.80329   0.55725   0.83102   0.03695   0.06272   0.23759   0.74055   0.61625   0.02252   0.40048   0.60931   0.85466   0.95081   1.02007   0.91203   0.46788   0.37592   0.46690   0.19772   1.26006   0.44002   0.21127   0.04137   0.24654   0.09381   0.20561   0.20127   0.37076   1.14607   0.21244   1.53271   0.81570   1.89483   3.00878   2.10847   0.07876   1.00000  
 29 59.0969   7449.896854  x:  3.07967   0.02031   0.09284   0.42368   0.67758   0.79796   0.55080   0.85843   0.04568   0.07068   0.22985   0.73873   0.58014   0.01385   0.34020   0.66586   0.91634   0.96560   1.09941   0.95541   0.45973   0.38063   0.46216   0.14592   1.31077   0.37796   0.22135   0.04216   0.23942   0.10445   0.20734   0.20149   0.34537   1.19640   0.20713   1.62769   0.83827   1.87623   3.18289   2.34569   0.07895   1.00000  
 30 29.5124   7448.532419  x:  3.08821   0.02625   0.07666   0.46719   0.61104   0.79709   0.56854   0.87930   0.04424   0.07934   0.22796   0.73876   0.54061   0.00733   0.28746   0.68028   0.93544   0.95842   1.14304   0.97826   0.44904   0.38646   0.43199   0.21107   1.37402   0.39839   0.20726   0.04398   0.24770   0.11698   0.20489   0.20291   0.30174   1.27060   0.23340   1.73374   0.86793   1.85461   3.32461   2.51182   0.07894   1.00000  
 31 23.0283   7447.822325  x:  3.10754   0.02722   0.09016   0.45304   0.54330   0.80731   0.57752   0.87553   0.05331   0.07423   0.25676   0.75499   0.57901   0.01026   0.28416   0.66652   0.91814   0.94411   1.15557   0.97607   0.44590   0.38021   0.43150   0.18773   1.40750   0.38831   0.21002   0.04404   0.25398   0.12109   0.20562   0.20198   0.27855   1.32116   0.23163   1.80221   0.87107   1.86003   3.39855   2.59043   0.07895   1.00000  
 32 13.7597   7447.113417  x:  3.16077   0.03134   0.08858   0.45598   0.58182   0.84945   0.57111   0.83962   0.06043   0.07557   0.22907   0.75715   0.58849   0.01230   0.32488   0.64073   0.88005   0.93978   1.13265   0.95386   0.45734   0.35603   0.43567   0.17467   1.42991   0.41824   0.20092   0.04517   0.26288   0.13128   0.20510   0.20059   0.24498   1.36386   0.19930   1.88393   0.84336   1.89212   3.47645   2.65862   0.07890   1.00000  
 33  7.4629   7446.500951  x:  3.24000   0.03519   0.09066   0.41482   0.62272   0.85511   0.56561   0.82880   0.06995   0.07601   0.23664   0.73182   0.60392   0.00981   0.38397   0.64511   0.89458   0.98578   1.09179   0.93860   0.42553   0.37589   0.43023   0.19962   1.42044   0.38788   0.19834   0.04632   0.26930   0.13920   0.20531   0.20064   0.21445   1.35719   0.22835   1.93818   0.81740   1.87684   3.52867   2.72725   0.07885   1.00000  
 34  6.1311   7445.789013  x:  3.35941   0.04233   0.09410   0.38893   0.63946   0.81934   0.55815   0.86098   0.07045   0.06706   0.26654   0.74607   0.59460   0.01185   0.36650   0.63460   0.91797   1.03573   1.04382   0.97854   0.48598   0.35210   0.43740   0.20375   1.39898   0.39408   0.19837   0.04628   0.27279   0.14171   0.20537   0.19995   0.19071   1.31070   0.22638   1.96108   0.80064   1.85149   3.59671   2.79344   0.07900   1.00000  
 35  5.7361   7444.648772  x:  3.56772   0.05199   0.09257   0.39317   0.64990   0.77542   0.53405   0.90106   0.07651   0.07765   0.24948   0.77844   0.62596   0.00000   0.30721   0.63757   0.93116   1.06419   1.06896   1.02422   0.41852   0.38072   0.43894   0.17648   1.39124   0.45645   0.18985   0.04559   0.27695   0.14083   0.20108   0.20227   0.16519   1.24032   0.20893   1.95190   0.85879   1.87703   3.71597   2.88974   0.07931   1.00000  
 36  7.7611   7444.648772  x:  3.56772   0.05199   0.09257   0.39317   0.64990   0.77542   0.53405   0.90106   0.07651   0.07765   0.24948   0.77844   0.62596   0.00000   0.30721   0.63757   0.93116   1.06419   1.06896   1.02422   0.41852   0.38072   0.43894   0.17648   1.39124   0.45645   0.18985   0.04559   0.27695   0.14083   0.20108   0.20227   0.16519   1.24032   0.20893   1.95190   0.85879   1.87703   3.71597   2.88974   0.07931   1.00000  
 37 11.4388   7444.133688  x:  3.56782   0.05255   0.09229   0.39322   0.64982   0.77551   0.53406   0.90097   0.07613   0.07799   0.24955   0.77844   0.62606   0.00005   0.30746   0.63774   0.93129   1.06421   1.06917   1.02420   0.41881   0.38099   0.43932   0.17657   1.39128   0.45640   0.18981   0.04532   0.27651   0.13964   0.20101   0.20215   0.16506   1.24044   0.20879   1.95189   0.85873   1.87701   3.71601   2.88970   0.08569   1.00000  
 38 159.7609   7442.576301  x:  3.57166   0.07602   0.08070   0.39577   0.64688   0.77899   0.53490   0.89726   0.06098   0.09309   0.25333   0.77862   0.63080   0.00210   0.31851   0.64518   0.93634   1.06462   1.07794   1.02365   0.43158   0.39324   0.45644   0.18119   1.39296   0.45468   0.18945   0.03509   0.25861   0.09024   0.19898   0.19816   0.15976   1.24580   0.20230   1.95099   0.85648   1.87632   3.71863   2.88760   0.08512   1.00000  
 39 42.7607   7442.090612  x:  3.57549   0.08835   0.07242   0.39847   0.64420   0.78223   0.53569   0.89358   0.05121   0.10034   0.25484   0.77829   0.63450   0.00000   0.32756   0.65186   0.94080   1.06485   1.08578   1.02255   0.44119   0.40061   0.46889   0.18537   1.39465   0.45313   0.19795   0.05017   0.25449   0.09047   0.20149   0.20040   0.15255   1.25067   0.19609   1.95001   0.85434   1.87618   3.72199   2.88476   0.08525   1.00000  
 40 28.8208   7441.692091  x:  3.58399   0.10273   0.06323   0.40464   0.63903   0.78895   0.53745   0.88602   0.04331   0.10656   0.25509   0.77721   0.64070   0.00000   0.34378   0.66511   0.94942   1.06519   1.10134   1.02003   0.45652   0.40822   0.48714   0.19414   1.39844   0.44950   0.19469   0.03682   0.25427   0.10753   0.20427   0.20375   0.13672   1.26098   0.18399   1.94794   0.85039   1.87612   3.72469   2.88321   0.08529   1.00000  
 41 25.6840   7441.403843  x:  3.59950   0.10702   0.06885   0.41503   0.63154   0.79937   0.54065   0.87447   0.05907   0.09924   0.24887   0.77425   0.64726   0.00000   0.36224   0.68411   0.96134   1.06515   1.12427   1.01556   0.46850   0.40245   0.49770   0.20737   1.40507   0.44483   0.19185   0.04035   0.26257   0.10562   0.19837   0.19583   0.11563   1.27865   0.16959   1.94448   0.84657   1.87670   3.71868   2.89132   0.08522   1.00000  
 42 14.9850   7441.223574  x:  3.61775   0.10506   0.06531   0.42332   0.62443   0.80896   0.54505   0.86473   0.05214   0.08787   0.24135   0.77221   0.65183   0.00000   0.37336   0.70027   0.97175   1.06426   1.14572   1.01113   0.46786   0.38842   0.49719   0.21154   1.41200   0.43859   0.19246   0.04101   0.26409   0.10150   0.20581   0.20459   0.11055   1.29819   0.16544   1.94137   0.84714   1.87793   3.70747   2.90497   0.08502   1.00000  
 43 13.2807   7441.027003  x:  3.65236   0.10494   0.06876   0.43875   0.61791   0.82304   0.55509   0.85409   0.05200   0.10248   0.24214   0.77351   0.66105   0.00000   0.38214   0.72275   0.98703   1.06217   1.17731   1.00807   0.46180   0.37509   0.49494   0.21460   1.42535   0.43341   0.19856   0.03984   0.25942   0.10578   0.20408   0.20187   0.12831   1.33310   0.17328   1.93705   0.85480   1.87964   3.69554   2.92149   0.08483   1.00000  
 44 11.7088   7440.870833  x:  3.69674   0.08856   0.06311   0.45267   0.61707   0.83498   0.56886   0.85356   0.05542   0.10766   0.24365   0.78232   0.66486   0.00000   0.37316   0.73858   1.00022   1.05931   1.20387   1.01028   0.45747   0.39223   0.50473   0.21129   1.44228   0.43541   0.19366   0.04208   0.26981   0.10230   0.20906   0.20461   0.13651   1.36778   0.18338   1.93518   0.86395   1.88264   3.69087   2.93200   0.08476   1.00000  
 45  9.2008   7440.757630  x:  3.74272   0.08815   0.07154   0.45902   0.61906   0.84155   0.57829   0.85938   0.04890   0.09998   0.24175   0.79214   0.66382   0.00000   0.35477   0.74732   1.00983   1.05721   1.22266   1.01674   0.45492   0.40708   0.50937   0.20993   1.45850   0.44375   0.19794   0.04109   0.26428   0.10455   0.20220   0.20412   0.13461   1.39408   0.18507   1.93647   0.86955   1.88479   3.68486   2.94412   0.08455   1.00000  
 46 10.4459   7440.644262  x:  3.80249   0.10061   0.07436   0.45964   0.62315   0.84475   0.58323   0.86984   0.05612   0.10219   0.24543   0.80373   0.66294   0.00000   0.32949   0.75466   1.01987   1.05653   1.24038   1.02917   0.45747   0.40995   0.50546   0.20912   1.47716   0.45398   0.20047   0.04053   0.26215   0.10502   0.21398   0.20826   0.12781   1.41749   0.18134   1.94160   0.87390   1.88659   3.67997   2.95714   0.08443   1.00000  
 47 11.8684   7440.552147  x:  3.85769   0.10736   0.06400   0.45535   0.62688   0.84537   0.58305   0.87963   0.05356   0.10597   0.24966   0.81188   0.66296   0.00000   0.31014   0.76076   1.02841   1.05778   1.25411   1.04102   0.46219   0.40512   0.50064   0.20606   1.49154   0.45872   0.19907   0.04159   0.26924   0.10564   0.20894   0.20437   0.12151   1.43124   0.17797   1.94886   0.87735   1.88732   3.67605   2.96872   0.08417   1.00000  
 48 15.8075   7440.439347  x:  3.94670   0.10202   0.07139   0.44435   0.63519   0.84302   0.57208   0.89256   0.04986   0.11004   0.25186   0.81360   0.66647   0.00000   0.30001   0.77257   1.04079   1.06534   1.27132   1.05703   0.47469   0.39679   0.50489   0.20868   1.50575   0.45866   0.19572   0.04316   0.27178   0.10308   0.20260   0.21619   0.12302   1.43314   0.17861   1.96643   0.88370   1.88457   3.68433   2.97336   0.08392   1.00000  
 49  8.3224   7440.302534  x:  4.06262   0.09420   0.07180   0.43103   0.64631   0.84037   0.55686   0.90658   0.04762   0.10456   0.24960   0.81077   0.66984   0.00000   0.29361   0.78722   1.05378   1.07581   1.29019   1.07194   0.48557   0.39282   0.51440   0.21122   1.51850   0.45460   0.19748   0.04263   0.26634   0.10342   0.21222   0.20352   0.13043   1.42732   0.18094   1.99100   0.89064   1.88231   3.69311   2.98174   0.08351   1.00000  
 50 20.2412   7440.203009  x:  4.15792   0.09955   0.06343   0.42705   0.65510   0.84147   0.55029   0.91305   0.05797   0.09904   0.24786   0.80475   0.67168   0.00000   0.29442   0.79614   1.05748   1.08241   1.29918   1.07233   0.48312   0.40024   0.51929   0.21106   1.52008   0.44925   0.20580   0.03985   0.26528   0.10361   0.20811   0.20899   0.13865   1.41444   0.18143   2.01172   0.89188   1.88516   3.69477   2.99478   0.08321   1.00000  
 51 12.7540   7440.048676  x:  4.31622   0.10961   0.07042   0.43011   0.66689   0.84853   0.55179   0.91833   0.05224   0.10454   0.25219   0.79690   0.67698   0.00000   0.30237   0.80579   1.05524   1.08973   1.30590   1.06120   0.46957   0.41480   0.51651   0.21504   1.51310   0.44840   0.19696   0.04393   0.27315   0.10324   0.21135   0.20865   0.13990   1.38719   0.17954   2.04545   0.88883   1.89311   3.69565   3.01932   0.08270   1.00000  
 52 16.2198   7439.959026  x:  4.41242   0.10066   0.06682   0.43768   0.66768   0.85667   0.56288   0.91764   0.05152   0.10981   0.25686   0.80007   0.68150   0.00000   0.30948   0.80684   1.04915   1.09178   1.30321   1.05237   0.46751   0.41516   0.50923   0.21951   1.50560   0.45550   0.20379   0.04152   0.26723   0.10209   0.21130   0.20865   0.12970   1.37399   0.18040   2.06447   0.88544   1.89671   3.70513   3.02648   0.08245   1.00000  
 53 12.9569   7439.869751  x:  4.51670   0.10864   0.06426   0.44529   0.65390   0.86575   0.57915   0.90733   0.05143   0.10201   0.25256   0.81025   0.68200   0.00000   0.31798   0.79993   1.03663   1.09066   1.28971   1.04386   0.47597   0.40819   0.50858   0.21884   1.49384   0.46477   0.19984   0.04256   0.26853   0.10139   0.21023   0.20731   0.13579   1.37270   0.18694   2.08089   0.88199   1.89551   3.72503   3.02674   0.08214   1.00000  
 54  9.0149   7439.810532  x:  4.58956   0.10581   0.06735   0.44383   0.63524   0.86581   0.58139   0.89047   0.05214   0.10705   0.24999   0.81443   0.67662   0.00000   0.32272   0.78928   1.02558   1.08780   1.27229   1.04223   0.48115   0.40636   0.51578   0.20821   1.48422   0.46056   0.20025   0.04272   0.26630   0.10151   0.21066   0.20737   0.13446   1.38008   0.18510   2.08688   0.87573   1.89436   3.73136   3.03655   0.08191   1.00000  
 55  7.3874   7439.789689  x:  4.61811   0.10554   0.06718   0.44546   0.63299   0.86129   0.57776   0.88281   0.05034   0.10683   0.25245   0.81124   0.67356   0.00000   0.32725   0.78258   1.02328   1.08663   1.26209   1.04525   0.47604   0.40636   0.51679   0.21451   1.48229   0.46058   0.20410   0.04104   0.27034   0.10044   0.21110   0.20677   0.13436   1.38949   0.18345   2.08344   0.87308   1.89403   3.73831   3.03823   0.08188   1.00000  
 56  3.2436   7439.774400  x:  4.63996   0.10508   0.06434   0.44766   0.63371   0.85696   0.57531   0.87876   0.05096   0.10582   0.25469   0.80758   0.67174   0.00000   0.33209   0.77697   1.02261   1.08595   1.25364   1.04781   0.47172   0.40646   0.51620   0.21855   1.48146   0.45919   0.19964   0.04300   0.26607   0.10109   0.20997   0.20711   0.13339   1.39793   0.18235   2.07836   0.87121   1.89391   3.74413   3.04008   0.08181   1.00000  
 57  5.4732   7439.761995  x:  4.65975   0.10602   0.06515   0.44976   0.63806   0.85290   0.57730   0.88293   0.05058   0.10527   0.25360   0.80339   0.67260   0.00000   0.33982   0.77150   1.02447   1.08595   1.24596   1.04799   0.47214   0.40719   0.51249   0.21405   1.48190   0.45326   0.20031   0.04285   0.26647   0.10104   0.21004   0.20656   0.13095   1.40545   0.18248   2.06772   0.87021   1.89390   3.75170   3.04246   0.08176   1.00000  
 58  2.0471   7439.751339  x:  4.67899   0.10483   0.06442   0.44532   0.63867   0.84935   0.57800   0.88987   0.05077   0.10623   0.25084   0.80250   0.67582   0.00000   0.34716   0.76545   1.02685   1.08578   1.23971   1.04373   0.47578   0.40779   0.51290   0.21669   1.48426   0.45728   0.20060   0.04310   0.26696   0.10162   0.21032   0.20708   0.13204   1.40813   0.18389   2.05129   0.87015   1.89422   3.75534   3.05290   0.08175   1.00000  
 59  1.4913   7439.744677  x:  4.69266   0.10491   0.06487   0.44575   0.64056   0.85127   0.57542   0.89091   0.05100   0.10429   0.25522   0.80821   0.67774   0.00000   0.34992   0.76234   1.02819   1.08687   1.23896   1.04244   0.47435   0.40564   0.51672   0.21478   1.48687   0.45812   0.20105   0.04326   0.26728   0.10204   0.21049   0.20724   0.13207   1.40524   0.18330   2.03818   0.87242   1.89283   3.76143   3.06114   0.08176   1.00000  
 60  1.1209   7439.737576  x:  4.70858   0.10487   0.06436   0.44754   0.64128   0.85690   0.57362   0.88887   0.05085   0.10621   0.25110   0.81056   0.67191   0.00000   0.34926   0.76218   1.02931   1.08947   1.24102   1.04515   0.47411   0.40601   0.51568   0.21537   1.48978   0.45828   0.20105   0.04368   0.26747   0.10268   0.21047   0.20743   0.13185   1.39971   0.18213   2.02475   0.87748   1.89098   3.77239   3.07175   0.08173   1.00000  
 61  1.1348   7439.730371  x:  4.72576   0.10445   0.06452   0.44487   0.63600   0.85999   0.57631   0.88738   0.05075   0.10462   0.25437   0.80596   0.67408   0.00000   0.34279   0.76495   1.02830   1.09040   1.24694   1.04785   0.47502   0.40800   0.51296   0.21711   1.49074   0.45536   0.20110   0.04411   0.26729   0.10337   0.21040   0.20742   0.13276   1.39657   0.17994   2.01613   0.88102   1.89252   3.78892   3.08538   0.08171   1.00000  
 62  0.9645   7439.719427  x:  4.75239   0.10445   0.06446   0.44819   0.63948   0.85542   0.57612   0.88558   0.05045   0.10544   0.25217   0.80074   0.67765   0.00000   0.33035   0.77471   1.02634   1.08833   1.25628   1.04688   0.47647   0.40494   0.51712   0.21590   1.48736   0.45766   0.20150   0.04472   0.26755   0.10450   0.21050   0.20765   0.13112   1.39818   0.18267   2.01438   0.88013   1.89491   3.81782   3.11357   0.08164   1.00000  
 63  1.1485   7439.706313  x:  4.78387   0.10339   0.06446   0.44495   0.64071   0.84801   0.57564   0.88805   0.05068   0.10544   0.25225   0.80830   0.67515   0.00000   0.32684   0.78963   1.02860   1.08543   1.26831   1.04557   0.47524   0.40745   0.51419   0.21531   1.48491   0.45881   0.20186   0.04570   0.26774   0.10577   0.21064   0.20795   0.13263   1.40429   0.18100   2.02149   0.87406   1.89174   3.85631   3.15112   0.08153   1.00000  
 64  2.0486   7439.693835  x:  4.81263   0.10482   0.06491   0.44473   0.64181   0.85522   0.57725   0.89504   0.05052   0.10534   0.25597   0.81109   0.67141   0.00000   0.32726   0.79231   1.03609   1.08277   1.27036   1.04806   0.47738   0.40718   0.51808   0.22040   1.49278   0.45404   0.20288   0.04661   0.26844   0.10695   0.21137   0.20874   0.13007   1.41172   0.18765   2.04090   0.87648   1.89215   3.89394   3.19901   0.08138   1.00000  
 65  1.3480   7439.680796  x:  4.84151   0.10381   0.06480   0.44810   0.64481   0.86563   0.57606   0.89843   0.04988   0.10592   0.25481   0.81184   0.67769   0.00000   0.32946   0.79041   1.04545   1.08399   1.27158   1.05401   0.48031   0.40871   0.51951   0.21891   1.50414   0.45794   0.20365   0.04742   0.26906   0.10753   0.21205   0.20954   0.13388   1.41997   0.18031   2.06269   0.87854   1.89570   3.93610   3.25038   0.08124   1.00000  
 66  2.9701   7439.676842  x:  4.84998   0.10537   0.06466   0.44695   0.64364   0.86580   0.57532   0.89707   0.05015   0.10624   0.25341   0.81189   0.68162   0.00000   0.33179   0.78922   1.04747   1.08808   1.27450   1.05649   0.47863   0.41040   0.51906   0.21675   1.50773   0.46095   0.20380   0.04754   0.26919   0.10756   0.21214   0.20967   0.13122   1.42216   0.18298   2.06770   0.88140   1.89509   3.95137   3.26733   0.08118   1.00000  
 67  1.4003   7439.669030  x:  4.86591   0.10661   0.06433   0.44991   0.64610   0.85993   0.58074   0.89514   0.04938   0.10654   0.25565   0.81309   0.68064   0.00000   0.33262   0.78572   1.04556   1.10164   1.28400   1.05838   0.48335   0.41161   0.52076   0.21813   1.51206   0.46090   0.20433   0.04760   0.26914   0.10662   0.21255   0.21006   0.13186   1.42474   0.18273   2.06955   0.88267   1.89378   3.98580   3.30905   0.08110   1.00000  
 68  0.9576   7439.663782  x:  4.87627   0.10811   0.06379   0.44815   0.64538   0.86108   0.58202   0.89871   0.04909   0.10856   0.25279   0.81523   0.68134   0.00000   0.33083   0.78928   1.04496   1.10306   1.28669   1.05843   0.47995   0.41021   0.52460   0.21977   1.51277   0.45880   0.20415   0.04752   0.26850   0.10549   0.21237   0.20991   0.13120   1.42641   0.18064   2.06629   0.88266   1.89715   4.01632   3.33730   0.08103   1.00000  
 69  1.0853   7439.656420  x:  4.89042   0.11020   0.06330   0.44822   0.64562   0.86612   0.57496   0.90011   0.04820   0.10869   0.25437   0.81501   0.68216   0.00000   0.32801   0.79780   1.04562   1.09649   1.28824   1.05684   0.48377   0.41290   0.52276   0.21980   1.51167   0.45891   0.20417   0.04726   0.26767   0.10382   0.21231   0.20978   0.13047   1.42820   0.18201   2.05935   0.88271   1.89673   4.06078   3.38146   0.08094   1.00000  
 70  1.9151   7439.654799  x:  4.89308   0.11047   0.06314   0.44766   0.64574   0.86634   0.57720   0.90010   0.04828   0.10875   0.25537   0.81258   0.68110   0.00000   0.32815   0.79917   1.04791   1.09313   1.28845   1.05822   0.48308   0.41240   0.52407   0.21857   1.51123   0.46080   0.20422   0.04717   0.26763   0.10355   0.21232   0.20978   0.13054   1.42707   0.18133   2.05815   0.88251   1.89329   4.07261   3.39360   0.08093   1.00000  
 71  0.7253   7439.651339  x:  4.89718   0.11089   0.06332   0.44725   0.64679   0.86185   0.58096   0.89483   0.04836   0.10846   0.25486   0.81450   0.68159   0.00000   0.32801   0.79808   1.05579   1.08601   1.28838   1.06063   0.48385   0.41275   0.52366   0.21885   1.51072   0.46004   0.20416   0.04705   0.26757   0.10333   0.21229   0.20973   0.13081   1.42260   0.18196   2.05719   0.88317   1.89641   4.10481   3.42597   0.08093   1.00000  
 72  0.6152   7439.636756  x:  4.91019   0.11066   0.06317   0.45058   0.64208   0.85814   0.57840   0.89365   0.04904   0.10966   0.25177   0.81353   0.68246   0.00000   0.32213   0.78693   1.06429   1.08289   1.28970   1.04743   0.48116   0.41320   0.52157   0.22084   1.51030   0.45568   0.20338   0.04669   0.26731   0.10321   0.21192   0.20928   0.13058   1.41939   0.17919   2.05938   0.88453   1.88907   4.25878   3.57373   0.08096   1.00000  
 73  1.2094   7439.602097  x:  4.93816   0.10964   0.06442   0.45180   0.63562   0.86027   0.57275   0.89840   0.05101   0.10775   0.25628   0.80725   0.67046   0.00000   0.32977   0.77671   1.05836   1.08505   1.29261   1.04506   0.47890   0.41192   0.51910   0.21433   1.50329   0.46315   0.20196   0.04576   0.26773   0.10359   0.21141   0.20867   0.13107   1.41725   0.18111   2.06136   0.87938   1.90186   4.63208   3.94070   0.08111   1.00000  
 74  7.5577   7439.566799  x:  4.96308   0.10851   0.06495   0.44978   0.64197   0.86693   0.57590   0.89759   0.05246   0.10628   0.25270   0.81125   0.68090   0.00000   0.33475   0.77967   1.03728   1.09065   1.28027   1.05969   0.47785   0.41488   0.51618   0.21859   1.49543   0.45948   0.20128   0.04522   0.26922   0.10455   0.21166   0.20904   0.13213   1.41561   0.18459   2.06205   0.87249   1.89523   4.99771   4.31494   0.08128   1.00000  
 75 13.6242   7439.559074  x:  4.96560   0.10845   0.06527   0.44641   0.64476   0.86525   0.57930   0.89307   0.05256   0.10531   0.25501   0.81092   0.67996   0.00000   0.33459   0.79073   1.03487   1.09742   1.26792   1.05523   0.47839   0.41488   0.51584   0.21737   1.49956   0.46080   0.20127   0.04501   0.26942   0.10465   0.21167   0.20902   0.13199   1.41620   0.18234   2.06279   0.87948   1.89593   5.08358   4.40131   0.08130   1.00000  
 76  3.4974   7439.553451  x:  4.95075   0.10829   0.06495   0.45320   0.63950   0.85811   0.57814   0.89664   0.05192   0.10545   0.25433   0.81110   0.68046   0.00000   0.33666   0.79358   1.02935   1.09238   1.26671   1.05673   0.47811   0.41491   0.51589   0.21723   1.50852   0.46026   0.20148   0.04512   0.26937   0.10457   0.21168   0.20907   0.13215   1.41287   0.18116   2.06258   0.88282   1.89539   5.17534   4.49354   0.08129   1.00000  
 77  0.6382   7439.512154  x:  4.81504   0.10644   0.06397   0.44396   0.64712   0.86106   0.57742   0.89329   0.04826   0.10710   0.25393   0.81027   0.68000   0.00000   0.33099   0.78685   1.04065   1.09166   1.27118   1.05309   0.47815   0.41384   0.51645   0.21719   1.51583   0.45830   0.20351   0.04584   0.26775   0.10388   0.21150   0.20888   0.13207   1.41391   0.18558   2.05337   0.87107   1.89352   5.92433   5.23596   0.08113   1.00000  
 78  3.5553   7439.506567  x:  4.79785   0.10620   0.06369   0.44498   0.64688   0.85976   0.57652   0.89694   0.04798   0.10708   0.25437   0.81190   0.68037   0.00000   0.33134   0.78565   1.04368   1.09189   1.27197   1.05516   0.47897   0.41402   0.51702   0.21824   1.50387   0.45856   0.20403   0.04592   0.26773   0.10394   0.21162   0.20910   0.13169   1.41657   0.18247   2.05297   0.88198   1.89305   6.02793   5.34214   0.08114   1.00000  
 79  4.1412   7439.501087  x:  4.80310   0.10702   0.06395   0.45109   0.63990   0.85977   0.57599   0.89805   0.04892   0.10667   0.25486   0.81157   0.68058   0.00000   0.33048   0.78880   1.04788   1.09670   1.26834   1.05706   0.47874   0.41475   0.51715   0.21797   1.50023   0.45919   0.20350   0.04607   0.26792   0.10416   0.21174   0.20916   0.13195   1.41512   0.18395   2.05136   0.87712   1.89358   6.32465   5.63969   0.08130   1.00000  
 80  0.5162   7439.491825  x:  4.81385   0.10817   0.06424   0.44801   0.64209   0.86154   0.57707   0.89342   0.05102   0.10680   0.25415   0.81029   0.67892   0.00000   0.33407   0.78638   1.03853   1.09033   1.27208   1.05327   0.47897   0.41518   0.51727   0.21730   1.49974   0.45920   0.20239   0.04626   0.26802   0.10444   0.21175   0.20903   0.13141   1.41684   0.18134   2.05099   0.88087   1.89441   6.85511   6.16762   0.08160   1.00000  
 81  9.7903   7439.484393  x:  4.82945   0.10777   0.06395   0.44742   0.64404   0.86040   0.57732   0.89532   0.04876   0.10689   0.25428   0.81110   0.67981   0.00000   0.33275   0.78597   1.04210   1.09167   1.27217   1.05396   0.47859   0.41409   0.51689   0.21815   1.50406   0.45905   0.20297   0.04601   0.26827   0.10430   0.21161   0.20898   0.13087   1.41594   0.18225   2.05404   0.87944   1.89408   7.90824   7.22251   0.08116   1.00000  
 82  0.5080   7439.481829  x:  4.82516   0.10750   0.06412   0.44711   0.64364   0.86098   0.57661   0.89514   0.05022   0.10679   0.25427   0.81087   0.67946   0.00000   0.33260   0.78664   1.04095   1.09118   1.27271   1.05419   0.47910   0.41468   0.51721   0.21758   1.50195   0.45905   0.20300   0.04600   0.26789   0.10415   0.21170   0.20910   0.13173   1.41649   0.18196   2.05298   0.88079   1.89408   8.72605   8.03944   0.08144   1.00000  
 83  0.5261   7439.480717  x:  4.82543   0.10757   0.06410   0.44772   0.64330   0.86071   0.57721   0.89485   0.04931   0.10690   0.25429   0.81085   0.67951   0.00000   0.33293   0.78615   1.04103   1.09145   1.27187   1.05395   0.47856   0.41451   0.51691   0.21774   1.50269   0.45917   0.20276   0.04607   0.26821   0.10437   0.21165   0.20896   0.13136   1.41617   0.18221   2.05327   0.87985   1.89420   9.83113   9.14486   0.08128   1.00000  
 84  0.5165   7439.480343  x:  4.82429   0.10761   0.06404   0.44721   0.64373   0.86088   0.57682   0.89512   0.04994   0.10683   0.25427   0.81094   0.67958   0.00000   0.33274   0.78652   1.04120   1.09130   1.27257   1.05410   0.47901   0.41456   0.51718   0.21775   1.50241   0.45902   0.20301   0.04602   0.26797   0.10417   0.21169   0.20908   0.13147   1.41644   0.18200   2.05297   0.88045   1.89406  10.62257   9.93616   0.08138   1.00000  
 85  0.5010   7439.480183  x:  4.82571   0.10760   0.06413   0.44753   0.64338   0.86078   0.57702   0.89493   0.04955   0.10684   0.25428   0.81083   0.67948   0.00000   0.33283   0.78627   1.04100   1.09136   1.27209   1.05401   0.47873   0.41454   0.51698   0.21769   1.50244   0.45914   0.20282   0.04605   0.26812   0.10432   0.21166   0.20900   0.13142   1.41619   0.18209   2.05327   0.88011   1.89417  11.60335  10.91697   0.08133   1.00000  
 86  0.4745   7439.480119  x:  4.82468   0.10760   0.06405   0.44731   0.64365   0.86083   0.57690   0.89508   0.04981   0.10685   0.25427   0.81093   0.67956   0.00000   0.33276   0.78644   1.04118   1.09134   1.27244   1.05408   0.47892   0.41454   0.51713   0.21775   1.50249   0.45905   0.20296   0.04603   0.26802   0.10421   0.21168   0.20906   0.13145   1.41639   0.18206   2.05304   0.88033   1.89410  12.41457  11.72820   0.08136   1.00000  
 87  0.4969   7439.480093  x:  4.82528   0.10759   0.06411   0.44745   0.64347   0.86081   0.57697   0.89497   0.04964   0.10684   0.25427   0.81086   0.67951   0.00000   0.33281   0.78634   1.04105   1.09134   1.27221   1.05403   0.47880   0.41455   0.51703   0.21771   1.50243   0.45911   0.20287   0.04604   0.26808   0.10428   0.21167   0.20903   0.13144   1.41627   0.18207   2.05319   0.88020   1.89414  13.39491  12.70852   0.08134   1.00000  
 88  0.4900   7439.480082  x:  4.82488   0.10760   0.06406   0.44736   0.64359   0.86082   0.57692   0.89505   0.04976   0.10685   0.25427   0.81091   0.67954   0.00000   0.33278   0.78640   1.04114   1.09135   1.27237   1.05406   0.47887   0.41454   0.51710   0.21774   1.50248   0.45907   0.20293   0.04603   0.26804   0.10423   0.21168   0.20905   0.13144   1.41635   0.18207   2.05309   0.88028   1.89411  14.20065  13.51428   0.08135   1.00000  
 89  0.4921   7439.480077  x:  4.82513   0.10760   0.06410   0.44741   0.64352   0.86082   0.57695   0.89500   0.04968   0.10684   0.25427   0.81088   0.67952   0.00000   0.33280   0.78636   1.04109   1.09134   1.27227   1.05404   0.47883   0.41455   0.51706   0.21772   1.50245   0.45909   0.20289   0.04604   0.26807   0.10426   0.21167   0.20903   0.13144   1.41630   0.18207   2.05315   0.88024   1.89413  15.19188  14.50549   0.08135   1.00000  
 90  0.4915   7439.480076  x:  4.82497   0.10760   0.06407   0.44738   0.64357   0.86082   0.57693   0.89503   0.04974   0.10685   0.25427   0.81090   0.67954   0.00000   0.33279   0.78639   1.04112   1.09135   1.27233   1.05406   0.47886   0.41454   0.51708   0.21773   1.50247   0.45908   0.20292   0.04603   0.26805   0.10424   0.21167   0.20904   0.13144   1.41633   0.18207   2.05311   0.88026   1.89412  15.98913  15.30275   0.08135   1.00000  
 91  0.4915   7439.480075  x:  4.82506   0.10760   0.06409   0.44740   0.64354   0.86082   0.57694   0.89501   0.04970   0.10684   0.25427   0.81089   0.67953   0.00000   0.33280   0.78637   1.04110   1.09134   1.27230   1.05405   0.47884   0.41455   0.51707   0.21772   1.50245   0.45909   0.20290   0.04604   0.26806   0.10425   0.21167   0.20904   0.13144   1.41631   0.18207   2.05314   0.88025   1.89412  17.00292  16.31653   0.08135   1.00000  
 92  0.4942   7439.480075  x:  4.82501   0.10760   0.06408   0.44739   0.64356   0.86082   0.57694   0.89503   0.04972   0.10684   0.25427   0.81089   0.67953   0.00000   0.33279   0.78638   1.04111   1.09134   1.27232   1.05405   0.47885   0.41454   0.51708   0.21773   1.50246   0.45908   0.20291   0.04604   0.26805   0.10425   0.21167   0.20904   0.13144   1.41632   0.18207   2.05312   0.88026   1.89412  17.77768  17.09130   0.08135   1.00000  
 93  0.4885   7439.480075  x:  4.82504   0.10760   0.06409   0.44739   0.64354   0.86082   0.57694   0.89502   0.04971   0.10684   0.25427   0.81089   0.67953   0.00000   0.33279   0.78638   1.04111   1.09134   1.27231   1.05405   0.47885   0.41455   0.51707   0.21773   1.50246   0.45909   0.20291   0.04604   0.26806   0.10425   0.21167   0.20904   0.13144   1.41632   0.18207   2.05313   0.88025   1.89412  18.96933  18.28294   0.08135   1.00000  
 94  0.5312   7439.480075  x:  4.82502   0.10760   0.06408   0.44739   0.64355   0.86082   0.57694   0.89502   0.04972   0.10684   0.25427   0.81089   0.67953   0.00000   0.33279   0.78638   1.04111   1.09134   1.27231   1.05405   0.47885   0.41455   0.51708   0.21773   1.50246   0.45908   0.20291   0.04604   0.26805   0.10425   0.21167   0.20904   0.13144   1.41632   0.18207   2.05312   0.88025   1.89412  19.68945  19.00308   0.08135   1.00000  
 95  0.5053   7439.480074  x:  4.82503   0.10760   0.06408   0.44739   0.64355   0.86082   0.57694   0.89502   0.04971   0.10684   0.25427   0.81089   0.67953   0.00000   0.33279   0.78638   1.04111   1.09134   1.27231   1.05405   0.47885   0.41455   0.51707   0.21773   1.50246   0.45908   0.20291   0.04604   0.26806   0.10425   0.21167   0.20904   0.13144   1.41632   0.18207   2.05313   0.88025   1.89412  21.39583  20.70945   0.08135   1.00000  
 96  0.6041   7439.480074  x:  4.82502   0.10760   0.06408   0.44739   0.64355   0.86082   0.57694   0.89502   0.04972   0.10684   0.25427   0.81089   0.67953   0.00000   0.33279   0.78638   1.04111   1.09134   1.27231   1.05405   0.47885   0.41455   0.51707   0.21773   1.50246   0.45908   0.20291   0.04604   0.26806   0.10425   0.21167   0.20904   0.13144   1.41632   0.18207   2.05312   0.88025   1.89412  22.10060  21.41422   0.08135   1.00000  
 97  0.6229   7439.480074  x:  4.82502   0.10760   0.06408   0.44739   0.64355   0.86082   0.57694   0.89502   0.04972   0.10684   0.25427   0.81089   0.67953   0.00000   0.33279   0.78638   1.04111   1.09134   1.27231   1.05405   0.47885   0.41455   0.51707   0.21773   1.50246   0.45908   0.20291   0.04604   0.26806   0.10425   0.21167   0.20904   0.13144   1.41632   0.18207   2.05313   0.88025   1.89412  22.25199  21.56561   0.08135   1.00000  
 98  0.1181   7439.480074  x:  4.82502   0.10760   0.06408   0.44739   0.64355   0.86082   0.57694   0.89502   0.04972   0.10684   0.25427   0.81089   0.67953   0.00000   0.33279   0.78638   1.04111   1.09134   1.27231   1.05405   0.47885   0.41455   0.51707   0.21773   1.50246   0.45908   0.20291   0.04604   0.26806   0.10425   0.21167   0.20904   0.13144   1.41632   0.18207   2.05313   0.88025   1.89412  22.25199  21.56561   0.08135   1.00000  
 99 24.5265   7439.480074  x:  4.82502   0.10760   0.06408   0.44739   0.64355   0.86082   0.57694   0.89502   0.04972   0.10684   0.25427   0.81089   0.67953   0.00000   0.33279   0.78638   1.04111   1.09134   1.27231   1.05405   0.47885   0.41455   0.51707   0.21773   1.50246   0.45908   0.20291   0.04604   0.26806   0.10425   0.21167   0.20904   0.13144   1.41632   0.18207   2.05313   0.88025   1.89412  22.25199  21.56561   0.08135   1.00000  
check convergence!
