

TREE # 1

  0  0.0000   9223.904160  x:  0.17444   0.02804   0.07307   0.00000   0.21220   0.15259   0.14764   0.15672   0.09176   0.01488   0.10164   0.09888   0.08304   0.02822   0.03654   0.11840   0.16638   0.13073   0.17006   0.12456   0.13600   0.08105   0.05011   0.02312   0.14692   0.15208   0.08109   0.04353   0.13235   0.02986   0.05286   0.04009   0.10565   0.11049   0.05181   0.16210   0.10351   2.00000   1.39835   0.16116   0.29812   1.40136  
  1 99.0000   8116.749499  x:  0.33988   0.14977   0.13477   0.33151   0.26390   0.21931   0.20724   0.22939   0.13466   0.10866   0.15952   0.22831   0.21478   0.10140   0.16893   0.18768   0.24375   0.24290   0.25692   0.23555   0.18649   0.18046   0.22009   0.13345   0.27071   0.19715   0.10932   0.05597   0.15044   0.08424   0.12737   0.14561   0.14740   0.24592   0.15137   0.28465   0.25753   1.99211   1.43235   0.12851   0.00000   1.40058  
  2 3558.5977   7960.603687  x:  0.52829   0.28838   0.20501   0.70897   0.32277   0.29529   0.27512   0.31215   0.18350   0.21544   0.22542   0.37571   0.36479   0.18472   0.31968   0.26659   0.33187   0.37066   0.35584   0.36196   0.24399   0.29366   0.41365   0.25907   0.41169   0.24847   0.14145   0.07013   0.17104   0.14616   0.21222   0.26574   0.19493   0.40015   0.26475   0.42422   0.43294   1.98311   1.47107   0.09132   0.00099   1.39970  
  3 19546.2231   7873.084407  x:  0.63058   0.27029   0.14932   0.69562   0.31829   0.31839   0.30798   0.36289   0.12252   0.16202   0.18929   0.39333   0.36805   0.15035   0.33027   0.29444   0.38267   0.43484   0.40478   0.39387   0.22275   0.26761   0.39039   0.22113   0.48130   0.24558   0.10268   0.00000   0.13941   0.06531   0.14277   0.18898   0.17861   0.44104   0.26819   0.49916   0.48063   1.98075   1.42548   0.13989   0.00098   1.39806  
  4 389.3471   7817.848665  x:  0.77582   0.23203   0.05685   0.65945   0.30690   0.34992   0.34498   0.42453   0.02346   0.07690   0.13573   0.41598   0.37015   0.09767   0.33678   0.32534   0.44536   0.51397   0.46815   0.44086   0.20110   0.23140   0.35171   0.15720   0.58083   0.24064   0.14664   0.12184   0.14775   0.02196   0.07671   0.09185   0.14084   0.49738   0.25986   0.59911   0.53783   1.97740   1.36293   0.20770   0.00096   1.39516  
  5 795.3000   7801.761647  x:  0.82038   0.21302   0.03233   0.63433   0.30133   0.35816   0.35212   0.43941   0.00000   0.05466   0.12290   0.42033   0.36928   0.08284   0.33307   0.33085   0.46092   0.53326   0.48466   0.45649   0.20394   0.22253   0.33574   0.13752   0.60963   0.23695   0.14392   0.12328   0.15808   0.06176   0.09802   0.09547   0.12226   0.51388   0.24874   0.62706   0.54879   1.97634   1.34214   0.23083   0.00096   1.39384  
  6 430.4849   7770.299770  x:  1.02888   0.09942   0.05633   0.45721   0.27309   0.39060   0.35676   0.47938   0.06374   0.06161   0.12283   0.43312   0.37732   0.05970   0.29087   0.33256   0.50682   0.58870   0.54194   0.55005   0.30185   0.22450   0.26156   0.10464   0.73791   0.23723   0.15282   0.15835   0.18853   0.00244   0.19627   0.19946   0.00000   0.59868   0.14466   0.73780   0.56077   1.96964   1.24825   0.34121   0.00093   1.38423  
  7 276.8420   7770.299770  x:  1.02888   0.09942   0.05633   0.45721   0.27309   0.39060   0.35676   0.47938   0.06374   0.06161   0.12283   0.43312   0.37732   0.05970   0.29087   0.33256   0.50682   0.58870   0.54194   0.55005   0.30185   0.22450   0.26156   0.10464   0.73791   0.23723   0.15282   0.15835   0.18853   0.00244   0.19627   0.19946   0.00000   0.59868   0.14466   0.73780   0.56077   1.96964   1.24825   0.34121   0.00093   1.38423  
  8 255.1942   7629.087479  x:  1.02899   0.09947   0.05631   0.45714   0.27314   0.39063   0.35677   0.47940   0.06370   0.06163   0.12287   0.43315   0.37735   0.05971   0.29087   0.33256   0.50684   0.58872   0.54198   0.55009   0.30184   0.22455   0.26164   0.10468   0.73795   0.23727   0.15271   0.15809   0.18855   0.00306   0.19616   0.19935   0.00008   0.59877   0.14466   0.73787   0.56079   1.96964   1.24822   0.34126   0.06301   1.38422  
  9 24012.5303   7576.326917  x:  1.09117   0.16028   0.08490   0.46124   0.32438   0.42939   0.39046   0.51623   0.08927   0.10702   0.17695   0.47522   0.42081   0.10071   0.31966   0.36451   0.54302   0.62325   0.58325   0.58533   0.32937   0.27817   0.32201   0.15338   0.77888   0.28453   0.15218   0.10222   0.23089   0.28406   0.19084   0.19561   0.41263   0.65968   0.17854   0.78746   0.59638   1.94851   1.34681   0.24856   0.07336   1.38100  
 10 609.4927   7537.317843  x:  1.18250   0.16249   0.08189   0.45921   0.38083   0.48353   0.43551   0.56810   0.07891   0.10643   0.20491   0.53004   0.46524   0.11079   0.35064   0.40913   0.59683   0.67617   0.64322   0.62692   0.35426   0.32308   0.37393   0.16688   0.83831   0.31461   0.13395   0.00000   0.19527   0.19350   0.15293   0.15407   0.43398   0.71269   0.19609   0.85922   0.64426   1.91966   1.43013   0.17334   0.07535   1.37604  
 11 201.2035   7512.623406  x:  1.30887   0.16383   0.07619   0.45520   0.45485   0.55552   0.49441   0.63700   0.06295   0.10265   0.23944   0.60224   0.52335   0.12094   0.39108   0.46885   0.66926   0.74764   0.72396   0.68256   0.38629   0.37920   0.43994   0.18295   0.91959   0.35470   0.13117   0.05178   0.16004   0.07256   0.11188   0.10797   0.46101   0.78449   0.21865   0.95744   0.70864   1.88059   1.54183   0.07288   0.07834   1.36912  
 12 785.7759   7496.887138  x:  1.44305   0.14664   0.05637   0.44022   0.50257   0.61128   0.53035   0.68815   0.03055   0.07159   0.24212   0.65187   0.55768   0.09904   0.41426   0.51851   0.73055   0.81058   0.79341   0.72632   0.40121   0.39219   0.46499   0.17810   0.99622   0.37123   0.16758   0.05453   0.21051   0.04712   0.21229   0.22296   0.42414   0.84600   0.22614   1.05391   0.76251   1.84594   1.61761   0.00895   0.07995   1.36130  
 13 212.9989   7485.857038  x:  1.64327   0.10780   0.04917   0.40480   0.53019   0.66028   0.53723   0.72496   0.02821   0.03162   0.21185   0.68136   0.57012   0.03510   0.41504   0.56794   0.79253   0.87868   0.86836   0.77254   0.40249   0.34975   0.44028   0.15906   1.09226   0.36583   0.17611   0.05907   0.26134   0.17651   0.18250   0.18822   0.31271   0.91801   0.20617   1.18129   0.81392   1.81320   1.62331   0.02102   0.07901   1.34894  
 14 111.4439   7476.234830  x:  1.89408   0.09316   0.10398   0.35895   0.53423   0.68810   0.50181   0.73352   0.10856   0.14150   0.19311   0.68168   0.56378   0.00000   0.38988   0.60332   0.83851   0.93110   0.93479   0.82879   0.40381   0.28652   0.38770   0.16732   1.18995   0.36220   0.14814   0.06447   0.25708   0.18759   0.20500   0.20001   0.29538   1.00537   0.15728   1.32207   0.84078   1.79555   1.55414   0.11645   0.07887   1.33026  
 15 97.6335   7466.565732  x:  2.19586   0.08336   0.05610   0.31210   0.51983   0.70481   0.44532   0.72861   0.04102   0.14688   0.16590   0.67031   0.53403   0.00000   0.33966   0.62254   0.86833   0.96225   1.00095   0.87319   0.39073   0.30453   0.39546   0.15867   1.27854   0.35122   0.17655   0.06137   0.24567   0.14905   0.19768   0.20981   0.36869   1.10553   0.10509   1.47925   0.84165   1.80479   1.40648   0.30127   0.07867   1.30477  
 16 96.8789   7462.837613  x:  2.36995   0.06279   0.09054   0.37892   0.53285   0.70559   0.43810   0.73105   0.07856   0.10954   0.20996   0.66737   0.53945   0.00000   0.30675   0.61314   0.86143   0.94625   1.02188   0.87988   0.41681   0.37931   0.44898   0.20333   1.30276   0.37485   0.20330   0.05970   0.28004   0.14201   0.20887   0.20545   0.36564   1.14635   0.10967   1.54887   0.80950   1.84099   1.32932   0.41355   0.07848   1.28106  
 17 52.2769   7461.165116  x:  2.47271   0.07316   0.07071   0.44246   0.53472   0.70075   0.47305   0.75021   0.05734   0.11831   0.25768   0.67879   0.56795   0.00000   0.30979   0.60496   0.85226   0.92170   1.02722   0.87741   0.43241   0.37793   0.44963   0.20486   1.29522   0.37911   0.16574   0.06522   0.26448   0.15398   0.21688   0.21674   0.35667   1.15985   0.15332   1.57522   0.77896   1.87541   1.30486   0.47313   0.07823   1.25708  
 18 31.9171   7460.422493  x:  2.52655   0.08558   0.07152   0.47039   0.52292   0.69316   0.49787   0.76117   0.04935   0.13096   0.25676   0.68374   0.57916   0.03617   0.32784   0.60394   0.84974   0.90701   1.02485   0.87607   0.43583   0.36336   0.43862   0.20612   1.28196   0.38573   0.20015   0.06147   0.26649   0.14969   0.20833   0.21545   0.35742   1.16259   0.16984   1.58015   0.75718   1.89318   1.31278   0.49400   0.07830   1.23687  
 19 23.4630   7459.671014  x:  2.60688   0.08274   0.07289   0.49433   0.49191   0.67958   0.52685   0.76920   0.06201   0.11085   0.20348   0.68443   0.58436   0.05177   0.35845   0.60647   0.85150   0.89526   1.00851   0.85779   0.43304   0.35501   0.43999   0.20153   1.25612   0.39095   0.18223   0.06154   0.26893   0.13682   0.21775   0.20639   0.37363   1.16376   0.17190   1.57821   0.72426   1.90621   1.35190   0.51416   0.07850   1.19445  
 20 15.5186   7458.974332  x:  2.70502   0.05544   0.06232   0.50863   0.46390   0.66428   0.52749   0.75443   0.06371   0.12819   0.19696   0.68444   0.59483   0.03267   0.38023   0.60208   0.85165   0.88869   0.97837   0.82686   0.42590   0.36522   0.45596   0.19362   1.22769   0.38636   0.18705   0.06079   0.25644   0.13800   0.19778   0.22136   0.37372   1.16138   0.15882   1.57047   0.69352   1.90590   1.42257   0.53343   0.07858   1.12773  
 21 15.7562   7458.258792  x:  2.80817   0.06609   0.07026   0.51122   0.45281   0.65535   0.51094   0.72830   0.04033   0.13303   0.21689   0.68077   0.59343   0.01135   0.39332   0.59054   0.84721   0.88383   0.94445   0.80232   0.40773   0.36455   0.45630   0.19812   1.20111   0.38442   0.18864   0.05894   0.26061   0.13148   0.21441   0.19692   0.37169   1.15736   0.15336   1.55792   0.67746   1.89342   1.50796   0.55990   0.07869   1.04156  
 22 24.5315   7457.784590  x:  2.84284   0.07058   0.06594   0.50503   0.45902   0.65753   0.50351   0.71935   0.04544   0.12271   0.22545   0.67731   0.58298   0.01465   0.39459   0.58393   0.84289   0.88211   0.93276   0.80313   0.40369   0.36239   0.45071   0.20220   1.19327   0.38364   0.18595   0.05866   0.25892   0.12729   0.20855   0.20092   0.37332   1.15371   0.15770   1.54985   0.68027   1.88640   1.54342   0.57551   0.07875   1.00000  
 23 22.9967   7457.205879  x:  2.90868   0.03954   0.06709   0.47472   0.48490   0.67129   0.50871   0.72498   0.03614   0.12301   0.22847   0.66905   0.56072   0.02885   0.38682   0.56870   0.82762   0.87968   0.91637   0.82595   0.42346   0.37162   0.44674   0.20565   1.18306   0.38373   0.18492   0.05856   0.24518   0.12872   0.22038   0.19150   0.37407   1.13492   0.16045   1.52160   0.69614   1.87949   1.62722   0.63705   0.07883   1.00000  
 24 14.6790   7456.217221  x:  3.00376   0.06204   0.07873   0.43085   0.51711   0.68885   0.53525   0.75991   0.02966   0.12570   0.22246   0.66957   0.56863   0.00000   0.36605   0.55665   0.80772   0.88530   0.91421   0.85572   0.45841   0.38195   0.45429   0.19278   1.18206   0.38110   0.18597   0.05768   0.25946   0.12502   0.20698   0.19797   0.36709   1.10378   0.15546   1.47998   0.72061   1.88570   1.74822   0.76929   0.07893   1.00000  
 25 21.9984   7456.217221  x:  3.00376   0.06204   0.07873   0.43085   0.51711   0.68885   0.53525   0.75991   0.02966   0.12570   0.22246   0.66957   0.56863   0.00000   0.36605   0.55665   0.80772   0.88530   0.91421   0.85572   0.45841   0.38195   0.45429   0.19278   1.18206   0.38110   0.18597   0.05768   0.25946   0.12502   0.20698   0.19797   0.36709   1.10378   0.15546   1.47998   0.72061   1.88570   1.74822   0.76929   0.07893   1.00000  
 26 27.2602   7455.357420  x:  3.00397   0.06194   0.07856   0.43090   0.51733   0.68906   0.53531   0.76006   0.03025   0.12552   0.22264   0.66992   0.56889   0.00017   0.36631   0.55698   0.80809   0.88563   0.91463   0.85593   0.45832   0.38190   0.45434   0.19287   1.18241   0.38127   0.18566   0.05672   0.25892   0.12378   0.20647   0.19760   0.36609   1.10400   0.15559   1.48033   0.72093   1.88554   1.74858   0.76903   0.08764   1.00000  
 27 195.6950   7452.883329  x:  3.01039   0.05823   0.07378   0.43321   0.52587   0.69648   0.53794   0.76541   0.05086   0.12031   0.22996   0.68258   0.57870   0.00702   0.37552   0.56859   0.82102   0.89732   0.92941   0.86391   0.45589   0.38117   0.45715   0.19701   1.19476   0.38830   0.17721   0.02624   0.24239   0.08344   0.19096   0.18676   0.33160   1.11147   0.16019   1.49229   0.73225   1.87984   1.76323   0.75768   0.08689   1.00000  
 28 56.9881   7449.906841  x:  3.02974   0.05327   0.05627   0.43595   0.54767   0.71647   0.54353   0.77928   0.07150   0.09921   0.24392   0.71481   0.60300   0.01632   0.39768   0.59988   0.85637   0.92955   0.97023   0.88355   0.44519   0.37686   0.46363   0.20298   1.22921   0.40633   0.19847   0.06470   0.22468   0.06892   0.17412   0.17985   0.23053   1.13283   0.17121   1.52698   0.76336   1.86505   1.80498   0.72575   0.08771   1.00000  
 29 66.6486   7447.624454  x:  3.05079   0.06513   0.04501   0.43405   0.56565   0.73418   0.54555   0.79082   0.06701   0.07834   0.24932   0.74012   0.62093   0.01448   0.41291   0.62774   0.88803   0.95933   1.00799   0.89928   0.43218   0.37107   0.46780   0.20342   1.26169   0.41830   0.19046   0.04279   0.22847   0.10587   0.18441   0.18999   0.13420   1.15533   0.17798   1.56209   0.79143   1.85230   1.83334   0.70762   0.08827   1.00000  
 30 86.7680   7446.578657  x:  3.07210   0.10508   0.06241   0.42506   0.57377   0.74433   0.53995   0.79569   0.03839   0.07997   0.24129   0.74689   0.62430   0.00000   0.41228   0.64413   0.90660   0.97865   1.03328   0.90711   0.42217   0.36644   0.46746   0.19825   1.28507   0.42119   0.18686   0.04659   0.24231   0.08789   0.19394   0.18750   0.08496   1.17787   0.17623   1.59202   0.80892   1.84671   1.82876   0.72192   0.08799   1.00000  
 31 34.5494   7445.734562  x:  3.11483   0.14425   0.06137   0.41143   0.58625   0.75994   0.52805   0.80227   0.06293   0.12303   0.23264   0.75102   0.62380   0.00000   0.40113   0.66761   0.93230   1.00598   1.07245   0.92180   0.42322   0.36918   0.47087   0.19213   1.32465   0.42295   0.18861   0.04983   0.24477   0.10019   0.18085   0.18862   0.07110   1.22099   0.16954   1.64591   0.83382   1.84560   1.80482   0.76550   0.08771   1.00000  
 32 22.4939   7444.839276  x:  3.17096   0.14685   0.03072   0.40105   0.60255   0.78130   0.52198   0.81534   0.05964   0.12769   0.22177   0.75901   0.62355   0.00000   0.38426   0.69277   0.96059   1.03471   1.12002   0.93594   0.42900   0.37975   0.48145   0.18867   1.37103   0.42737   0.19522   0.05080   0.23765   0.09477   0.19730   0.20203   0.08723   1.27100   0.16364   1.71206   0.86068   1.84868   1.77538   0.82064   0.08721   1.00000  
 33 34.5042   7443.523704  x:  3.28721   0.11197   0.07364   0.39901   0.63918   0.82530   0.52390   0.84831   0.05953   0.11099   0.21513   0.77871   0.63217   0.00000   0.35115   0.73751   1.01078   1.08327   1.21091   0.96162   0.45104   0.40561   0.50600   0.20445   1.45793   0.44728   0.20807   0.04954   0.24509   0.10295   0.21280   0.20512   0.13305   1.36399   0.15342   1.83932   0.90613   1.85862   1.72840   0.92114   0.08691   1.00000  
 34 56.5729   7443.137110  x:  3.33107   0.09615   0.06899   0.40751   0.64845   0.83803   0.53512   0.86331   0.04481   0.11743   0.23330   0.78696   0.64392   0.00000   0.33956   0.74653   1.02008   1.09019   1.23441   0.96807   0.46280   0.40851   0.50963   0.20471   1.47834   0.44677   0.20179   0.05072   0.26977   0.10379   0.19878   0.19846   0.14098   1.38642   0.15400   1.87701   0.91132   1.86683   1.71811   0.95191   0.08672   1.00000  
 35 25.7225   7442.896270  x:  3.37630   0.09605   0.07296   0.42372   0.65252   0.84594   0.55230   0.87802   0.04642   0.12908   0.25496   0.79265   0.65832   0.00000   0.33045   0.74957   1.02096   1.08746   1.24710   0.97227   0.47415   0.40650   0.50833   0.20710   1.48766   0.44458   0.19678   0.05443   0.27417   0.09895   0.21196   0.21244   0.14239   1.39797   0.15878   1.90488   0.90585   1.87671   1.71920   0.97228   0.08684   1.00000  
 36 16.2044   7442.606406  x:  3.45640   0.11222   0.07188   0.44739   0.64838   0.85223   0.57800   0.89652   0.04276   0.12119   0.26406   0.79606   0.67208   0.00000   0.31992   0.75125   1.01642   1.07598   1.25796   0.97630   0.48280   0.40391   0.50589   0.21083   1.49221   0.44202   0.20504   0.05220   0.25428   0.10573   0.20991   0.20342   0.13877   1.40649   0.17020   1.94263   0.88793   1.89079   1.72368   1.00600   0.08628   1.00000  
 37 14.6602   7442.304528  x:  3.56953   0.12135   0.06594   0.46447   0.63112   0.85212   0.59424   0.90599   0.05950   0.10578   0.24730   0.79525   0.67517   0.00000   0.31790   0.75654   1.01188   1.06126   1.26545   0.98266   0.48595   0.41140   0.51100   0.21672   1.49124   0.44402   0.21390   0.05017   0.27274   0.10137   0.20660   0.20896   0.13154   1.41002   0.18297   1.98625   0.86263   1.90089   1.74515   1.03978   0.08580   1.00000  
 38 15.9515   7441.731903  x:  3.81850   0.10240   0.06687   0.47768   0.59134   0.84162   0.59454   0.89961   0.05084   0.12789   0.21993   0.79668   0.67507   0.00000   0.33838   0.77582   1.01282   1.03989   1.27672   1.00061   0.47767   0.42785   0.52338   0.22287   1.48322   0.45639   0.19219   0.05703   0.26381   0.10055   0.20978   0.20234   0.12814   1.40896   0.20167   2.06839   0.82055   1.90254   1.81585   1.09443   0.08479   1.00000  
 39 21.3424   7441.391880  x:  3.98177   0.09815   0.07115   0.48016   0.58414   0.83489   0.57856   0.88374   0.04209   0.13180   0.22939   0.80065   0.67519   0.00000   0.35098   0.78569   1.01807   1.03582   1.27856   1.00524   0.46123   0.41294   0.51369   0.21549   1.47670   0.45734   0.21195   0.04722   0.26288   0.09828   0.20082   0.21318   0.14230   1.40677   0.20213   2.11087   0.80796   1.89523   1.87070   1.12562   0.08429   1.00000  
 40 23.0053   7441.138596  x:  4.11163   0.09786   0.06931   0.47827   0.59234   0.83160   0.56262   0.86884   0.05294   0.12074   0.24464   0.80201   0.67184   0.00000   0.35326   0.78863   1.02266   1.03800   1.27332   1.00099   0.45180   0.39755   0.50401   0.20527   1.47059   0.45321   0.20671   0.04956   0.26692   0.09785   0.21109   0.19679   0.15030   1.40307   0.19377   2.13510   0.80732   1.88868   1.91226   1.15552   0.08369   1.00000  
 41 26.4955   7440.928469  x:  4.22711   0.09859   0.07062   0.46892   0.61220   0.83245   0.55411   0.85979   0.05515   0.10702   0.25532   0.79813   0.66331   0.00000   0.34492   0.78421   1.02572   1.04524   1.25964   0.98853   0.45745   0.39945   0.50543   0.20148   1.46472   0.44943   0.19187   0.05541   0.25943   0.09693   0.19926   0.20754   0.14650   1.39725   0.17991   2.14272   0.81832   1.88556   1.94875   1.18715   0.08314   1.00000  
 42 18.1708   7440.670468  x:  4.37809   0.09815   0.06747   0.44592   0.64273   0.83736   0.55522   0.85812   0.05204   0.11339   0.26516   0.79081   0.65279   0.00000   0.32968   0.77347   1.02870   1.06002   1.23567   0.97142   0.47625   0.41499   0.51393   0.21184   1.45867   0.45241   0.20528   0.04925   0.25915   0.09558   0.20394   0.20097   0.13793   1.38803   0.16697   2.13624   0.84672   1.88544   2.00467   1.22633   0.08295   1.00000  
 43 20.6423   7440.503258  x:  4.48243   0.09479   0.06716   0.41588   0.65263   0.84463   0.57194   0.87300   0.05325   0.11538   0.25660   0.79225   0.65864   0.00000   0.32904   0.76574   1.02888   1.07651   1.22325   0.97134   0.47433   0.40186   0.50302   0.22116   1.45811   0.45850   0.20159   0.05026   0.26013   0.09530   0.20272   0.20270   0.14110   1.38042   0.17940   2.10673   0.88028   1.88874   2.03938   1.26696   0.08259   1.00000  
 44  9.9708   7440.365863  x:  4.57141   0.09539   0.07015   0.40654   0.65474   0.85332   0.57702   0.88516   0.05539   0.11434   0.25509   0.80595   0.67600   0.00000   0.34621   0.76169   1.02563   1.09316   1.22575   0.99009   0.47230   0.41265   0.51295   0.20387   1.46221   0.45141   0.20562   0.04932   0.26094   0.09594   0.20521   0.20366   0.14152   1.37518   0.17132   2.05098   0.89509   1.89249   2.06669   1.31831   0.08240   1.00000  
 45  6.6941   7440.268026  x:  4.63785   0.10489   0.06545   0.42338   0.66088   0.86004   0.56880   0.88734   0.05267   0.11352   0.25503   0.81251   0.67935   0.00000   0.36067   0.76059   1.02330   1.10522   1.23300   1.00620   0.47715   0.41359   0.51533   0.21759   1.47280   0.46532   0.20309   0.05030   0.26429   0.09714   0.20546   0.20498   0.14546   1.37829   0.16655   1.99750   0.89924   1.89016   2.09290   1.36268   0.08235   1.00000  
 46  7.6454   7440.234557  x:  4.66022   0.09791   0.06568   0.43189   0.65873   0.86097   0.56472   0.88707   0.05268   0.11537   0.25430   0.80915   0.67299   0.00000   0.35976   0.76023   1.02279   1.10775   1.23592   1.00677   0.47911   0.40955   0.51268   0.21769   1.47979   0.46344   0.20570   0.04954   0.26383   0.09714   0.20672   0.20583   0.13794   1.38402   0.16948   1.97762   0.89812   1.88764   2.10290   1.38489   0.08219   1.00000  
 47  4.5514   7440.197201  x:  4.68459   0.10002   0.06625   0.43947   0.65041   0.86046   0.56455   0.88927   0.05163   0.11496   0.25621   0.80382   0.66514   0.00000   0.35325   0.76132   1.02500   1.10903   1.24173   1.00117   0.47914   0.41066   0.51592   0.21411   1.49251   0.45575   0.20407   0.04962   0.26432   0.09794   0.20670   0.20535   0.14069   1.39919   0.17985   1.95664   0.89766   1.88265   2.13213   1.40542   0.08212   1.00000  
 48  3.7603   7440.163840  x:  4.70377   0.09967   0.06547   0.43533   0.63905   0.85575   0.56702   0.89009   0.05147   0.11479   0.25761   0.80351   0.66694   0.00000   0.34154   0.76323   1.02757   1.10449   1.24737   0.99314   0.47378   0.41000   0.51410   0.21785   1.50195   0.45653   0.20314   0.04943   0.26410   0.09876   0.20677   0.20535   0.13974   1.41280   0.16926   1.94427   0.89009   1.88562   2.16484   1.43259   0.08206   1.00000  
 49  2.8544   7440.096202  x:  4.73611   0.10035   0.06585   0.43819   0.65470   0.84662   0.56852   0.88043   0.04898   0.11833   0.24168   0.80894   0.67618   0.00000   0.32309   0.77477   1.03222   1.08241   1.25864   0.99090   0.47539   0.40973   0.50901   0.20941   1.49622   0.45817   0.20188   0.04846   0.26588   0.10110   0.20810   0.20590   0.14043   1.41990   0.17152   1.94570   0.88530   1.89664   2.25049   1.51419   0.08196   1.00000  
 50  2.3383   7439.994601  x:  4.78008   0.10621   0.06559   0.42411   0.65582   0.84041   0.57301   0.87357   0.04809   0.11411   0.25562   0.80245   0.67244   0.00000   0.31493   0.79351   1.03672   1.05522   1.27642   1.00231   0.47690   0.41286   0.51657   0.21796   1.47843   0.45688   0.20233   0.04750   0.26836   0.10536   0.21153   0.20823   0.13753   1.41075   0.18207   1.96612   0.88264   1.88950   2.37630   1.66374   0.08176   1.00000  
 51  6.1893   7439.929041  x:  4.80510   0.10890   0.06551   0.43123   0.65020   0.85187   0.58219   0.88672   0.04605   0.11481   0.25173   0.79688   0.66038   0.00000   0.31696   0.80098   1.04028   1.06060   1.27916   1.01280   0.48340   0.40846   0.51258   0.21622   1.47309   0.45290   0.20129   0.04683   0.26977   0.10717   0.21275   0.20859   0.14028   1.40039   0.16891   1.99120   0.88063   1.88463   2.47172   1.75885   0.08160   1.00000  
 52  5.9775   7439.823064  x:  4.84148   0.11039   0.06487   0.45271   0.62905   0.87140   0.56448   0.89882   0.04577   0.11404   0.25268   0.80246   0.67054   0.00000   0.31324   0.78999   1.03477   1.09338   1.26558   1.01520   0.47356   0.41433   0.51643   0.21759   1.48163   0.45812   0.20115   0.04548   0.27086   0.10879   0.21416   0.20985   0.13815   1.38927   0.17605   2.04442   0.88439   1.89865   2.63106   1.93170   0.08118   1.00000  
 53  6.2366   7439.751561  x:  4.86335   0.11040   0.06416   0.44612   0.63312   0.86539   0.56730   0.89825   0.04624   0.10889   0.25128   0.81027   0.68277   0.00000   0.33665   0.77499   1.02418   1.10795   1.26436   1.02076   0.49223   0.41584   0.51083   0.21730   1.50413   0.45907   0.20200   0.04449   0.27045   0.10824   0.21464   0.20988   0.13482   1.41277   0.18286   2.08031   0.87346   1.89201   2.74749   2.05697   0.08080   1.00000  
 54  4.0944   7439.714174  x:  4.87434   0.10815   0.06330   0.44865   0.64782   0.86154   0.57959   0.89980   0.04737   0.10946   0.25235   0.80928   0.68001   0.00000   0.34822   0.77071   1.02360   1.11004   1.26503   1.02729   0.47768   0.41474   0.52000   0.21833   1.51508   0.46128   0.20233   0.04409   0.27038   0.10721   0.21446   0.21004   0.13273   1.42909   0.18361   2.09605   0.86897   1.89419   2.81034   2.12623   0.08059   1.00000  
 55  5.0789   7439.688311  x:  4.88237   0.10787   0.06304   0.45325   0.64263   0.86590   0.58302   0.89772   0.04862   0.10683   0.25548   0.81414   0.67939   0.00000   0.34606   0.78677   1.04712   1.09955   1.27320   1.03475   0.48013   0.41756   0.51757   0.21996   1.51417   0.46100   0.20297   0.04385   0.26938   0.10556   0.21388   0.20971   0.13100   1.43787   0.18393   2.09806   0.87939   1.90361   2.86378   2.18320   0.08038   1.00000  
 56  1.5007   7439.678154  x:  4.88619   0.10711   0.06272   0.45521   0.64199   0.86945   0.58270   0.90029   0.04939   0.10724   0.25344   0.81633   0.68531   0.00000   0.33680   0.79270   1.05337   1.09486   1.28054   1.03589   0.48052   0.41471   0.52212   0.21946   1.51395   0.46308   0.20345   0.04371   0.26899   0.10474   0.21351   0.20963   0.13070   1.43644   0.18331   2.09757   0.88121   1.89398   2.88828   2.20906   0.08032   1.00000  
 57  1.7529   7439.670448  x:  4.89047   0.10696   0.06279   0.45217   0.64560   0.87062   0.57941   0.90569   0.05001   0.10749   0.25414   0.81750   0.68309   0.00000   0.32943   0.79806   1.05012   1.09560   1.29604   1.03552   0.47872   0.41852   0.51765   0.21892   1.51626   0.46405   0.20330   0.04379   0.26857   0.10413   0.21303   0.20942   0.13084   1.42821   0.18527   2.09543   0.87779   1.89390   2.91601   2.23375   0.08031   1.00000  
 58  0.9485   7439.666361  x:  4.89358   0.10703   0.06295   0.45026   0.64590   0.86971   0.57813   0.90491   0.04994   0.10734   0.25384   0.81592   0.68302   0.00000   0.32705   0.80131   1.04704   1.09822   1.30176   1.03671   0.48112   0.41394   0.52180   0.21959   1.51698   0.46254   0.20330   0.04382   0.26823   0.10391   0.21281   0.20923   0.13085   1.42505   0.18533   2.09411   0.87702   1.89831   2.93557   2.25049   0.08033   1.00000  
 59  0.9688   7439.645493  x:  4.91341   0.10725   0.06284   0.45340   0.64359   0.86410   0.58847   0.88967   0.04992   0.10748   0.25373   0.81082   0.68750   0.00000   0.32190   0.81410   1.03365   1.11149   1.30166   1.04083   0.47937   0.41748   0.51806   0.22100   1.51157   0.46000   0.20313   0.04481   0.26813   0.10375   0.21244   0.20932   0.13046   1.42384   0.18317   2.08755   0.88281   1.89550   3.04953   2.36338   0.08059   1.00000  
 60  1.1442   7439.613608  x:  4.94467   0.10943   0.06371   0.44994   0.64226   0.86048   0.58697   0.89421   0.05037   0.10872   0.25665   0.82448   0.67659   0.00000   0.32464   0.81494   1.03049   1.10941   1.28782   1.04095   0.48131   0.41440   0.52143   0.21272   1.50505   0.47088   0.20327   0.04624   0.26825   0.10392   0.21230   0.20993   0.12929   1.42629   0.18388   2.07722   0.88415   1.89420   3.23186   2.54749   0.08103   1.00000  
 61  3.8832   7439.582806  x:  4.97440   0.11027   0.06366   0.44598   0.64830   0.86554   0.57398   0.90457   0.05011   0.11016   0.25350   0.81691   0.68255   0.00000   0.33603   0.80217   1.04204   1.09677   1.27617   1.04245   0.47821   0.41533   0.51928   0.21920   1.50474   0.45929   0.20287   0.04791   0.26831   0.10415   0.21198   0.21007   0.12870   1.42561   0.18254   2.06790   0.88288   1.89407   3.41390   2.72754   0.08142   1.00000  
 62  6.4666   7439.578631  x:  4.97712   0.11058   0.06379   0.44546   0.64717   0.86782   0.57586   0.90043   0.05024   0.11004   0.25399   0.81207   0.68293   0.00000   0.33672   0.79328   1.04665   1.09446   1.27833   1.04425   0.47861   0.41545   0.51871   0.21554   1.50737   0.46361   0.20280   0.04797   0.26832   0.10418   0.21191   0.21006   0.12869   1.42247   0.18245   2.06688   0.88338   1.89486   3.44215   2.75485   0.08146   1.00000  
 63  1.3897   7439.576473  x:  4.97684   0.11084   0.06388   0.44606   0.64652   0.86718   0.57826   0.89662   0.05020   0.11057   0.25315   0.81613   0.68107   0.00000   0.33618   0.78745   1.04983   1.09447   1.28028   1.04438   0.47827   0.41513   0.51901   0.21727   1.50879   0.46097   0.20278   0.04804   0.26838   0.10420   0.21192   0.21006   0.12895   1.41934   0.18237   2.06663   0.88346   1.89436   3.46064   2.77370   0.08145   1.00000  
 64  0.7753   7439.566633  x:  4.96420   0.11079   0.06384   0.45020   0.64517   0.85413   0.57950   0.89952   0.05032   0.11061   0.25289   0.81338   0.68231   0.00000   0.33960   0.78435   1.05547   1.09867   1.28429   1.03679   0.47906   0.41485   0.51954   0.21710   1.50376   0.46162   0.20329   0.04766   0.26859   0.10432   0.21196   0.20989   0.12968   1.41617   0.18175   2.06491   0.88454   1.89400   3.57188   2.88831   0.08127   1.00000  
 65  0.6857   7439.534171  x:  4.91718   0.10893   0.06428   0.44876   0.64287   0.85170   0.57438   0.89920   0.04919   0.10760   0.25451   0.80949   0.67902   0.00000   0.32784   0.78037   1.04451   1.09459   1.27694   1.05467   0.47878   0.41471   0.51605   0.21823   1.49815   0.45881   0.20326   0.04642   0.26819   0.10434   0.21133   0.20854   0.13012   1.42163   0.18102   2.05917   0.88227   1.89401   3.96302   3.27339   0.08066   1.00000  
 66  5.0089   7439.524344  x:  4.90189   0.10886   0.06448   0.44670   0.64320   0.86442   0.57652   0.89306   0.04915   0.10799   0.25426   0.80966   0.67892   0.00000   0.33209   0.78707   1.03976   1.09079   1.27372   1.04633   0.47838   0.41379   0.51673   0.21828   1.50132   0.45861   0.20358   0.04599   0.26835   0.10439   0.21134   0.20823   0.13105   1.41974   0.18185   2.05661   0.87809   1.89460   4.08263   3.39446   0.08045   1.00000  
 67  5.3090   7439.522022  x:  4.89428   0.10897   0.06459   0.44714   0.64358   0.86059   0.57717   0.89344   0.04907   0.10758   0.25459   0.80939   0.67929   0.00000   0.33175   0.79092   1.04056   1.08890   1.26924   1.04788   0.47876   0.41411   0.51659   0.21763   1.50952   0.45880   0.20355   0.04592   0.26841   0.10437   0.21138   0.20829   0.13152   1.41452   0.18184   2.05658   0.87841   1.89435   4.13253   3.44512   0.08052   1.00000  
 68  0.4958   7439.501456  x:  4.81384   0.10653   0.06446   0.44975   0.64163   0.86135   0.57699   0.89526   0.04980   0.10671   0.25386   0.81163   0.67908   0.00000   0.33468   0.78665   1.03520   1.08643   1.27454   1.04910   0.47859   0.41442   0.51725   0.21810   1.50470   0.45918   0.20280   0.04534   0.26791   0.10409   0.21152   0.20873   0.13162   1.41601   0.18018   2.05575   0.88515   1.89420   4.65968   3.97095   0.08153   1.00000  
 69  1.6839   7439.499204  x:  4.80557   0.10639   0.06456   0.44800   0.64307   0.86232   0.57772   0.89477   0.04983   0.10648   0.25423   0.81146   0.67964   0.00000   0.33306   0.78734   1.03991   1.09119   1.27290   1.05071   0.47884   0.41464   0.51725   0.21806   1.50232   0.45966   0.20275   0.04529   0.26791   0.10409   0.21159   0.20881   0.13192   1.41635   0.18242   2.05458   0.87894   1.89426   4.71944   4.03115   0.08162   1.00000  
 70  2.7815   7439.490034  x:  4.80809   0.10797   0.06387   0.44579   0.64463   0.85989   0.57569   0.89521   0.04968   0.10794   0.25414   0.81009   0.67903   0.00000   0.33410   0.78347   1.04217   1.09165   1.26953   1.05231   0.47884   0.41437   0.51695   0.21723   1.50109   0.45845   0.20257   0.04696   0.26821   0.10406   0.21177   0.20942   0.13181   1.41514   0.18149   2.04631   0.88150   1.89357   5.38256   4.69556   0.08122   1.00000  
 71  0.3423   7439.484362  x:  4.82144   0.10760   0.06346   0.44789   0.64315   0.86127   0.57733   0.89460   0.04976   0.10648   0.25425   0.81110   0.67957   0.00000   0.33150   0.78824   1.04054   1.09153   1.27444   1.05347   0.47852   0.41442   0.51692   0.21791   1.50353   0.45935   0.20349   0.04538   0.26773   0.10461   0.21160   0.20883   0.13078   1.41714   0.18197   2.05533   0.87996   1.89411   6.14034   5.45299   0.08143   1.00000  
 72  0.3894   7439.481912  x:  4.83282   0.10777   0.06420   0.44719   0.64384   0.86098   0.57687   0.89551   0.04969   0.10713   0.25430   0.81112   0.67976   0.00000   0.33372   0.78576   1.04169   1.09142   1.27153   1.05440   0.47910   0.41470   0.51731   0.21759   1.50224   0.45909   0.20235   0.04657   0.26825   0.10408   0.21180   0.20924   0.13179   1.41634   0.18229   2.05336   0.88051   1.89422   6.95119   6.26575   0.08130   1.00000  
 73  0.4436   7439.480854  x:  4.82603   0.10738   0.06421   0.44757   0.64331   0.86056   0.57702   0.89472   0.04975   0.10668   0.25428   0.81067   0.67934   0.00000   0.33209   0.78679   1.04073   1.09134   1.27279   1.05385   0.47874   0.41448   0.51693   0.21784   1.50243   0.45908   0.20339   0.04562   0.26798   0.10428   0.21158   0.20892   0.13138   1.41620   0.18199   2.05336   0.87990   1.89411   7.81667   7.12976   0.08135   1.00000  
 74  0.4655   7439.480387  x:  4.82398   0.10764   0.06413   0.44735   0.64367   0.86100   0.57692   0.89522   0.04967   0.10690   0.25426   0.81105   0.67966   0.00000   0.33326   0.78608   1.04131   1.09126   1.27199   1.05409   0.47893   0.41460   0.51718   0.21771   1.50253   0.45913   0.20251   0.04632   0.26810   0.10421   0.21170   0.20904   0.13153   1.41646   0.18211   2.05303   0.88042   1.89415   8.76086   8.07479   0.08135   1.00000  
 75  0.4922   7439.480210  x:  4.82448   0.10765   0.06406   0.44735   0.64352   0.86073   0.57691   0.89492   0.04975   0.10684   0.25428   0.81080   0.67946   0.00000   0.33259   0.78649   1.04102   1.09142   1.27242   1.05401   0.47879   0.41450   0.51701   0.21770   1.50239   0.45902   0.20315   0.04589   0.26806   0.10428   0.21166   0.20906   0.13134   1.41619   0.18204   2.05295   0.88023   1.89408   9.52876   8.84220   0.08135   1.00000  
 76  0.4670   7439.480129  x:  4.82504   0.10757   0.06405   0.44743   0.64357   0.86090   0.57697   0.89508   0.04968   0.10685   0.25427   0.81096   0.67959   0.00000   0.33289   0.78635   1.04118   1.09129   1.27231   1.05408   0.47888   0.41457   0.51712   0.21775   1.50256   0.45914   0.20272   0.04614   0.26803   0.10424   0.21169   0.20901   0.13148   1.41646   0.18208   2.05331   0.88026   1.89415  10.52673   9.84046   0.08135   1.00000  
 77  0.4882   7439.480097  x:  4.82531   0.10760   0.06409   0.44736   0.64354   0.86078   0.57692   0.89500   0.04974   0.10684   0.25427   0.81086   0.67950   0.00000   0.33277   0.78638   1.04107   1.09136   1.27228   1.05404   0.47884   0.41454   0.51706   0.21771   1.50239   0.45905   0.20301   0.04598   0.26806   0.10425   0.21167   0.20906   0.13145   1.41623   0.18207   2.05303   0.88025   1.89411  11.29993  10.61351   0.08135   1.00000  
 78  0.4884   7439.480084  x:  4.82491   0.10757   0.06408   0.44742   0.64355   0.86084   0.57696   0.89504   0.04970   0.10685   0.25427   0.81091   0.67955   0.00000   0.33279   0.78639   1.04113   1.09132   1.27235   1.05405   0.47886   0.41455   0.51709   0.21775   1.50252   0.45912   0.20283   0.04607   0.26804   0.10425   0.21167   0.20902   0.13145   1.41639   0.18207   2.05321   0.88024   1.89413  12.32234  11.63598   0.08135   1.00000  
 79  0.4887   7439.480078  x:  4.82505   0.10761   0.06409   0.44737   0.64355   0.86081   0.57693   0.89502   0.04973   0.10684   0.25427   0.81088   0.67952   0.00000   0.33280   0.78637   1.04110   1.09135   1.27228   1.05405   0.47884   0.41454   0.51707   0.21772   1.50243   0.45907   0.20294   0.04602   0.26806   0.10425   0.21167   0.20905   0.13143   1.41628   0.18207   2.05307   0.88026   1.89412  13.08687  12.40049   0.08135   1.00000  
 80  0.4892   7439.480076  x:  4.82496   0.10759   0.06408   0.44740   0.64355   0.86082   0.57695   0.89502   0.04971   0.10685   0.25427   0.81090   0.67954   0.00000   0.33278   0.78640   1.04112   1.09134   1.27234   1.05404   0.47885   0.41455   0.51708   0.21774   1.50249   0.45910   0.20288   0.04605   0.26805   0.10425   0.21167   0.20903   0.13144   1.41635   0.18207   2.05317   0.88025   1.89412  14.13282  13.44644   0.08135   1.00000  
 81  0.4891   7439.480075  x:  4.82504   0.10760   0.06408   0.44738   0.64355   0.86082   0.57694   0.89502   0.04972   0.10684   0.25427   0.81089   0.67953   0.00000   0.33280   0.78637   1.04111   1.09134   1.27229   1.05406   0.47885   0.41455   0.51707   0.21772   1.50245   0.45908   0.20292   0.04603   0.26806   0.10425   0.21167   0.20904   0.13144   1.41630   0.18207   2.05310   0.88026   1.89412  14.89645  14.21008   0.08135   1.00000  
 82  0.4957   7439.480075  x:  4.82503   0.10759   0.06408   0.44739   0.64355   0.86082   0.57694   0.89502   0.04971   0.10685   0.25427   0.81089   0.67953   0.00000   0.33278   0.78639   1.04111   1.09134   1.27233   1.05404   0.47885   0.41455   0.51708   0.21773   1.50247   0.45909   0.20290   0.04604   0.26805   0.10425   0.21167   0.20904   0.13145   1.41633   0.18207   2.05314   0.88025   1.89412  15.92694  15.24054   0.08135   1.00000  
 83  0.4878   7439.480075  x:  4.82502   0.10760   0.06408   0.44739   0.64355   0.86082   0.57694   0.89502   0.04972   0.10684   0.25427   0.81089   0.67953   0.00000   0.33280   0.78637   1.04111   1.09134   1.27230   1.05406   0.47885   0.41455   0.51707   0.21773   1.50246   0.45908   0.20291   0.04604   0.26806   0.10425   0.21167   0.20904   0.13144   1.41631   0.18207   2.05312   0.88025   1.89412  16.62877  15.94240   0.08135   1.00000  
 84  0.4726   7439.480075  x:  4.82503   0.10760   0.06408   0.44739   0.64355   0.86082   0.57694   0.89502   0.04972   0.10685   0.25427   0.81089   0.67953   0.00000   0.33279   0.78638   1.04111   1.09134   1.27232   1.05404   0.47885   0.41455   0.51707   0.21773   1.50246   0.45909   0.20291   0.04604   0.26805   0.10425   0.21167   0.20904   0.13144   1.41632   0.18207   2.05313   0.88025   1.89412  17.66728  16.98089   0.08135   1.00000  
 85  0.4843   7439.480075  x:  4.82501   0.10760   0.06408   0.44739   0.64355   0.86082   0.57694   0.89502   0.04972   0.10684   0.25427   0.81089   0.67953   0.00000   0.33279   0.78638   1.04111   1.09134   1.27231   1.05406   0.47885   0.41455   0.51707   0.21773   1.50246   0.45908   0.20291   0.04604   0.26806   0.10425   0.21167   0.20904   0.13144   1.41632   0.18207   2.05312   0.88025   1.89412  18.55856  17.87219   0.08135   1.00000  
 86  0.5787   7439.480074  x:  4.82503   0.10760   0.06408   0.44739   0.64355   0.86082   0.57694   0.89502   0.04972   0.10684   0.25427   0.81089   0.67953   0.00000   0.33279   0.78638   1.04111   1.09134   1.27231   1.05405   0.47885   0.41455   0.51707   0.21773   1.50246   0.45908   0.20291   0.04604   0.26806   0.10425   0.21167   0.20904   0.13144   1.41632   0.18207   2.05312   0.88025   1.89412  21.56729  20.88091   0.08135   1.00000  
 87  1.1156   7439.480074  x:  4.82503   0.10760   0.06408   0.44739   0.64355   0.86082   0.57694   0.89502   0.04972   0.10684   0.25427   0.81089   0.67953   0.00000   0.33279   0.78638   1.04111   1.09134   1.27231   1.05405   0.47885   0.41455   0.51707   0.21773   1.50246   0.45908   0.20291   0.04604   0.26806   0.10425   0.21167   0.20904   0.13144   1.41632   0.18207   2.05312   0.88025   1.89412  20.81511  20.12873   0.08135   1.00000  
 88  4.2549   7439.480074  x:  4.82503   0.10760   0.06408   0.44739   0.64355   0.86082   0.57694   0.89502   0.04972   0.10684   0.25427   0.81089   0.67953   0.00000   0.33279   0.78638   1.04111   1.09134   1.27231   1.05405   0.47885   0.41455   0.51707   0.21773   1.50246   0.45908   0.20291   0.04604   0.26806   0.10425   0.21167   0.20904   0.13144   1.41632   0.18207   2.05312   0.88025   1.89412  20.81493  20.12855   0.08135   1.00000  
 89 30.4301   7439.480074  x:  4.82503   0.10760   0.06408   0.44739   0.64355   0.86082   0.57694   0.89502   0.04972   0.10684   0.25427   0.81089   0.67953   0.00000   0.33279   0.78638   1.04111   1.09134   1.27231   1.05405   0.47885   0.41455   0.51707   0.21773   1.50246   0.45908   0.20291   0.04604   0.26806   0.10425   0.21167   0.20904   0.13144   1.41632   0.18207   2.05312   0.88025   1.89412  20.81493  20.12855   0.08135   1.00000  
 90  0.2296   7439.480074  x:  4.82502   0.10760   0.06408   0.44739   0.64355   0.86082   0.57694   0.89502   0.04972   0.10684   0.25427   0.81089   0.67953   0.00000   0.33279   0.78638   1.04111   1.09134   1.27231   1.05405   0.47885   0.41455   0.51707   0.21773   1.50246   0.45908   0.20291   0.04604   0.26806   0.10425   0.21167   0.20904   0.13144   1.41632   0.18207   2.05313   0.88025   1.89412  20.81493  20.12855   0.08135   1.00000  