

TREE # 1

  0  0.0000   9223.082699  x:  0.17444   0.02804   0.07307   0.00000   0.21220   0.15259   0.14764   0.15672   0.09176   0.01488   0.10164   0.09888   0.08304   0.02822   0.03654   0.11840   0.16638   0.13073   0.17006   0.12456   0.13600   0.08105   0.05011   0.02312   0.14692   0.15208   0.08109   0.04353   0.13235   0.02986   0.05286   0.04009   0.10565   0.11049   0.05181   0.16210   0.10351   2.00000   1.39835   0.16116   0.29812  
  1 99.0000   8084.028982  x:  0.33829   0.15292   0.13546   0.33102   0.26393   0.21938   0.20718   0.22938   0.13453   0.10732   0.15925   0.22789   0.21434   0.09885   0.16584   0.18739   0.24370   0.24256   0.25650   0.23620   0.18652   0.18049   0.21900   0.13389   0.27028   0.19730   0.10933   0.05640   0.15072   0.08431   0.12707   0.14565   0.14821   0.24540   0.15145   0.28419   0.25725   1.99211   1.43239   0.12855   0.00000  
  2 3570.8634   7874.810963  x:  0.63740   0.38084   0.24931   0.93515   0.35836   0.34131   0.31587   0.36203   0.21257   0.27602   0.26439   0.46338   0.45399   0.22777   0.40186   0.31334   0.38487   0.44673   0.41431   0.43999   0.27873   0.36201   0.52724   0.33606   0.49550   0.27983   0.16085   0.07986   0.18424   0.18366   0.26249   0.33830   0.22589   0.49167   0.33334   0.50706   0.53790   1.97769   1.49454   0.06903   0.00187  
  3 19497.5879   7791.124323  x:  0.73155   0.36866   0.19535   0.93321   0.36015   0.37310   0.35428   0.41882   0.15024   0.22065   0.22258   0.47611   0.45162   0.18917   0.41006   0.34735   0.44094   0.51395   0.46847   0.46144   0.25399   0.32851   0.49763   0.29762   0.56873   0.28092   0.11357   0.00000   0.15106   0.08579   0.17453   0.24403   0.22129   0.53519   0.34157   0.58663   0.58882   1.97330   1.42907   0.13108   0.00185  
  4 327.4838   7735.180933  x:  0.86892   0.33937   0.10042   0.91443   0.35535   0.41652   0.39739   0.48767   0.04268   0.12741   0.15764   0.49332   0.44554   0.12526   0.41456   0.38845   0.51153   0.59847   0.53951   0.49389   0.22553   0.28023   0.44734   0.22821   0.67636   0.27847   0.17736   0.12209   0.17913   0.01524   0.08390   0.11720   0.20006   0.59455   0.34127   0.69529   0.65261   1.96616   1.33852   0.21576   0.00182  
  5 665.7928   7715.567732  x:  0.92192   0.32102   0.06163   0.89399   0.35050   0.43190   0.41023   0.51061   0.00000   0.08933   0.13425   0.49802   0.44121   0.09870   0.41137   0.40113   0.53579   0.62681   0.56460   0.50675   0.22242   0.26294   0.42293   0.19735   0.71627   0.27366   0.17870   0.12931   0.19455   0.06684   0.09885   0.09957   0.18547   0.61563   0.33402   0.73510   0.67170   1.96309   1.30154   0.24996   0.00181  
  6 483.8861   7695.361463  x:  1.03957   0.26277   0.01320   0.81497   0.33088   0.46059   0.41969   0.54132   0.00000   0.03682   0.11435   0.50877   0.43894   0.05418   0.39241   0.41512   0.57316   0.66815   0.60826   0.54747   0.27085   0.25334   0.36772   0.14226   0.80113   0.26238   0.18370   0.14732   0.21329   0.02375   0.20077   0.19609   0.12789   0.66044   0.28985   0.81087   0.69233   1.95382   1.22557   0.31812   0.00178  
  7 284.7735   7666.497478  x:  1.24355   0.14415   0.11813   0.61932   0.29767   0.50314   0.41530   0.57200   0.00000   0.10633   0.17199   0.52853   0.45985   0.03924   0.34903   0.42285   0.61925   0.71155   0.67046   0.64345   0.40252   0.28232   0.28890   0.12121   0.93846   0.27987   0.19315   0.16757   0.24455   0.03989   0.20701   0.23858   0.00000   0.74340   0.16946   0.92508   0.69580   1.93548   1.10385   0.42373   0.00174  
  8 225.0100   7655.848372  x:  1.37859   0.11995   0.06371   0.42580   0.33591   0.53314   0.38497   0.55337   0.00000   0.06841   0.21707   0.54998   0.49471   0.04157   0.30827   0.39616   0.60958   0.68463   0.68676   0.70971   0.45490   0.39151   0.40156   0.15004   0.98075   0.31770   0.20816   0.16509   0.24185   0.04723   0.20205   0.23102   0.03456   0.85171   0.09769   0.98918   0.66575   1.92012   1.04555   0.46285   0.00171  
  9 88.4955   7653.398425  x:  1.44049   0.14511   0.06709   0.34310   0.42037   0.53930   0.38290   0.55157   0.00000   0.08280   0.22643   0.54906   0.51019   0.06701   0.31004   0.39582   0.60443   0.66558   0.68935   0.73364   0.44196   0.35640   0.38435   0.16654   0.97093   0.32403   0.21343   0.16842   0.24566   0.04386   0.22288   0.23135   0.06907   0.89781   0.11732   1.01726   0.65947   1.91295   1.03071   0.45969   0.00170  
 10 39.4079   7652.411999  x:  1.47739   0.12340   0.06351   0.32895   0.49235   0.53146   0.38704   0.55378   0.00000   0.07490   0.22647   0.55154   0.52515   0.06163   0.32135   0.40548   0.60175   0.65435   0.68377   0.73593   0.43488   0.34193   0.39593   0.17497   0.94303   0.31279   0.20999   0.17192   0.24574   0.04743   0.20575   0.24747   0.03338   0.91830   0.12102   1.02525   0.64915   1.91366   1.01536   0.45083   0.00170  
 11 22.0589   7652.060404  x:  1.49738   0.12412   0.06840   0.32503   0.49980   0.51755   0.38647   0.55536   0.02921   0.07674   0.22203   0.54841   0.52616   0.05312   0.32911   0.41321   0.60322   0.65524   0.67874   0.73117   0.43720   0.34498   0.40199   0.17778   0.92795   0.30716   0.20865   0.17333   0.24676   0.04433   0.21536   0.23679   0.02263   0.92612   0.12736   1.02730   0.64676   1.91514   0.99929   0.44519   0.00170  
 12 12.7669   7651.303031  x:  1.55634   0.14159   0.06479   0.31199   0.48472   0.47526   0.38670   0.56021   0.01347   0.08279   0.22021   0.54821   0.52482   0.03894   0.35520   0.42898   0.60981   0.65882   0.66818   0.71779   0.44136   0.35352   0.39989   0.18144   0.88961   0.30092   0.21583   0.17241   0.24860   0.04371   0.21069   0.23519   0.00627   0.94449   0.15160   1.03071   0.64437   1.92019   0.94212   0.42206   0.00170  
 13 12.5053   7649.731863  x:  1.63639   0.13612   0.05137   0.31805   0.45749   0.47186   0.41263   0.57615   0.02933   0.06462   0.22946   0.55436   0.51150   0.05655   0.37014   0.42938   0.61708   0.66836   0.66363   0.71660   0.44079   0.34692   0.37676   0.18650   0.87981   0.33465   0.22568   0.17107   0.24461   0.04414   0.19866   0.23312   0.00000   0.95862   0.14836   1.03402   0.63506   1.92270   0.87027   0.32723   0.00169  
 14 12.9090   7645.949080  x:  1.84628   0.11875   0.07712   0.38441   0.45107   0.53046   0.41691   0.56680   0.01313   0.05915   0.24186   0.55939   0.49923   0.03081   0.34589   0.40229   0.61647   0.69035   0.65618   0.71548   0.40843   0.32919   0.36929   0.12916   0.91874   0.33234   0.19529   0.19388   0.25761   0.02976   0.19776   0.19324   0.02944   0.97879   0.12275   1.06017   0.63429   1.92393   0.58295   0.06557   0.00167  
 15 35.8318   7643.943421  x:  1.91092   0.11118   0.06394   0.38456   0.44470   0.55595   0.39890   0.56302   0.04031   0.09559   0.20989   0.54771   0.49706   0.02979   0.33584   0.41176   0.63304   0.71469   0.68287   0.71913   0.38320   0.32580   0.38328   0.11860   0.97343   0.31701   0.19878   0.20416   0.24594   0.03665   0.15937   0.22034   0.04945   0.96249   0.13430   1.09073   0.66152   1.92815   0.42105  -0.06823   0.00166  
 16 47.1698   7642.088438  x:  1.92557   0.09195   0.05763   0.36801   0.46093   0.56826   0.38981   0.57831   0.02392   0.11194   0.17133   0.55063   0.51418   0.03742   0.33901   0.43557   0.65837   0.73465   0.73403   0.72656   0.36102   0.32799   0.40531   0.16116   1.03195   0.31999   0.21529   0.20372   0.24672   0.02846   0.17781   0.19641   0.02887   0.93336   0.14032   1.12673   0.69284   1.93485   0.26992  -0.18606   0.00165  
 17 46.2221   7640.356884  x:  1.87516   0.14655   0.07080   0.35456   0.49492   0.56215   0.41393   0.63173   0.03480   0.07845   0.17829   0.58436   0.54846   0.02139   0.33830   0.45719   0.68425   0.74554   0.79920   0.73375   0.39460   0.33364   0.40599   0.18369   1.08114   0.31149   0.21608   0.20759   0.27793   0.02727   0.16284   0.19851   0.02836   0.92428   0.12524   1.17149   0.72009   1.94264   0.11043  -0.26574   0.00164  
 18 27.5239   7639.508707  x:  1.83346   0.15578   0.05180   0.36032   0.51522   0.55577   0.42819   0.65537   0.03883   0.08737   0.20768   0.60432   0.55845   0.03661   0.34437   0.46817   0.70052   0.75025   0.82366   0.75033   0.41330   0.33999   0.40529   0.16378   1.09095   0.31023   0.21645   0.21777   0.25871   0.02862   0.16918   0.18751   0.02345   0.93986   0.12284   1.19588   0.73714   1.94734   0.02964  -0.28236   0.00164  
 19 27.8575   7638.536235  x:  1.77372   0.14288   0.07805   0.37892   0.53479   0.55137   0.44053   0.66844   0.03766   0.07605   0.20990   0.60724   0.54399   0.03543   0.34806   0.47917   0.72670   0.76437   0.83161   0.77882   0.41370   0.35289   0.41287   0.14721   1.08746   0.35975   0.22747   0.22322   0.24527   0.03261   0.17213   0.19641   0.02959   1.00391   0.13969   1.23323   0.76742   1.94641  -0.05635  -0.27462   0.00164  
 20 18.6955   7637.978277  x:  1.74380   0.13242   0.07046   0.38766   0.53542   0.55627   0.44922   0.67147   0.03731   0.09127   0.21499   0.61047   0.54407   0.03238   0.35592   0.48704   0.74420   0.77909   0.82904   0.79695   0.41165   0.35866   0.42012   0.13463   1.08359   0.37644   0.22639   0.21480   0.28654   0.02741   0.17120   0.19772   0.02597   1.05009   0.15001   1.25657   0.78127   1.94313  -0.07604  -0.27456   0.00163  
 21 16.9843   7636.694771  x:  1.73116   0.15424   0.06890   0.40811   0.50967   0.58576   0.46020   0.66478   0.02949   0.10121   0.20833   0.62591   0.57803   0.00516   0.38287   0.49473   0.76505   0.81186   0.81491   0.81757   0.40252   0.35074   0.42870   0.15160   1.09096   0.35834   0.22724   0.21659   0.26903   0.03178   0.17554   0.19811   0.00000   1.13296   0.14572   1.29806   0.78200   1.93433  -0.05111  -0.25704   0.00162  
 22  8.8226   7636.694771  x:  1.73116   0.15424   0.06890   0.40811   0.50967   0.58576   0.46020   0.66478   0.02949   0.10121   0.20833   0.62591   0.57803   0.00516   0.38287   0.49473   0.76505   0.81186   0.81491   0.81757   0.40252   0.35074   0.42870   0.15160   1.09096   0.35834   0.22724   0.21659   0.26903   0.03178   0.17554   0.19811   0.00000   1.13296   0.14572   1.29806   0.78200   1.93433  -0.05111  -0.25704   0.00162  
 23 14.2780   7496.177079  x:  1.73119   0.15424   0.06890   0.40811   0.50967   0.58577   0.46022   0.66479   0.02949   0.10121   0.20833   0.62592   0.57803   0.00518   0.38288   0.49474   0.76506   0.81187   0.81493   0.81758   0.40252   0.35074   0.42870   0.15161   1.09098   0.35834   0.22713   0.21639   0.26900   0.03196   0.17556   0.19810   0.00001   1.13296   0.14573   1.29808   0.78201   1.93433  -0.05112  -0.25702   0.06111  
 24 22249.6832   7460.115707  x:  1.77360   0.20459   0.11830   0.44376   0.54985   0.62569   0.50765   0.71391   0.09263   0.15737   0.25201   0.66862   0.61038   0.08360   0.42333   0.53219   0.80359   0.85336   0.86086   0.85793   0.44044   0.38899   0.46653   0.20281   1.13556   0.40201   0.17699   0.08839   0.29090   0.23664   0.23375   0.23259   0.22397   1.16177   0.19268   1.33480   0.82093   1.91084   0.12597  -0.42329   0.06458  
 25 219.1227   7448.606137  x:  1.80408   0.19784   0.10344   0.45486   0.56726   0.65391   0.53499   0.74547   0.07821   0.14100   0.25423   0.69379   0.62274   0.08251   0.43639   0.55490   0.83044   0.88361   0.89234   0.87618   0.44978   0.40187   0.48036   0.20471   1.16690   0.41115   0.16071   0.00880   0.26236   0.17032   0.20920   0.20710   0.23336   1.17573   0.20416   1.36378   0.83988   1.89540   0.20234  -0.49170   0.06519  
 26 111.3874   7439.045986  x:  1.85798   0.18567   0.07925   0.47126   0.59445   0.70016   0.57697   0.79594   0.05493   0.11252   0.25590   0.73348   0.64153   0.07798   0.45621   0.59275   0.87496   0.93367   0.94517   0.90644   0.46366   0.41891   0.49979   0.20631   1.22061   0.42578   0.18060   0.05768   0.23516   0.08325   0.18121   0.17808   0.25139   1.19899   0.22116   1.41409   0.87058   1.87058   0.33143  -0.60679   0.06646  
 27 203.7137   7435.766699  x:  1.90578   0.15775   0.05284   0.46531   0.59972   0.72633   0.58490   0.81746   0.02457   0.07030   0.23825   0.74789   0.64069   0.03951   0.45279   0.61641   0.90121   0.96503   0.98125   0.92138   0.45741   0.40404   0.49023   0.18758   1.25995   0.41530   0.18839   0.05464   0.25010   0.11013   0.20231   0.21239   0.21156   1.21182   0.21277   1.45741   0.88223   1.85870   0.37658  -0.64064   0.06662  
 28 55.7478   7433.493771  x:  1.98039   0.12996   0.07810   0.45118   0.60090   0.75387   0.57623   0.83288   0.08886   0.06810   0.22627   0.75664   0.63637   0.00000   0.44010   0.64596   0.93038   1.00045   1.02778   0.94548   0.45045   0.37641   0.46767   0.17863   1.31343   0.40363   0.18064   0.05683   0.26237   0.12677   0.20570   0.21027   0.15787   1.23003   0.18992   1.52027   0.88964   1.84758   0.40451  -0.65123   0.06668  
 29 51.0699   7430.852268  x:  2.13066   0.12863   0.09522   0.40990   0.59260   0.79003   0.53421   0.84013   0.04915   0.15163   0.22486   0.76100   0.61997   0.00000   0.40938   0.69181   0.97041   1.04486   1.11239   0.99304   0.43382   0.35157   0.44617   0.16891   1.40003   0.38842   0.16100   0.06496   0.25578   0.14606   0.19834   0.18590   0.14105   1.26938   0.15887   1.64282   0.89334   1.84190   0.40045  -0.61157   0.06664  
 30 37.4787   7428.747066  x:  2.28885   0.14041   0.10438   0.38812   0.59470   0.82225   0.49137   0.84208   0.05291   0.16512   0.21628   0.75817   0.60228   0.00000   0.36046   0.72792   0.99640   1.07089   1.18970   1.02713   0.42968   0.37758   0.46779   0.19245   1.47683   0.39800   0.19206   0.05780   0.26065   0.11080   0.22117   0.23856   0.16160   1.31519   0.14683   1.76958   0.88847   1.85375   0.37099  -0.54135   0.06676  
 31 42.3956   7426.958480  x:  2.43632   0.13576   0.07804   0.39792   0.61490   0.85328   0.47788   0.85429   0.05925   0.12034   0.21840   0.76257   0.60487   0.00000   0.30713   0.75507   1.01211   1.08069   1.25567   1.04567   0.44008   0.41628   0.50485   0.20917   1.53462   0.41214   0.19683   0.05926   0.28205   0.12819   0.20140   0.21034   0.17688   1.35947   0.16046   1.88761   0.88157   1.87621   0.32763  -0.45443   0.06667  
 32 46.0586   7426.075034  x:  2.52332   0.12557   0.07543   0.43184   0.64130   0.86789   0.50534   0.87501   0.05670   0.11408   0.25420   0.77595   0.64151   0.00000   0.28328   0.76908   1.01618   1.07091   1.28822   1.04947   0.46076   0.42009   0.51044   0.20916   1.55043   0.42311   0.17581   0.06782   0.26815   0.12647   0.23336   0.21476   0.16097   1.38600   0.18194   1.95516   0.87419   1.89578   0.30340  -0.39486   0.06660  
 33 26.0580   7425.640045  x:  2.57131   0.12801   0.08855   0.45401   0.65437   0.87074   0.53360   0.89014   0.04877   0.12113   0.27035   0.78555   0.66895   0.00000   0.28147   0.77926   1.01887   1.05965   1.30222   1.05082   0.47458   0.41479   0.50524   0.20678   1.54863   0.43209   0.20042   0.06226   0.27948   0.13046   0.21790   0.22620   0.14280   1.40251   0.19589   1.99147   0.86985   1.90610   0.29645  -0.36082   0.06660  
 34 21.7756   7425.399681  x:  2.60637   0.15014   0.08775   0.45591   0.64559   0.85811   0.56122   0.89748   0.04960   0.12043   0.24383   0.79115   0.67914   0.00000   0.30758   0.79554   1.02741   1.04681   1.30270   1.05518   0.47976   0.41359   0.50209   0.19597   1.52801   0.43756   0.19642   0.06252   0.29549   0.12530   0.22672   0.22338   0.13239   1.42051   0.20453   2.01755   0.87102   1.90634   0.30560  -0.33089   0.06661  
 35  7.3109   7425.278086  x:  2.62607   0.15137   0.08021   0.45577   0.63830   0.84700   0.57047   0.89520   0.05392   0.12076   0.23345   0.79522   0.68182   0.00000   0.32595   0.80423   1.03424   1.03915   1.29812   1.05817   0.48027   0.41774   0.50660   0.19482   1.51270   0.44173   0.19801   0.06340   0.27829   0.13215   0.22170   0.22867   0.12245   1.43179   0.20343   2.03238   0.87176   1.90524   0.31869  -0.31263   0.06659  
 36  8.4226   7425.137206  x:  2.65207   0.13564   0.07717   0.45979   0.63213   0.83011   0.56708   0.88062   0.05041   0.11815   0.24323   0.80048   0.68100   0.00000   0.34542   0.80836   1.04406   1.02994   1.28213   1.05992   0.47306   0.41775   0.51372   0.20659   1.49076   0.44639   0.20153   0.06140   0.28441   0.13101   0.22757   0.22285   0.11164   1.44721   0.19212   2.05127   0.87307   1.90241   0.35399  -0.28848   0.06662  
 37  5.6797   7425.030631  x:  2.67394   0.13254   0.07809   0.46652   0.63274   0.82273   0.56365   0.87117   0.04875   0.10743   0.25092   0.79993   0.67642   0.00000   0.35100   0.80486   1.05013   1.02618   1.26462   1.05720   0.46517   0.40660   0.50938   0.20538   1.47722   0.43855   0.19237   0.06290   0.28540   0.12661   0.21772   0.22953   0.11690   1.45823   0.18695   2.06570   0.87626   1.89927   0.38818  -0.26432   0.06666  
 38  7.0348   7424.909321  x:  2.69926   0.13503   0.07622   0.47242   0.63579   0.82334   0.56345   0.86785   0.04985   0.10399   0.25209   0.79269   0.66763   0.00000   0.34516   0.79238   1.05267   1.02585   1.24075   1.04931   0.46355   0.40163   0.50239   0.19669   1.46947   0.42535   0.20451   0.05917   0.27689   0.12556   0.22359   0.22053   0.12006   1.46538   0.18704   2.07982   0.87879   1.89789   0.43612  -0.23245   0.06672  
 39  6.9591   7424.737784  x:  2.73219   0.13311   0.07776   0.46896   0.63488   0.83269   0.56774   0.87283   0.04737   0.11371   0.24588   0.78107   0.65984   0.00000   0.33288   0.76891   1.04993   1.02957   1.21136   1.03512   0.47413   0.41721   0.50407   0.19726   1.46988   0.42384   0.19601   0.05968   0.27982   0.12382   0.21854   0.22291   0.10957   1.46415   0.19162   2.09381   0.87606   1.89996   0.51139  -0.18409   0.06681  
 40  8.2232   7424.561560  x:  2.75938   0.13432   0.07770   0.44921   0.62649   0.84621   0.57026   0.88372   0.04553   0.10617   0.24369   0.78334   0.67205   0.00000   0.33781   0.74958   1.04081   1.04058   1.20572   1.02823   0.47041   0.40841   0.49430   0.21251   1.48299   0.44617   0.19600   0.05851   0.27305   0.12188   0.21734   0.21828   0.11386   1.44807   0.19792   2.09813   0.86582   1.90312   0.58089  -0.12234   0.06692  
 41  6.6182   7424.423819  x:  2.77520   0.13153   0.06430   0.44111   0.62792   0.85607   0.56711   0.88968   0.05329   0.11083   0.25080   0.79280   0.68390   0.00000   0.35346   0.74339   1.03299   1.05264   1.21601   1.03227   0.46886   0.40923   0.50008   0.20065   1.49430   0.44619   0.19827   0.05670   0.27781   0.11681   0.21522   0.21935   0.12107   1.42987   0.19910   2.09531   0.85550   1.90444   0.62763  -0.07306   0.06703  
 42  8.3586   7424.296181  x:  2.78641   0.12896   0.08150   0.44535   0.63902   0.86425   0.56216   0.89330   0.04922   0.10503   0.24852   0.80131   0.68737   0.00000   0.37172   0.74540   1.02736   1.06636   1.23363   1.04206   0.46878   0.41684   0.51292   0.19036   1.50518   0.44297   0.19924   0.05615   0.27446   0.11537   0.21590   0.21653   0.12444   1.41276   0.19802   2.08880   0.84843   1.90215   0.66563  -0.02692   0.06712  
 43  9.7765   7424.180892  x:  2.78727   0.12735   0.07391   0.46586   0.65917   0.86635   0.56236   0.89563   0.04954   0.11160   0.24044   0.80247   0.67372   0.00000   0.37638   0.76198   1.02992   1.08032   1.25538   1.05900   0.47585   0.41263   0.51035   0.20640   1.51588   0.44464   0.19948   0.05562   0.27501   0.11283   0.21542   0.21675   0.12298   1.40902   0.20417   2.07831   0.86008   1.89711   0.68460   0.00577   0.06723  
 44  3.6690   7423.969112  x:  2.77383   0.14643   0.07389   0.46557   0.64896   0.85704   0.58255   0.90988   0.04958   0.10714   0.26172   0.80780   0.67971   0.00000   0.33789   0.80600   1.05140   1.09942   1.29953   1.08176   0.47576   0.42608   0.51699   0.21823   1.53727   0.43422   0.20104   0.05448   0.27418   0.11014   0.21420   0.21544   0.11337   1.44526   0.19307   2.05615   0.90867   1.89182   0.69211   0.02954   0.06747  
 45  2.7638   7423.835527  x:  2.76344   0.12331   0.07740   0.46363   0.64710   0.86043   0.58448   0.91270   0.04805   0.11100   0.24623   0.81588   0.68927   0.00000   0.30722   0.83068   1.06773   1.10006   1.32317   1.08084   0.48295   0.42148   0.51785   0.20113   1.54639   0.44840   0.20290   0.05262   0.27361   0.10439   0.21318   0.21457   0.12202   1.47383   0.18561   2.05001   0.92480   1.89911   0.68238   0.02069   0.06765  
 46  3.3084   7423.688994  x:  2.75785   0.14334   0.07332   0.46341   0.66122   0.88222   0.56494   0.90539   0.04790   0.11129   0.24260   0.82428   0.69201   0.00000   0.28897   0.84869   1.08362   1.08384   1.35160   1.06238   0.47315   0.41761   0.52068   0.19210   1.55298   0.46153   0.20126   0.05117   0.27128   0.10255   0.21156   0.21299   0.10137   1.49321   0.19126   2.06489   0.90617   1.89991   0.65815  -0.03039   0.06788  
 47  2.6232   7423.569109  x:  2.75987   0.13275   0.07402   0.45001   0.65840   0.90114   0.57327   0.91625   0.04629   0.10752   0.24610   0.81801   0.67953   0.00000   0.29070   0.85670   1.09195   1.06944   1.37069   1.05457   0.47245   0.41987   0.51282   0.20142   1.55375   0.44087   0.20222   0.04969   0.26920   0.09839   0.21007   0.21164   0.09886   1.49108   0.20046   2.09241   0.88144   1.89131   0.61910  -0.08275   0.06808  
 48  3.6269   7423.479020  x:  2.77946   0.13698   0.07274   0.45716   0.65662   0.89220   0.57885   0.92365   0.04631   0.10679   0.24381   0.81141   0.68639   0.00000   0.29091   0.84383   1.08951   1.08066   1.35919   1.07622   0.47434   0.41268   0.52378   0.20312   1.54838   0.44306   0.20191   0.04856   0.26735   0.09584   0.20834   0.20942   0.10086   1.46343   0.18916   2.14091   0.88527   1.90123   0.57278  -0.14109   0.06827  
 49  2.0268   7423.446668  x:  2.78984   0.13534   0.07462   0.45815   0.65502   0.88681   0.57522   0.92017   0.04697   0.10652   0.24696   0.81728   0.68799   0.00000   0.29711   0.83880   1.08735   1.09181   1.35231   1.07727   0.47429   0.42237   0.51483   0.19878   1.54760   0.44838   0.20217   0.04817   0.26716   0.09501   0.20788   0.20897   0.10206   1.45682   0.19951   2.15988   0.89652   1.89783   0.55180  -0.16103   0.06836  
 50  2.5613   7423.430056  x:  2.79716   0.13703   0.07411   0.45790   0.65933   0.88959   0.58036   0.92019   0.04722   0.10763   0.24868   0.82484   0.68480   0.00000   0.30614   0.83552   1.08335   1.10455   1.34532   1.06778   0.47805   0.42339   0.51519   0.19964   1.55155   0.45114   0.20235   0.04819   0.26728   0.09523   0.20807   0.20863   0.10411   1.46507   0.19073   2.16460   0.89791   1.89346   0.53839  -0.16708   0.06841  
 51  0.9045   7423.412649  x:  2.80541   0.13517   0.07512   0.45496   0.66263   0.89431   0.58266   0.92013   0.04750   0.11019   0.24793   0.82452   0.68599   0.00000   0.31672   0.83058   1.07755   1.11624   1.33803   1.06616   0.47380   0.41834   0.52462   0.20179   1.55852   0.44846   0.20272   0.04815   0.26754   0.09580   0.20852   0.20884   0.10266   1.47977   0.19739   2.16405   0.90201   1.89654   0.52745  -0.17225   0.06849  
 52  1.0389   7423.383036  x:  2.81865   0.13576   0.07399   0.45532   0.66496   0.90068   0.57764   0.92113   0.04658   0.10787   0.24772   0.81884   0.69268   0.00000   0.32926   0.82167   1.07072   1.12435   1.33169   1.08271   0.47905   0.42352   0.51632   0.20222   1.57001   0.44694   0.20237   0.04809   0.26775   0.09712   0.20863   0.20888   0.09988   1.50086   0.19475   2.15707   0.89865   1.90408   0.51712  -0.17908   0.06865  
 53  0.9623   7423.316517  x:  2.84714   0.13371   0.07290   0.46371   0.66004   0.90281   0.57520   0.93879   0.04708   0.11119   0.24724   0.82271   0.68947   0.00000   0.32220   0.81368   1.07569   1.11978   1.33345   1.10052   0.46908   0.42439   0.51935   0.19581   1.58329   0.45739   0.20254   0.04780   0.26903   0.10054   0.20960   0.20998   0.09743   1.50486   0.19431   2.14846   0.89577   1.87986   0.50353  -0.17999   0.06906  
 54  0.6606   7423.141376  x:  2.91838   0.13712   0.07504   0.46704   0.64509   0.89607   0.55939   0.95335   0.04668   0.11506   0.24665   0.84311   0.68263   0.00000   0.30711   0.83079   1.11172   1.10688   1.36853   1.08998   0.48976   0.41652   0.52395   0.20111   1.60180   0.44838   0.20275   0.04697   0.26871   0.10840   0.21111   0.20933   0.09675   1.47990   0.19624   2.14394   0.90648   1.89902   0.48791  -0.18106   0.07018  
 55  1.6759   7423.048974  x:  2.94680   0.13329   0.07446   0.46099   0.66119   0.89976   0.57350   0.93987   0.04839   0.12174   0.24304   0.82410   0.69374   0.00000   0.29460   0.85305   1.11712   1.10339   1.39703   1.08087   0.47153   0.42803   0.51695   0.20359   1.59743   0.44937   0.20177   0.04667   0.26901   0.11198   0.21127   0.20851   0.10292   1.46787   0.18712   2.15655   0.91082   1.90642   0.48679  -0.17891   0.07080  
 56  2.3093   7422.999131  x:  2.95072   0.13383   0.07585   0.44591   0.66717   0.90242   0.57992   0.91979   0.04885   0.12111   0.24648   0.81812   0.69545   0.00000   0.28005   0.86919   1.10076   1.10358   1.41399   1.08895   0.48682   0.42195   0.52116   0.20168   1.58669   0.45244   0.20184   0.04633   0.26865   0.11364   0.21137   0.20784   0.10502   1.47013   0.19139   2.17658   0.90612   1.89522   0.49255  -0.17566   0.07116  
 57  1.8148   7422.971257  x:  2.94013   0.13356   0.07737   0.44410   0.66677   0.90261   0.58305   0.92138   0.04943   0.12286   0.24644   0.83181   0.68647   0.00000   0.26914   0.88014   1.08291   1.10942   1.41848   1.09707   0.48087   0.42365   0.51862   0.20186   1.57910   0.45211   0.20119   0.04639   0.26876   0.11436   0.21144   0.20804   0.10560   1.47561   0.19389   2.19629   0.89699   1.90440   0.49998  -0.17076   0.07138  
 58  1.2759   7422.937255  x:  2.91134   0.13351   0.07738   0.45651   0.65587   0.90262   0.56909   0.93646   0.04897   0.12428   0.24481   0.82409   0.69507   0.00000   0.26935   0.89396   1.07240   1.12427   1.41864   1.09088   0.48105   0.42385   0.51842   0.20381   1.57956   0.44974   0.20120   0.04632   0.26954   0.11458   0.21200   0.20852   0.10624   1.48226   0.19420   2.22914   0.89092   1.90100   0.50984  -0.15718   0.07167  
 59  0.9763   7422.892288  x:  2.87095   0.13548   0.07882   0.45041   0.66337   0.90502   0.57393   0.93697   0.04898   0.12162   0.25215   0.81930   0.68558   0.00000   0.28207   0.88135   1.08696   1.12276   1.41375   1.09535   0.48282   0.42277   0.51954   0.19537   1.60020   0.45853   0.20180   0.04604   0.27179   0.11422   0.21341   0.21070   0.10306   1.48163   0.19161   2.26093   0.90315   1.90585   0.52116  -0.13514   0.07209  
 60  0.7067   7422.859259  x:  2.85231   0.13605   0.07871   0.44823   0.67059   0.90678   0.57591   0.92930   0.04889   0.12279   0.24355   0.83219   0.69671   0.00000   0.28319   0.86575   1.09793   1.11777   1.40853   1.09969   0.48219   0.42423   0.51925   0.20280   1.61051   0.44811   0.20208   0.04598   0.27321   0.11352   0.21431   0.21199   0.10358   1.48230   0.18940   2.27327   0.90840   1.89997   0.52890  -0.12211   0.07241  
 61  1.3626   7422.713692  x:  2.87368   0.13365   0.08028   0.46558   0.65292   0.90813   0.57726   0.92324   0.05259   0.12269   0.24752   0.82753   0.68701   0.00000   0.29306   0.82814   1.12277   1.10991   1.41312   1.09842   0.47751   0.42235   0.52141   0.20517   1.58548   0.45110   0.20049   0.04491   0.27595   0.10775   0.21509   0.21345   0.11922   1.50425   0.19279   2.23061   0.89358   1.90086   0.56565  -0.10303   0.07394  
 62  0.4411   7422.590836  x:  2.90941   0.13298   0.07755   0.44516   0.67355   0.89250   0.56422   0.93531   0.05013   0.11336   0.24941   0.82351   0.68580   0.00000   0.29198   0.84701   1.08433   1.11871   1.37924   1.08846   0.47662   0.41817   0.51803   0.20404   1.57288   0.44904   0.20021   0.04367   0.27805   0.10287   0.21575   0.21665   0.11457   1.47789   0.18484   2.16285   0.91026   1.89414   0.59399  -0.09889   0.07519  
 63  1.2820   7422.576868  x:  2.90979   0.13367   0.07692   0.45342   0.66091   0.90114   0.57091   0.92126   0.04919   0.11217   0.24922   0.82365   0.68496   0.00000   0.29135   0.85057   1.07854   1.12492   1.37270   1.08772   0.47533   0.41736   0.51775   0.20294   1.57516   0.44930   0.20036   0.04357   0.27816   0.10254   0.21582   0.21711   0.11228   1.46875   0.18402   2.15340   0.91141   1.89435   0.59516  -0.09982   0.07532  
 64  0.6912   7422.513818  x:  2.86342   0.13242   0.07517   0.45765   0.65746   0.85922   0.58130   0.90786   0.04773   0.11014   0.24616   0.81639   0.68298   0.00000   0.29586   0.82261   1.06710   1.13035   1.36530   1.07252   0.47455   0.41732   0.51548   0.20054   1.57017   0.44776   0.20112   0.04467   0.27352   0.10362   0.21375   0.21524   0.10730   1.46089   0.18906   2.13008   0.89388   1.89331   0.58599  -0.12578   0.07587  
 65  0.1600   7422.436553  x:  2.80274   0.13165   0.07464   0.45418   0.65564   0.87844   0.57311   0.91411   0.04786   0.10926   0.24784   0.81612   0.68256   0.00000   0.31175   0.81161   1.05863   1.10104   1.33094   1.06894   0.47528   0.41987   0.51603   0.20220   1.53511   0.44870   0.20256   0.04659   0.26818   0.10561   0.21151   0.21270   0.10643   1.45127   0.18614   2.10740   0.90567   1.89388   0.56493  -0.15126   0.07656  
 66  1.2288   7422.434356  x:  2.80111   0.13178   0.07491   0.45322   0.65670   0.87758   0.57378   0.91353   0.04788   0.10924   0.24871   0.81601   0.68325   0.00000   0.31136   0.81698   1.06278   1.10053   1.32448   1.07034   0.47535   0.42020   0.51619   0.20199   1.53730   0.44912   0.20260   0.04665   0.26814   0.10555   0.21141   0.21248   0.10728   1.45067   0.18797   2.10623   0.90080   1.89401   0.56360  -0.15159   0.07658  
 67  0.3052   7422.432035  x:  2.80076   0.13193   0.07506   0.45481   0.65513   0.87557   0.57403   0.91266   0.04801   0.11037   0.24836   0.81576   0.68288   0.00000   0.31227   0.81933   1.05833   1.09333   1.32490   1.06956   0.47502   0.42006   0.51614   0.20176   1.54332   0.44871   0.20220   0.04671   0.26835   0.10510   0.21116   0.21185   0.10764   1.45124   0.18746   2.10499   0.90095   1.89394   0.56278  -0.15343   0.07663  
 68  0.0571   7422.423799  x:  2.79683   0.13410   0.07558   0.45224   0.65521   0.87779   0.57250   0.91293   0.04816   0.11407   0.24785   0.81543   0.68338   0.00000   0.30927   0.81712   1.06007   1.09699   1.33228   1.07154   0.47547   0.41956   0.51551   0.20170   1.53825   0.44825   0.20127   0.04703   0.27017   0.10389   0.21096   0.21056   0.10447   1.44932   0.18773   2.09578   0.89891   1.89369   0.55600  -0.15617   0.07679  
 69  0.1013   7422.423405  x:  2.79812   0.13404   0.07566   0.45186   0.65528   0.87734   0.57171   0.91248   0.04861   0.11382   0.24787   0.81521   0.68275   0.00000   0.30960   0.81659   1.06000   1.09763   1.33101   1.07150   0.47510   0.41938   0.51554   0.20169   1.53874   0.44811   0.20123   0.04707   0.26954   0.10366   0.21055   0.21046   0.10406   1.44885   0.18716   2.09691   0.89978   1.89354   0.55815  -0.15399   0.07680  
 70  0.0040   7422.423399  x:  2.79830   0.13402   0.07569   0.45185   0.65520   0.87726   0.57164   0.91237   0.04860   0.11379   0.24786   0.81512   0.68265   0.00000   0.30950   0.81661   1.05995   1.09752   1.33087   1.07142   0.47503   0.41936   0.51551   0.20171   1.53850   0.44806   0.20126   0.04710   0.26957   0.10364   0.21057   0.21041   0.10410   1.44891   0.18713   2.09697   0.89968   1.89356   0.55824  -0.15399   0.07679  
 71  0.0004   7422.423399  x:  2.79837   0.13402   0.07569   0.45185   0.65520   0.87727   0.57164   0.91237   0.04859   0.11380   0.24786   0.81513   0.68265   0.00000   0.30950   0.81661   1.05998   1.09752   1.33090   1.07143   0.47504   0.41936   0.51551   0.20171   1.53853   0.44806   0.20126   0.04713   0.26957   0.10364   0.21056   0.21043   0.10409   1.44893   0.18714   2.09703   0.89967   1.89356   0.55823  -0.15401   0.07679  
 72  0.0001   7422.423399  x:  2.79836   0.13402   0.07568   0.45185   0.65520   0.87728   0.57165   0.91238   0.04859   0.11380   0.24786   0.81513   0.68266   0.00000   0.30951   0.81661   1.05998   1.09753   1.33091   1.07143   0.47504   0.41937   0.51552   0.20171   1.53854   0.44807   0.20126   0.04713   0.26957   0.10364   0.21057   0.21042   0.10409   1.44893   0.18714   2.09702   0.89968   1.89356   0.55823  -0.15399   0.07679  
 73  0.0000   7422.423399  x:  2.79836   0.13402   0.07568   0.45185   0.65520   0.87728   0.57165   0.91238   0.04859   0.11380   0.24786   0.81513   0.68266   0.00000   0.30950   0.81661   1.05998   1.09753   1.33091   1.07143   0.47504   0.41937   0.51552   0.20171   1.53854   0.44807   0.20126   0.04713   0.26957   0.10364   0.21056   0.21042   0.10409   1.44893   0.18714   2.09702   0.89968   1.89356   0.55823  -0.15399   0.07679  
 74  0.0000   7422.423399  x:  2.79836   0.13402   0.07568   0.45185   0.65520   0.87728   0.57165   0.91238   0.04859   0.11380   0.24786   0.81513   0.68266   0.00000   0.30950   0.81661   1.05998   1.09753   1.33091   1.07143   0.47504   0.41937   0.51552   0.20171   1.53854   0.44807   0.20126   0.04713   0.26957   0.10364   0.21056   0.21042   0.10409   1.44893   0.18714   2.09702   0.89968   1.89356   0.55823  -0.15399   0.07679  
 75  0.0000   7422.423399  x:  2.79836   0.13402   0.07568   0.45185   0.65520   0.87728   0.57165   0.91238   0.04859   0.11380   0.24786   0.81513   0.68266   0.00000   0.30950   0.81661   1.05998   1.09753   1.33091   1.07143   0.47504   0.41937   0.51552   0.20171   1.53854   0.44807   0.20126   0.04713   0.26957   0.10364   0.21056   0.21042   0.10409   1.44893   0.18714   2.09702   0.89968   1.89356   0.55823  -0.15399   0.07679  