

TREE # 1

  0  0.0000   9217.489055  x:  0.17444   0.02804   0.07307   0.00000   0.21220   0.15259   0.14764   0.15672   0.09176   0.01488   0.10164   0.09888   0.08304   0.02822   0.03654   0.11840   0.16638   0.13073   0.17006   0.12456   0.13600   0.08105   0.05011   0.02312   0.14692   0.15208   0.08109   0.04353   0.13235   0.02986   0.05286   0.04009   0.10565   0.11049   0.05181   0.16210   0.10351   2.00000   1.39835   0.16116   0.29812   1.40136  
  1 99.0000   8111.401312  x:  0.33907   0.14150   0.13447   0.32991   0.26351   0.21886   0.20662   0.22880   0.13386   0.10693   0.15868   0.22698   0.21369   0.09824   0.16498   0.18677   0.24308   0.24185   0.25588   0.23550   0.18593   0.17985   0.21803   0.13389   0.26980   0.19678   0.10889   0.05586   0.15032   0.08379   0.12652   0.14486   0.14726   0.24495   0.15028   0.28351   0.25612   1.99211   1.43164   0.12818   0.00000   1.40115  
  2 3558.7382   7960.301420  x:  0.52238   0.26783   0.20280   0.69717   0.32063   0.29265   0.27229   0.30906   0.18071   0.20940   0.22217   0.36961   0.35915   0.17618   0.30797   0.26290   0.32850   0.36558   0.35143   0.35903   0.24152   0.28986   0.40498   0.25720   0.40663   0.24654   0.13983   0.06956   0.17032   0.14382   0.20851   0.26148   0.19359   0.39467   0.25991   0.41870   0.42603   1.98333   1.46870   0.09147   0.00098   1.40091  
  3 19168.7989   7871.877290  x:  0.62870   0.25241   0.14726   0.68361   0.31581   0.31567   0.30493   0.36003   0.11921   0.15530   0.18513   0.38743   0.36325   0.13777   0.31435   0.28968   0.37956   0.42986   0.40025   0.38536   0.22011   0.26491   0.38183   0.22132   0.47683   0.24428   0.10132   0.00000   0.13886   0.06363   0.13983   0.18564   0.17547   0.43708   0.26152   0.49449   0.47339   1.98067   1.42337   0.13786   0.00096   1.40014  
  4 394.5830   7817.171613  x:  0.77597   0.21946   0.05690   0.64733   0.30422   0.34653   0.34113   0.42107   0.02146   0.07115   0.13177   0.40990   0.36647   0.07945   0.31596   0.31890   0.44173   0.50771   0.46290   0.42293   0.19886   0.23100   0.34391   0.16125   0.57494   0.24041   0.14258   0.12118   0.14593   0.02238   0.07571   0.09177   0.13665   0.49489   0.25066   0.59375   0.52890   1.97685   1.36225   0.20066   0.00095   1.39887  
  5 813.1668   7801.827661  x:  0.81859   0.20325   0.03453   0.62301   0.29884   0.35413   0.34761   0.43496   0.00000   0.05121   0.12047   0.41396   0.36603   0.06377   0.31170   0.32376   0.45635   0.52555   0.47859   0.43487   0.20198   0.22327   0.32884   0.14302   0.60169   0.23694   0.13972   0.12236   0.15565   0.06011   0.09653   0.09573   0.11910   0.51113   0.23925   0.62006   0.53864   1.97564   1.34289   0.22068   0.00094   1.39836  
  6 425.6104   7771.312105  x:  1.00256   0.11044   0.05591   0.46316   0.27343   0.38205   0.35056   0.46960   0.05724   0.06732   0.12893   0.42543   0.37516   0.03925   0.27832   0.32557   0.49708   0.57273   0.53161   0.50610   0.29012   0.22656   0.26325   0.10721   0.71164   0.23416   0.14727   0.15368   0.18321   0.00831   0.18171   0.18628   0.01602   0.58935   0.14492   0.71751   0.54675   1.96844   1.26040   0.30721   0.00092   1.39505  
  7 275.4213   7761.270426  x:  1.06326   0.08571   0.07736   0.39556   0.27536   0.39212   0.34614   0.47485   0.08892   0.08940   0.14711   0.42978   0.38303   0.04467   0.26652   0.32153   0.50496   0.57923   0.54679   0.53161   0.31799   0.24225   0.25976   0.11412   0.74167   0.24468   0.15171   0.15711   0.18945   0.04031   0.14896   0.17627   0.00000   0.62417   0.11278   0.74825   0.54253   1.96555   1.23111   0.33839   0.00091   1.39348  
  8 241.4038   7752.888718  x:  1.15419   0.09921   0.06382   0.25949   0.31881   0.41117   0.32166   0.46052   0.07778   0.08892   0.17979   0.43906   0.39945   0.05110   0.24267   0.29840   0.49554   0.55617   0.56026   0.56459   0.34595   0.29456   0.30649   0.14749   0.76202   0.27225   0.16247   0.15849   0.20575   0.03530   0.17163   0.16648   0.08578   0.70178   0.10046   0.79222   0.52483   1.95730   1.17714   0.39699   0.00090   1.38955  
  9 118.3162   7750.616118  x:  1.18542   0.06600   0.06965   0.24505   0.40861   0.42681   0.32243   0.45507   0.05883   0.07827   0.19623   0.44900   0.41499   0.05982   0.25190   0.30034   0.48955   0.53207   0.56383   0.57130   0.34098   0.29578   0.32863   0.15575   0.73734   0.27141   0.16300   0.16265   0.19808   0.03357   0.16716   0.18534   0.07143   0.72093   0.10956   0.79902   0.51065   1.95437   1.13907   0.43938   0.00090   1.38561  
 10 40.2511   7749.837879  x:  1.20253   0.07680   0.08317   0.23500   0.44553   0.42881   0.33483   0.46527   0.06864   0.08745   0.19670   0.44746   0.41955   0.06240   0.26385   0.31885   0.49862   0.53212   0.56668   0.57131   0.34040   0.27945   0.31937   0.15856   0.71952   0.26986   0.16518   0.16417   0.21243   0.03437   0.17995   0.17395   0.07221   0.72721   0.13328   0.80266   0.50871   1.95031   1.12702   0.45561   0.00090   1.38176  
 11 21.1656   7748.788332  x:  1.21985   0.09619   0.06612   0.23201   0.45471   0.41836   0.35080   0.48286   0.08112   0.08993   0.19298   0.45437   0.42933   0.04810   0.28142   0.35509   0.52179   0.54992   0.56769   0.56670   0.35517   0.29965   0.34273   0.16483   0.69843   0.27830   0.17684   0.16576   0.20868   0.03740   0.16991   0.19892   0.06132   0.73139   0.15905   0.80271   0.51036   1.94521   1.11170   0.48341   0.00089   1.37010  
 12 11.3336   7746.603670  x:  1.24614   0.10780   0.05884   0.28973   0.43940   0.40643   0.35360   0.49171   0.08281   0.08275   0.20999   0.49077   0.45935   0.06264   0.30919   0.38377   0.54098   0.57119   0.57011   0.58494   0.37236   0.33156   0.38495   0.19081   0.69942   0.30517   0.17565   0.17164   0.20906   0.03625   0.20321   0.16836   0.02789   0.74622   0.16451   0.80365   0.52759   1.94158   1.06888   0.56003   0.00088   1.33839  
 13 19.1731   7742.814733  x:  1.29106   0.14185   0.08601   0.41469   0.41713   0.42719   0.36463   0.50485   0.06006   0.06846   0.23357   0.54053   0.50068   0.09732   0.33904   0.38149   0.54230   0.59504   0.58277   0.63559   0.37218   0.32113   0.40177   0.22351   0.75977   0.32459   0.17474   0.18268   0.23945   0.04019   0.18211   0.22602   0.05326   0.80175   0.17266   0.82985   0.59299   1.94192   1.01140   0.68793   0.00087   1.27218  
 14 37.9124   7740.925270  x:  1.29649   0.11864   0.07184   0.46602   0.44380   0.47904   0.39565   0.52488   0.05366   0.11274   0.24018   0.53953   0.50809   0.09325   0.34514   0.36588   0.53945   0.61119   0.60214   0.65456   0.38214   0.33708   0.42634   0.21896   0.80760   0.30009   0.18971   0.18456   0.22147   0.04363   0.19465   0.22454   0.07521   0.83432   0.16738   0.85803   0.62670   1.95347   1.02697   0.71131   0.00085   1.23492  
 15 27.6083   7740.418493  x:  1.29098   0.10985   0.07959   0.48387   0.45278   0.48921   0.38548   0.51673   0.05867   0.11894   0.21351   0.52512   0.50430   0.07297   0.35215   0.36231   0.54608   0.62086   0.61958   0.65036   0.38291   0.34700   0.44248   0.23126   0.81971   0.28709   0.19077   0.18176   0.24308   0.04227   0.19473   0.22227   0.07850   0.84709   0.16163   0.87382   0.62444   1.96889   1.02543   0.72814   0.00085   1.21937  
 16 12.5934   7739.715479  x:  1.28073   0.11181   0.07524   0.48492   0.44946   0.48598   0.37198   0.51266   0.05828   0.13809   0.18881   0.52209   0.51014   0.08081   0.37524   0.35644   0.56485   0.62752   0.65584   0.65103   0.37171   0.33531   0.44112   0.25262   0.82805   0.28011   0.19328   0.18721   0.21599   0.04644   0.20062   0.22721   0.08106   0.86477   0.16051   0.90272   0.60438   1.99965   1.02621   0.75809   0.00085   1.18673  
 17  8.8183   7738.260671  x:  1.27115   0.10642   0.04628   0.47338   0.44472   0.48021   0.39006   0.54029   0.05109   0.15247   0.18657   0.55295   0.53346   0.09859   0.39689   0.33305   0.58699   0.62312   0.69814   0.65395   0.36529   0.33055   0.44237   0.27117   0.83420   0.28220   0.18183   0.18502   0.25353   0.04001   0.19390   0.23163   0.06263   0.89161   0.16370   0.94848   0.57083   2.04128   1.05906   0.79768   0.00085   1.10847  
 18 14.6275   7735.140705  x:  1.28985   0.11823   0.06845   0.46852   0.44736   0.47965   0.41222   0.56742   0.05667   0.13108   0.18028   0.57794   0.54244   0.08092   0.38908   0.30794   0.59681   0.62000   0.71151   0.65241   0.37139   0.33922   0.44297   0.26562   0.84397   0.29345   0.17998   0.18587   0.24363   0.04417   0.19713   0.22658   0.04615   0.92061   0.17720   0.98912   0.56568   2.06078   1.09635   0.85981   0.00084   1.00000  
 19 25.8254   7721.092502  x:  1.45503   0.13904   0.03455   0.47090   0.47416   0.49578   0.37943   0.55214   0.07903   0.12942   0.23930   0.61464   0.53146   0.07143   0.37125   0.33920   0.65474   0.67226   0.73668   0.71910   0.40842   0.35364   0.42786   0.16149   0.90289   0.30574   0.21400   0.15583   0.25689   0.05341   0.18508   0.20680   0.00000   1.02512   0.23535   1.12258   0.63689   2.06957   1.27245   1.24112   0.00082   1.00000  
 20 47.3491   7708.750022  x:  1.71295   0.07847   0.07610   0.40348   0.51228   0.56888   0.43288   0.59191   0.01050   0.07852   0.25077   0.57202   0.51257   0.10184   0.39724   0.51577   0.73536   0.79187   0.78120   0.82536   0.37067   0.35113   0.44445   0.23319   1.02222   0.44008   0.23954   0.13048   0.26888   0.05729   0.19158   0.20807   0.00000   1.08111   0.16485   1.18656   0.70994   1.97496   1.57772   1.65442   0.00079   1.00000  
 21 82.3015   7705.323367  x:  1.81411   0.11836   0.04939   0.40073   0.52055   0.59754   0.46757   0.63310   0.01503   0.10832   0.23501   0.56011   0.56409   0.07849   0.40052   0.55198   0.70921   0.80552   0.78505   0.82856   0.36172   0.33198   0.46580   0.26774   1.06543   0.40286   0.17257   0.15810   0.26414   0.06198   0.18836   0.20748   0.00000   1.05811   0.09357   1.15827   0.72036   1.93648   1.62202   1.79597   0.00079   1.00000  
 22 41.8813   7704.233642  x:  1.86369   0.11520   0.04373   0.39153   0.51632   0.59950   0.46269   0.64514   0.01693   0.10777   0.21567   0.57191   0.58755   0.08254   0.40657   0.54999   0.68632   0.80270   0.79638   0.81994   0.36506   0.33027   0.46719   0.29290   1.08487   0.37091   0.18750   0.14977   0.26373   0.06326   0.18703   0.20353   0.07534   1.03204   0.10233   1.13908   0.73229   1.93152   1.64212   1.82649   0.00078   1.00000  
 23 24.3170   7703.546849  x:  1.92166   0.08438   0.04304   0.39408   0.50893   0.58664   0.45842   0.66520   0.02325   0.10600   0.19935   0.59541   0.60656   0.08532   0.41574   0.54518   0.67253   0.80425   0.80718   0.80185   0.37431   0.33290   0.46003   0.31159   1.09184   0.33966   0.20582   0.14139   0.26313   0.06544   0.18660   0.19921   0.06582   0.99429   0.10721   1.11573   0.73658   1.94057   1.65598   1.85229   0.00078   1.00000  
 24 17.5003   7703.089569  x:  1.99287   0.08528   0.05186   0.40190   0.51938   0.56687   0.43921   0.66878   0.00939   0.11599   0.20614   0.60256   0.58952   0.08562   0.41689   0.52636   0.68311   0.81674   0.82244   0.78363   0.37265   0.34560   0.45580   0.30465   1.08976   0.33879   0.18653   0.14825   0.26226   0.06592   0.18417   0.20035   0.07252   0.96362   0.10557   1.10554   0.72465   1.96844   1.68772   1.85414   0.00078   1.00000  
 25  8.1201   7702.708714  x:  2.05102   0.08619   0.03226   0.42076   0.52251   0.56175   0.44275   0.66592   0.02951   0.11242   0.20562   0.58805   0.57699   0.08458   0.41102   0.49952   0.68741   0.81750   0.82547   0.77898   0.36651   0.33171   0.45958   0.30807   1.08233   0.35946   0.19328   0.14313   0.26122   0.06677   0.18424   0.19991   0.07444   0.95730   0.10259   1.10502   0.71136   1.98653   1.71169   1.86664   0.00078   1.00000  
 26  8.2738   7701.797323  x:  2.15054   0.08466   0.04362   0.43235   0.47794   0.56995   0.47444   0.64587   0.01444   0.13062   0.19653   0.55419   0.58248   0.08701   0.41834   0.46098   0.70161   0.80936   0.82783   0.78806   0.34667   0.32252   0.49020   0.28545   1.04551   0.35080   0.20756   0.13035   0.26351   0.06617   0.18350   0.19771   0.06222   0.97851   0.11923   1.11836   0.69715   1.99379   1.76424   1.92201   0.00078   1.00000  
 27  8.4513   7699.661601  x:  2.27188   0.07685   0.03398   0.44261   0.45364   0.61348   0.48469   0.58814   0.03358   0.10034   0.17833   0.58623   0.60011   0.05931   0.45600   0.45141   0.73444   0.79693   0.84511   0.80070   0.37791   0.32326   0.46194   0.27351   1.00749   0.33765   0.17360   0.12978   0.25025   0.07263   0.17479   0.18513   0.04599   1.05973   0.13291   1.17108   0.69095   1.97166   1.91244   2.03032   0.00077   1.00000  
 28 12.1288   7696.480407  x:  2.35292   0.10427   0.03684   0.45417   0.46460   0.63245   0.48218   0.60549   0.02390   0.12113   0.19661   0.64402   0.59352   0.00000   0.46644   0.45946   0.75906   0.79925   0.85351   0.79604   0.36142   0.34278   0.42288   0.26098   1.02556   0.35548   0.22208   0.09250   0.25049   0.07670   0.17515   0.17691   0.03076   1.12164   0.11204   1.24082   0.70286   1.97530   2.04005   2.22189   0.00077   1.00000  
 29 26.2519   7691.243840  x:  2.44786   0.11901   0.04315   0.43310   0.51046   0.62889   0.47951   0.72720   0.07709   0.10071   0.17594   0.68272   0.52914   0.04525   0.45134   0.47583   0.79682   0.82960   0.87128   0.82469   0.34408   0.38644   0.45663   0.18831   1.13166   0.38215   0.21166   0.07348   0.25341   0.09024   0.17915   0.17056   0.00000   1.18166   0.15626   1.38926   0.79440   2.02407   2.25753   2.63174   0.00076   1.00000  
 30 46.8251   7691.243840  x:  2.44786   0.11901   0.04315   0.43310   0.51046   0.62889   0.47951   0.72720   0.07709   0.10071   0.17594   0.68272   0.52914   0.04525   0.45134   0.47583   0.79682   0.82960   0.87128   0.82469   0.34408   0.38644   0.45663   0.18831   1.13166   0.38215   0.21166   0.07348   0.25341   0.09024   0.17915   0.17056   0.00000   1.18166   0.15626   1.38926   0.79440   2.02407   2.25753   2.63174   0.00076   1.00000  
 31 24.5002   7541.162640  x:  2.44787   0.11901   0.04316   0.43310   0.51047   0.62889   0.47952   0.72720   0.07709   0.10073   0.17597   0.68272   0.52917   0.04525   0.45133   0.47583   0.79683   0.82961   0.87129   0.82470   0.34411   0.38643   0.45662   0.18831   1.13168   0.38216   0.21162   0.07338   0.25339   0.09025   0.17918   0.17061   0.00001   1.18166   0.15626   1.38927   0.79441   2.02407   2.25754   2.63174   0.07058   1.00000  
 32 27598.0249   7487.077116  x:  2.48135   0.21020   0.13340   0.48656   0.57745   0.67926   0.54520   0.78601   0.15474   0.19380   0.27706   0.73946   0.61589   0.11661   0.49257   0.53053   0.85144   0.89298   0.92820   0.88002   0.43713   0.43448   0.51481   0.25332   1.19183   0.44722   0.23572   0.03918   0.30403   0.17244   0.28017   0.29122   0.52018   1.22675   0.21523   1.43703   0.85382   1.97691   2.54393   2.34432   0.07792   1.00000  
 33 277.2793   7464.209186  x:  2.52831   0.15000   0.07038   0.50060   0.61440   0.73435   0.60224   0.84206   0.08503   0.13595   0.27976   0.78616   0.65996   0.07922   0.50570   0.58383   0.91073   0.96462   0.99058   0.92016   0.47179   0.44761   0.53791   0.22593   1.25715   0.45465   0.20739   0.02290   0.26906   0.05086   0.19623   0.19923   0.51621   1.24746   0.22392   1.49641   0.89303   1.92583   2.73990   2.14781   0.07931   1.00000  
 34 104.8603   7457.867642  x:  2.55724   0.10922   0.03868   0.50187   0.62716   0.75951   0.62289   0.86468   0.04334   0.09759   0.27253   0.80383   0.67515   0.04935   0.50650   0.60947   0.93858   0.99874   1.02089   0.93873   0.48261   0.44413   0.54025   0.20891   1.29096   0.45359   0.21039   0.07148   0.26257   0.10694   0.18169   0.18078   0.48531   1.25547   0.22101   1.52872   0.90871   1.90085   2.82858   2.05865   0.07986   1.00000  
 35 161.6938   7455.026690  x:  2.58964   0.07974   0.05767   0.49441   0.62828   0.77346   0.62317   0.87131   0.03681   0.07512   0.26142   0.80691   0.67726   0.01982   0.49802   0.62707   0.95550   1.02047   1.04193   0.95320   0.48490   0.42648   0.52684   0.20372   1.31822   0.44799   0.18585   0.03419   0.25569   0.12512   0.21716   0.21721   0.44766   1.25989   0.20763   1.55747   0.91392   1.88296   2.86890   2.01743   0.07992   1.00000  
 36 61.7657   7453.710671  x:  2.63140   0.07059   0.08997   0.48053   0.62353   0.78207   0.61032   0.86856   0.06438   0.08431   0.25611   0.80213   0.67415   0.00000   0.48315   0.64254   0.96773   1.03657   1.06103   0.97000   0.48600   0.40339   0.50650   0.20656   1.34504   0.44189   0.20004   0.05332   0.25845   0.11050   0.22489   0.22602   0.42875   1.26436   0.18945   1.58939   0.91360   1.86932   2.88480   2.00009   0.08000   1.00000  
 37 36.6912   7451.877372  x:  2.74228   0.08078   0.09853   0.43890   0.60702   0.79713   0.56937   0.85415   0.06086   0.12173   0.25110   0.78706   0.65935   0.00000   0.44106   0.67493   0.98987   1.06442   1.10531   1.00771   0.48483   0.36331   0.47035   0.20082   1.40250   0.41961   0.20406   0.02992   0.26800   0.12992   0.19976   0.20485   0.43340   1.27591   0.15374   1.66947   0.90783   1.84854   2.88429   1.99652   0.08007   1.00000  
 38 34.4340   7450.467299  x:  2.85825   0.08542   0.07527   0.40633   0.59659   0.81141   0.53377   0.84189   0.03151   0.12823   0.24488   0.77347   0.64264   0.00000   0.39373   0.70108   1.00472   1.08182   1.14569   1.03409   0.48309   0.36355   0.46817   0.19497   1.45093   0.40365   0.19689   0.04966   0.25939   0.11272   0.22145   0.22001   0.44965   1.28745   0.13448   1.74801   0.89928   1.84203   2.86958   2.00675   0.08015   1.00000  
 39 43.1881   7448.815705  x:  3.04848   0.06767   0.04907   0.39397   0.60495   0.83609   0.50271   0.83624   0.07803   0.10761   0.24289   0.76167   0.62608   0.00000   0.31784   0.73418   1.01800   1.09340   1.20274   1.05759   0.48745   0.41569   0.50716   0.20979   1.51246   0.40589   0.18077   0.04905   0.24966   0.12265   0.22203   0.21769   0.44573   1.30548   0.13413   1.86581   0.88197   1.85295   2.84122   2.02736   0.08022   1.00000  
 40 41.5268   7446.968377  x:  3.29128   0.06542   0.09530   0.41583   0.63724   0.86603   0.50831   0.85420   0.04301   0.08290   0.25918   0.76651   0.63264   0.00000   0.24367   0.76851   1.02599   1.08929   1.26982   1.06696   0.48305   0.45964   0.53966   0.23687   1.56254   0.43384   0.21243   0.03809   0.27500   0.12732   0.21448   0.22077   0.41400   1.32878   0.16717   1.99964   0.86047   1.88304   2.80007   2.05773   0.08029   1.00000  
 41 43.6220   7444.959842  x:  3.60582   0.07495   0.08466   0.46779   0.68487   0.89852   0.56912   0.90658   0.04129   0.14024   0.31636   0.80509   0.68313   0.00000   0.20681   0.81809   1.03673   1.07208   1.35129   1.06732   0.48742   0.45501   0.53325   0.23578   1.59128   0.46183   0.19407   0.04557   0.26821   0.13470   0.24018   0.22897   0.34315   1.36084   0.22472   2.15012   0.83888   1.92834   2.74452   2.09807   0.08028   1.00000  
 42 42.8833   7444.044440  x:  3.76370   0.09492   0.05928   0.47949   0.68474   0.90211   0.60782   0.93370   0.06027   0.10701   0.29409   0.82956   0.70240   0.00000   0.24438   0.85019   1.04975   1.06516   1.38382   1.06588   0.49605   0.43334   0.52050   0.21995   1.57746   0.46896   0.21088   0.03969   0.28722   0.13290   0.23544   0.25398   0.32562   1.38615   0.23991   2.20352   0.83733   1.93367   2.71481   2.11837   0.08032   1.00000  
 43 23.4204   7443.361162  x:  3.89790   0.09853   0.08227   0.48017   0.66981   0.89317   0.62948   0.94529   0.05960   0.09178   0.26070   0.84740   0.71370   0.00000   0.30472   0.87560   1.06508   1.06142   1.39799   1.06775   0.51115   0.43207   0.52733   0.21765   1.54889   0.48014   0.19391   0.04637   0.26993   0.14035   0.24694   0.23477   0.31342   1.41308   0.23626   2.23020   0.84280   1.92399   2.69277   2.13077   0.08036   1.00000  
 44 23.0002   7442.850183  x:  4.00959   0.07191   0.07831   0.47930   0.65332   0.87750   0.63082   0.94032   0.05255   0.11644   0.24904   0.85757   0.71950   0.00000   0.35632   0.88352   1.07763   1.06055   1.38965   1.07156   0.52389   0.44772   0.55010   0.22146   1.51667   0.48477   0.20834   0.03870   0.27900   0.14110   0.25033   0.24269   0.28604   1.43770   0.21923   2.23416   0.85273   1.91152   2.68838   2.12548   0.08038   1.00000  
 45 18.2426   7442.229412  x:  4.17409   0.09076   0.07374   0.50054   0.65612   0.85644   0.60927   0.91437   0.04788   0.10150   0.27365   0.85394   0.71952   0.00000   0.38485   0.84853   1.08706   1.07053   1.32909   1.07318   0.50041   0.43489   0.56163   0.24289   1.47672   0.48283   0.18557   0.04473   0.28023   0.14171   0.23372   0.25896   0.24281   1.47740   0.18919   2.20159   0.88660   1.89345   2.70369   2.09108   0.08039   1.00000  
 46 10.5837   7441.900383  x:  4.26670   0.08661   0.06496   0.50954   0.66020   0.85037   0.60432   0.90611   0.04885   0.08815   0.28157   0.84666   0.71392   0.00000   0.38819   0.81911   1.08731   1.07912   1.28668   1.07090   0.48743   0.42314   0.55364   0.24435   1.46208   0.47702   0.20131   0.03603   0.27073   0.14252   0.25464   0.24038   0.22798   1.49444   0.18109   2.17290   0.90612   1.88989   2.71222   2.07013   0.08040   1.00000  
 47 18.8086   7441.583174  x:  4.36214   0.06195   0.07313   0.50168   0.65920   0.85518   0.61643   0.91327   0.04722   0.08739   0.26931   0.83280   0.70019   0.00000   0.37985   0.77993   1.07854   1.09268   1.23866   1.06135   0.49127   0.42278   0.53208   0.22216   1.46359   0.46420   0.19128   0.03860   0.27020   0.14240   0.24504   0.24334   0.22385   1.49600   0.18907   2.12641   0.91902   1.89626   2.71742   2.04868   0.08041   1.00000  
 48 10.8770   7441.417667  x:  4.42035   0.08396   0.07303   0.48254   0.65187   0.86203   0.62333   0.92036   0.04760   0.09312   0.25762   0.82829   0.69591   0.00000   0.37859   0.75880   1.06832   1.10357   1.21911   1.05294   0.50014   0.43508   0.52754   0.21545   1.47741   0.46726   0.19344   0.03641   0.26583   0.14335   0.24603   0.24427   0.20581   1.48118   0.19218   2.08865   0.91387   1.89904   2.72404   2.02921   0.08041   1.00000  
 49  8.6601   7441.252301  x:  4.48092   0.07863   0.06783   0.45995   0.64743   0.86960   0.61827   0.92135   0.04650   0.08674   0.26304   0.83271   0.70453   0.00000   0.38774   0.74583   1.05218   1.11503   1.21744   1.04376   0.50142   0.42747   0.52422   0.22673   1.49961   0.48340   0.18686   0.03780   0.27564   0.14142   0.24839   0.23914   0.20026   1.44703   0.19251   2.03963   0.89536   1.89712   2.72033   2.01493   0.08041   1.00000  
 50  6.5811   7441.162790  x:  4.51483   0.07502   0.06850   0.45588   0.65225   0.87345   0.61150   0.91930   0.04581   0.08470   0.26649   0.83512   0.70823   0.00000   0.39460   0.74419   1.04340   1.12127   1.22211   1.04097   0.49841   0.42249   0.52700   0.22526   1.50991   0.48446   0.19271   0.03650   0.26089   0.14212   0.24151   0.24408   0.19994   1.42561   0.19343   2.01214   0.88595   1.89331   2.71512   2.00811   0.08040   1.00000  
 51  8.7967   7441.037095  x:  4.56517   0.07813   0.07174   0.46513   0.66948   0.87714   0.59837   0.91380   0.04715   0.08670   0.26356   0.83491   0.70530   0.00000   0.40252   0.75143   1.03276   1.12906   1.23490   1.04170   0.49102   0.42071   0.53778   0.20884   1.51764   0.46996   0.19158   0.03739   0.26825   0.14033   0.24383   0.23931   0.19748   1.39563   0.19731   1.97481   0.87947   1.88517   2.70573   1.99584   0.08041   1.00000  
 52  6.7558   7440.839647  x:  4.64512   0.07908   0.06191   0.48134   0.67942   0.87089   0.59550   0.91402   0.04410   0.09780   0.24300   0.82307   0.68520   0.00000   0.39093   0.77676   1.02509   1.12914   1.25536   1.05010   0.48893   0.42016   0.52524   0.23474   1.51040   0.47270   0.19133   0.03953   0.26713   0.13639   0.23960   0.23751   0.19716   1.37649   0.20309   1.93349   0.89743   1.88444   2.68346   1.97153   0.08042   1.00000  
 53  3.4780   7440.330482  x:  4.84264   0.08297   0.06365   0.47180   0.64280   0.84373   0.60796   0.92441   0.04574   0.09205   0.27439   0.82059   0.68975   0.00000   0.33277   0.83016   1.01546   1.11089   1.29997   1.06027   0.49575   0.43555   0.51354   0.23476   1.47562   0.45278   0.19771   0.04362   0.26719   0.12759   0.22966   0.22565   0.20034   1.37228   0.17380   1.85908   0.94222   1.89806   2.61475   1.90760   0.08039   1.00000  
 54  7.4271   7440.005951  x:  4.94810   0.08482   0.06248   0.45503   0.63631   0.84185   0.59602   0.90678   0.04900   0.10345   0.25831   0.82943   0.69969   0.00000   0.29818   0.83396   1.02790   1.09226   1.29430   1.04834   0.49561   0.40542   0.53976   0.21017   1.46476   0.48655   0.20061   0.04601   0.26685   0.12107   0.22320   0.21917   0.19828   1.40097   0.19286   1.86379   0.93983   1.88844   2.56671   1.85848   0.08038   1.00000  
 55  4.9418   7439.550247  x:  5.05831   0.08795   0.05956   0.44990   0.66897   0.86947   0.59337   0.88509   0.04779   0.10783   0.25957   0.83569   0.68210   0.00000   0.31827   0.81174   1.06203   1.06770   1.27138   1.03148   0.50033   0.41763   0.51314   0.20881   1.47507   0.48537   0.20362   0.05014   0.26748   0.11244   0.21505   0.20993   0.19041   1.44159   0.17025   1.93199   0.87069   1.88800   2.48985   1.78371   0.08036   1.00000  
 56  5.0152   7439.293412  x:  5.10448   0.09033   0.06030   0.43140   0.65940   0.87831   0.59357   0.88800   0.04983   0.11018   0.26840   0.81885   0.67919   0.00000   0.35082   0.79151   1.07392   1.06572   1.26307   1.04369   0.47382   0.42009   0.51497   0.22604   1.49341   0.45597   0.20568   0.05194   0.26773   0.10871   0.21105   0.20568   0.17506   1.45025   0.20382   1.99383   0.86020   1.89309   2.44079   1.73633   0.08034   1.00000  
 57  6.4571   7439.070914  x:  5.11500   0.09479   0.05940   0.45497   0.65070   0.87374   0.58857   0.91169   0.04747   0.11015   0.26050   0.80283   0.69397   0.00000   0.35872   0.76575   1.05824   1.08898   1.26006   1.07332   0.49207   0.40501   0.53179   0.22766   1.51727   0.45591   0.20719   0.05291   0.26889   0.10661   0.20920   0.20432   0.15427   1.42963   0.18317   2.06374   0.87856   1.90642   2.38307   1.69681   0.08028   1.00000  
 58  3.7244   7438.970323  x:  5.10712   0.09679   0.06018   0.46076   0.64644   0.86701   0.57803   0.91329   0.04859   0.11082   0.26095   0.82000   0.69501   0.00000   0.35425   0.76783   1.04847   1.11286   1.26757   1.07454   0.48250   0.42134   0.51441   0.21675   1.52485   0.47213   0.20766   0.05285   0.27008   0.10639   0.20908   0.20515   0.14038   1.42111   0.18332   2.09452   0.90010   1.89522   2.35005   1.67511   0.08025   1.00000  
 59  3.2399   7438.907294  x:  5.08689   0.09881   0.06148   0.45009   0.65239   0.87035   0.58922   0.90945   0.04857   0.11206   0.26298   0.82628   0.68125   0.00000   0.33473   0.79378   1.04596   1.12942   1.28290   1.05806   0.48262   0.41324   0.52315   0.22278   1.52124   0.46501   0.20749   0.05227   0.27007   0.10712   0.20983   0.20602   0.12567   1.42819   0.18050   2.10022   0.90075   1.89202   2.32176   1.64874   0.08022   1.00000  
 60  1.6140   7438.869438  x:  5.07142   0.09981   0.06165   0.44690   0.65438   0.87306   0.58271   0.89940   0.04823   0.11013   0.25845   0.81367   0.69388   0.00000   0.32344   0.81097   1.04670   1.12071   1.29871   1.06230   0.48502   0.41488   0.51642   0.22060   1.51730   0.46407   0.20643   0.05157   0.26947   0.10734   0.21018   0.20657   0.11523   1.43821   0.18514   2.09483   0.89276   1.90038   2.30263   1.62082   0.08021   1.01749  
 61  1.6129   7438.838778  x:  5.06125   0.09984   0.06129   0.45013   0.64794   0.87412   0.58490   0.90808   0.04880   0.11106   0.25514   0.81086   0.69010   0.00000   0.31370   0.81403   1.04991   1.09864   1.30781   1.07166   0.47283   0.41502   0.51713   0.21781   1.51843   0.46694   0.20520   0.05107   0.26920   0.10733   0.21035   0.20726   0.11173   1.44007   0.18090   2.08925   0.88296   1.89088   2.27741   1.58994   0.08020   1.05425  
 62  1.4723   7438.776563  x:  5.04700   0.10226   0.06165   0.45854   0.63492   0.86973   0.56920   0.91266   0.04843   0.10765   0.25764   0.82224   0.67490   0.00000   0.30619   0.81265   1.06620   1.06621   1.31756   1.06818   0.48681   0.41043   0.51518   0.21880   1.52561   0.45998   0.20433   0.05015   0.26826   0.10674   0.21079   0.20779   0.10561   1.43442   0.18926   2.08329   0.88217   1.88665   2.21228   1.51849   0.08018   1.15633  
 63  2.7772   7438.566334  x:  5.01330   0.10859   0.06124   0.45864   0.63078   0.86159   0.55805   0.91057   0.05078   0.11102   0.23984   0.81895   0.67829   0.00000   0.30034   0.81096   1.11812   1.03770   1.32816   1.03061   0.46471   0.40999   0.51840   0.21871   1.53715   0.45623   0.20189   0.04667   0.26854   0.10463   0.21118   0.21047   0.10328   1.41175   0.17280   2.07443   0.89733   1.91172   1.96831   1.27408   0.08011   1.53312  
 64  6.6059   7438.248904  x:  4.97024   0.12035   0.05810   0.44264   0.64632   0.86302   0.57199   0.88829   0.05242   0.10364   0.24926   0.78666   0.67791   0.00000   0.29612   0.80611   1.13009   1.03856   1.32794   1.03902   0.48162   0.41474   0.51730   0.21655   1.52767   0.46197   0.20105   0.04222   0.27084   0.10181   0.21397   0.21576   0.09433   1.40532   0.17846   2.06301   0.90130   1.87672   1.57962   0.91702   0.07998   2.10687  
 65 17.5409   7438.114907  x:  4.95431   0.12418   0.05837   0.43514   0.64810   0.86323   0.56575   0.88262   0.05333   0.10279   0.24317   0.81079   0.66517   0.00000   0.29801   0.80892   1.09794   1.04917   1.32103   1.06591   0.47612   0.41171   0.51950   0.21729   1.51829   0.45985   0.19929   0.04067   0.27061   0.10033   0.21432   0.21742   0.09140   1.42110   0.18043   2.05773   0.88733   1.89884   1.41246   0.74811   0.07995   2.36318  
 66 14.1839   7438.071156  x:  4.95369   0.12389   0.05691   0.44558   0.63653   0.86673   0.55251   0.89423   0.05278   0.10428   0.24022   0.80407   0.66858   0.00000   0.30264   0.81676   1.06666   1.05371   1.31541   1.04598   0.47362   0.41163   0.51810   0.22025   1.51904   0.45442   0.19876   0.04028   0.27016   0.09955   0.21389   0.21671   0.09135   1.43615   0.18024   2.05973   0.87959   1.89352   1.36162   0.69084   0.07994   2.44485  
 67  3.1815   7438.016811  x:  4.96086   0.12176   0.05664   0.44506   0.63505   0.85810   0.55476   0.89279   0.05293   0.10309   0.25283   0.78978   0.65346   0.00000   0.31767   0.82659   1.05412   1.05291   1.30261   1.04129   0.47256   0.40922   0.51891   0.20956   1.51921   0.47003   0.19864   0.04015   0.26935   0.09917   0.21363   0.21542   0.08660   1.43216   0.18020   2.06203   0.88100   1.90208   1.30762   0.62527   0.07993   2.53540  
 68  1.0430   7437.761023  x:  4.99781   0.11009   0.05182   0.44040   0.64631   0.82910   0.58095   0.87327   0.05129   0.10650   0.24986   0.80127   0.67840   0.00000   0.33668   0.82904   1.01997   1.05189   1.23274   1.04053   0.47251   0.41263   0.51708   0.22047   1.50615   0.46352   0.19948   0.04127   0.26651   0.09938   0.21322   0.20945   0.06753   1.40246   0.18141   2.06402   0.88779   1.88896   1.04662   0.34058   0.07990   2.95001  
 69  6.8372   7437.599140  x:  5.01799   0.10278   0.04922   0.44765   0.64089   0.85924   0.57492   0.88944   0.05189   0.11312   0.25447   0.80365   0.68066   0.00000   0.35405   0.77473   1.03368   1.09584   1.25027   1.04446   0.47210   0.41421   0.52037   0.22553   1.47340   0.47105   0.20106   0.04247   0.26637   0.10070   0.21454   0.20736   0.05398   1.42229   0.18424   2.03896   0.89351   1.88923   0.87603   0.17760   0.07988   3.20842  
 70  6.4107   7437.583425  x:  5.01723   0.10115   0.04902   0.44657   0.64964   0.84926   0.57792   0.89177   0.05163   0.11408   0.25397   0.80538   0.68213   0.00000   0.35959   0.76818   1.03234   1.09709   1.25737   1.04575   0.47292   0.41504   0.52215   0.22600   1.49222   0.47098   0.20159   0.04282   0.26707   0.10110   0.21471   0.20762   0.05289   1.44176   0.18297   2.02941   0.90072   1.88827   0.86008   0.16922   0.07988   3.23373  
 71  0.8863   7437.567374  x:  5.01245   0.09843   0.04943   0.45691   0.64169   0.85963   0.58144   0.88994   0.05081   0.11378   0.25561   0.80836   0.68453   0.00000   0.35942   0.78065   1.03905   1.10337   1.24961   1.05270   0.47278   0.41585   0.52341   0.22595   1.50598   0.47226   0.20236   0.04345   0.26804   0.10175   0.21425   0.20822   0.05540   1.45121   0.18476   2.02160   0.90225   1.88925   0.85096   0.16972   0.07989   3.26115  
 72  0.3420   7437.503417  x:  4.99293   0.08384   0.05212   0.44685   0.65456   0.86789   0.57337   0.90803   0.04988   0.11105   0.25572   0.81089   0.68683   0.00000   0.34726   0.79450   1.02865   1.10148   1.26016   1.05822   0.47515   0.41407   0.51943   0.22488   1.49184   0.47200   0.20352   0.04576   0.26856   0.10357   0.20980   0.20868   0.07154   1.45433   0.18872   2.02750   0.90585   1.89051   0.84317   0.15425   0.07997   3.37851  
 73  0.6440   7437.493489  x:  4.99023   0.08128   0.05228   0.45381   0.64672   0.85981   0.58128   0.89735   0.04972   0.11092   0.25405   0.81019   0.68538   0.00000   0.34344   0.78927   1.02573   1.10481   1.27035   1.05585   0.47434   0.41305   0.51815   0.22406   1.49033   0.47094   0.20329   0.04611   0.26822   0.10359   0.20896   0.20832   0.07505   1.45333   0.19060   2.03062   0.89934   1.89112   0.83720   0.14196   0.07998   3.40616  
 74  0.8937   7437.464100  x:  4.97342   0.07661   0.05199   0.45507   0.64824   0.84710   0.57418   0.90889   0.04991   0.10976   0.25348   0.80847   0.68578   0.00000   0.33247   0.79582   1.04982   1.10497   1.27967   1.05632   0.47438   0.41288   0.51713   0.22376   1.49564   0.46983   0.20376   0.04661   0.26910   0.10388   0.20968   0.20850   0.08147   1.45216   0.19270   2.03643   0.89169   1.89047   0.65984  -0.03140   0.07999   3.67031  
 75  0.4609   7437.442099  x:  4.96148   0.07293   0.05200   0.45322   0.64823   0.86441   0.57539   0.90002   0.05030   0.11005   0.25162   0.81018   0.68392   0.00000   0.33034   0.79479   1.05233   1.08855   1.29283   1.05376   0.47379   0.41180   0.51781   0.22350   1.50265   0.46924   0.20415   0.04686   0.26979   0.10408   0.21020   0.20863   0.08600   1.45087   0.18750   2.04301   0.90591   1.89071   0.52680  -0.16254   0.07999   3.87052  
 76  5.6126   7437.422938  x:  4.96841   0.06249   0.05196   0.45103   0.64818   0.86354   0.57445   0.89666   0.05060   0.11128   0.25285   0.80925   0.68262   0.00000   0.33924   0.78955   1.04251   1.09503   1.27875   1.05506   0.47350   0.41251   0.51933   0.22466   1.50064   0.46906   0.20357   0.04639   0.26965   0.10410   0.21213   0.20928   0.09560   1.45099   0.18577   2.04573   0.90180   1.88906   0.39510  -0.29344   0.07997   4.15103  
 77  0.3166   7437.416140  x:  4.97978   0.06343   0.05213   0.45067   0.64824   0.86192   0.57574   0.89615   0.05046   0.11139   0.25384   0.80891   0.68241   0.00000   0.34268   0.78726   1.03663   1.10019   1.27248   1.05609   0.47378   0.41355   0.51993   0.22492   1.49860   0.46931   0.20281   0.04590   0.26897   0.10371   0.21196   0.20972   0.09894   1.44988   0.18579   2.04610   0.89980   1.88917   0.32319  -0.36459   0.07994   4.30326  
 78  0.1918   7437.411844  x:  4.98616   0.05838   0.05219   0.45174   0.64825   0.86094   0.57637   0.89815   0.05009   0.11115   0.25354   0.80900   0.68307   0.00000   0.34011   0.79030   1.03956   1.09849   1.27546   1.05497   0.47334   0.41350   0.51928   0.22453   1.49938   0.46967   0.20273   0.04550   0.26866   0.10337   0.21109   0.20909   0.10213   1.44918   0.18650   2.04417   0.90101   1.88993   0.17313  -0.51645   0.07990   4.60429  
 79  0.2329   7437.410043  x:  4.98315   0.05784   0.05239   0.45211   0.64849   0.86244   0.57561   0.89854   0.05051   0.11107   0.25340   0.80995   0.68346   0.00000   0.33923   0.79058   1.04197   1.09746   1.27882   1.05562   0.47369   0.41294   0.51923   0.22471   1.50050   0.46939   0.20339   0.04567   0.26932   0.10377   0.21200   0.20924   0.10331   1.45123   0.18682   2.04739   0.90018   1.88951   0.09296  -0.59515   0.07984   4.81727  
 80  0.1179   7437.409055  x:  4.99111   0.05582   0.05213   0.45155   0.64837   0.86211   0.57567   0.89779   0.05025   0.11136   0.25348   0.80934   0.68298   0.00000   0.34027   0.78957   1.04008   1.09905   1.27643   1.05584   0.47340   0.41330   0.51950   0.22489   1.50016   0.46936   0.20309   0.04593   0.26913   0.10365   0.21130   0.20962   0.10510   1.45108   0.18638   2.04746   0.90033   1.88922   0.04205  -0.64625   0.07976   5.00524  
 81  0.0912   7437.406559  x:  5.01012   0.05756   0.05202   0.45137   0.64801   0.86108   0.57642   0.89782   0.04973   0.11157   0.25340   0.80845   0.68260   0.00000   0.33966   0.79169   1.03837   1.09971   1.27516   1.05536   0.47305   0.41388   0.51944   0.22455   1.49995   0.46956   0.20235   0.04614   0.26828   0.10370   0.21157   0.20808   0.10295   1.44961   0.18642   2.04536   0.90106   1.89012   0.08657  -0.60295   0.07953   5.33087  
 82  0.0660   7437.376598  x:  5.08765   0.06671   0.05148   0.45385   0.64919   0.86414   0.57728   0.90088   0.05103   0.11046   0.25357   0.81164   0.68480   0.00000   0.33935   0.79718   1.04566   1.09642   1.28416   1.05519   0.47436   0.41305   0.51956   0.22500   1.50239   0.47065   0.20277   0.04628   0.26923   0.10428   0.21218   0.20992   0.09097   1.45582   0.18950   2.05411   0.90044   1.89141   0.84148   0.15610   0.07811   6.92370  
 83  0.2401   7437.372756  x:  5.11083   0.07017   0.05131   0.45397   0.64943   0.86473   0.57746   0.90117   0.05115   0.11025   0.25353   0.81198   0.68512   0.00000   0.33938   0.79812   1.04675   1.09638   1.28522   1.05526   0.47460   0.41291   0.51968   0.22502   1.50294   0.47093   0.20285   0.04626   0.26938   0.10424   0.21210   0.21017   0.08597   1.45730   0.19000   2.05602   0.90060   1.89160   1.04948   0.36456   0.07780   7.25204  
 84  3.6817   7437.356272  x:  5.19601   0.07732   0.05118   0.45136   0.65013   0.86703   0.57676   0.89921   0.05044   0.11019   0.25279   0.81093   0.68497   0.00000   0.33972   0.79671   1.04759   1.10120   1.28368   1.05733   0.47479   0.41247   0.52058   0.22489   1.50585   0.47136   0.20370   0.04564   0.27009   0.10300   0.21044   0.21068   0.06895   1.46402   0.18965   2.06548   0.90216   1.89017   1.24448   0.55920   0.07726   8.30170  
 85  0.5546   7437.340430  x:  5.23181   0.07951   0.05158   0.44932   0.65062   0.86770   0.57693   0.89844   0.04954   0.11066   0.25292   0.80981   0.68482   0.00000   0.33824   0.79690   1.04401   1.10723   1.28232   1.06005   0.47504   0.41314   0.52116   0.22482   1.50747   0.47149   0.20374   0.04510   0.26957   0.10286   0.21136   0.20881   0.06511   1.46661   0.18882   2.07016   0.90447   1.89021   1.10998   0.42425   0.07771   8.37375  
 86  0.1360   7437.323386  x:  5.29766   0.08756   0.05156   0.44996   0.65156   0.86825   0.57861   0.90063   0.04963   0.11064   0.25372   0.81073   0.68609   0.00000   0.33646   0.80304   1.04333   1.10976   1.28665   1.06132   0.47603   0.41398   0.52153   0.22513   1.50920   0.47260   0.20298   0.04526   0.26886   0.10400   0.21319   0.20795   0.05700   1.46880   0.19004   2.07465   0.90672   1.89257   1.37255   0.68848   0.07766   9.23185  
 87  0.7631   7437.291331  x:  5.30486   0.08623   0.05203   0.45412   0.65218   0.86700   0.58055   0.90478   0.05115   0.10995   0.25498   0.81399   0.68791   0.00000   0.33590   0.81140   1.04786   1.10302   1.29492   1.05828   0.47747   0.41460   0.52110   0.22546   1.50990   0.47402   0.20155   0.04706   0.26920   0.10637   0.21344   0.21176   0.06835   1.46183   0.19127   2.07083   0.90480   1.89555   1.39224   0.71257   0.07820  10.93636  
 88  0.6208   7437.214502  x:  5.31911   0.08479   0.05341   0.45220   0.65291   0.86878   0.57785   0.90177   0.05080   0.10897   0.25377   0.81282   0.68729   0.00000   0.33463   0.80748   1.05006   1.10191   1.29314   1.05909   0.47725   0.41231   0.52092   0.22439   1.51076   0.47414   0.20378   0.04653   0.27168   0.10492   0.21371   0.21157   0.05369   1.46914   0.19173   2.07096   0.90364   1.89188   1.74010   1.06123   0.07830  16.98261  
 89  1.7261   7437.165914  x:  5.19025   0.07144   0.05355   0.45037   0.65143   0.86650   0.57570   0.89820   0.05021   0.10946   0.25285   0.81020   0.68532   0.00000   0.33641   0.79782   1.04598   1.10111   1.28434   1.05852   0.47554   0.41154   0.52048   0.22394   1.50623   0.47233   0.20486   0.04567   0.27169   0.10344   0.21324   0.20970   0.06212   1.46882   0.19037   2.06099   0.90355   1.88922   1.58623   0.90365   0.07896  19.85275  
 90  3.6535   7437.128030  x:  5.08510   0.07471   0.05085   0.44945   0.64957   0.86059   0.57806   0.89780   0.05020   0.11108   0.25358   0.80855   0.68502   0.00000   0.34321   0.79327   1.03805   1.10438   1.27557   1.05639   0.47516   0.41407   0.52134   0.22515   1.49965   0.47171   0.20289   0.04533   0.26828   0.10364   0.21008   0.21040   0.06326   1.46289   0.18913   2.05265   0.90891   1.89297   1.71906   1.03045   0.07992  24.87763  
 91  2.6318   7437.088661  x:  5.01850   0.07452   0.05568   0.45073   0.64900   0.85919   0.57683   0.89540   0.05045   0.11005   0.25203   0.80708   0.68298   0.00000   0.34605   0.79155   1.03808   1.09743   1.26995   1.05173   0.47430   0.41120   0.51891   0.22187   1.49672   0.47098   0.20204   0.04617   0.26868   0.10352   0.21274   0.20685   0.05978   1.46076   0.19077   2.04525   0.90010   1.89153   1.73805   1.04617   0.07917  35.23994  
 92  2.7702   7437.065333  x:  5.04754   0.07599   0.04978   0.44962   0.64883   0.86050   0.57698   0.89645   0.05021   0.10909   0.25261   0.80818   0.68469   0.00000   0.34262   0.79289   1.04081   1.09728   1.27409   1.05438   0.47510   0.41196   0.52040   0.22375   1.49712   0.47193   0.20448   0.04559   0.27048   0.10223   0.21067   0.21004   0.05886   1.46486   0.19083   2.04341   0.90541   1.89120   1.67427   0.98656   0.07925  44.28142  
 93  3.9640   7437.038276  x:  5.09421   0.07128   0.05441   0.44922   0.64942   0.85990   0.57811   0.89672   0.05043   0.11023   0.25268   0.80830   0.68520   0.00000   0.34243   0.79458   1.03972   1.10194   1.27545   1.05576   0.47606   0.41361   0.52136   0.22313   1.49943   0.47078   0.20342   0.04549   0.26825   0.10429   0.21140   0.20876   0.06302   1.46662   0.19069   2.05174   0.90846   1.89313   1.80520   1.11993   0.07945  67.73740  
 94  7.4748   7437.023753  x:  5.10482   0.06992   0.05296   0.45099   0.65073   0.86208   0.57723   0.89746   0.05053   0.10977   0.25282   0.80862   0.68477   0.00000   0.34365   0.79541   1.04101   1.10028   1.27624   1.05440   0.47486   0.41173   0.51995   0.22380   1.50128   0.47266   0.20279   0.04566   0.26971   0.10347   0.21201   0.20960   0.06025   1.46645   0.19079   2.05499   0.90371   1.89182   1.68521   0.99703   0.07919  88.61719  
 95  9.7580   7437.012481  x:  5.10577   0.07264   0.05168   0.44972   0.65026   0.86284   0.57767   0.89772   0.05021   0.10923   0.25278   0.80897   0.68536   0.00000   0.34233   0.79638   1.04156   1.10113   1.27787   1.05577   0.47614   0.41197   0.52048   0.22331   1.50076   0.47289   0.20362   0.04573   0.27044   0.10282   0.21197   0.20965   0.05969   1.46816   0.19105   2.05344   0.90559   1.89142   1.78743   1.10052   0.07913  121.05694  
 96 13.9543   7437.002832  x:  5.06716   0.06905   0.05380   0.44912   0.64911   0.85986   0.57791   0.89646   0.05039   0.10997   0.25247   0.80797   0.68517   0.00000   0.34321   0.79397   1.04031   1.10104   1.27483   1.05527   0.47605   0.41289   0.52103   0.22282   1.49859   0.47098   0.20360   0.04548   0.26886   0.10369   0.21105   0.20930   0.06313   1.46763   0.19080   2.04953   0.90875   1.89243   1.74894   1.06255   0.07936  170.05755  
 97 22.2282   7436.995811  x:  5.08482   0.07069   0.05265   0.45096   0.65041   0.86060   0.57704   0.89650   0.05052   0.10963   0.25267   0.80799   0.68433   0.00000   0.34455   0.79407   1.03942   1.09888   1.27316   1.05336   0.47435   0.41163   0.51979   0.22376   1.49947   0.47231   0.20288   0.04561   0.26932   0.10339   0.21201   0.20888   0.05831   1.46603   0.19100   2.05114   0.90287   1.89227   1.76427   1.07544   0.07926  245.39960  
 98 27.0829   7436.990911  x:  5.08578   0.06913   0.05280   0.44916   0.64964   0.86147   0.57811   0.89723   0.05021   0.10932   0.25240   0.80858   0.68534   0.00000   0.34284   0.79572   1.04090   1.10098   1.27667   1.05547   0.47660   0.41260   0.52094   0.22268   1.49940   0.47237   0.20368   0.04585   0.26996   0.10317   0.21173   0.20928   0.06322   1.46828   0.19135   2.05113   0.90708   1.89173   1.76401   1.07800   0.07919  345.91834  
 99 38.9339   7436.987603  x:  5.08284   0.06970   0.05347   0.44992   0.64977   0.86037   0.57747   0.89655   0.05055   0.11000   0.25274   0.80795   0.68506   0.00000   0.34351   0.79408   1.04064   1.10070   1.27480   1.05486   0.47528   0.41227   0.52057   0.22337   1.49954   0.47134   0.20331   0.04540   0.26902   0.10365   0.21105   0.20977   0.05942   1.46786   0.19077   2.05140   0.90745   1.89243   1.76730   1.07999   0.07932  485.75501  
100 54.5696   7436.985167  x:  5.08618   0.06906   0.05249   0.45019   0.65025   0.86112   0.57753   0.89685   0.05032   0.10943   0.25256   0.80833   0.68479   0.00000   0.34386   0.79517   1.03965   1.10010   1.27459   1.05436   0.47533   0.41201   0.52023   0.22339   1.49967   0.47243   0.20322   0.04562   0.26951   0.10329   0.21228   0.20863   0.06164   1.46769   0.19110   2.05189   0.90439   1.89218   1.76771   1.08003   0.07923  682.53077  
101 78.7639   7436.983369  x:  5.08243   0.06956   0.05345   0.44934   0.64950   0.86084   0.57793   0.89695   0.05040   0.10957   0.25237   0.80826   0.68524   0.00000   0.34346   0.79470   1.04126   1.10053   1.27589   1.05501   0.47624   0.41252   0.52091   0.22270   1.49920   0.47201   0.20354   0.04573   0.26974   0.10331   0.21107   0.20989   0.06070   1.46777   0.19126   2.05074   0.90753   1.89182   1.76882   1.08244   0.07924  999.00000  
102 107.8007   7436.982971  x:  5.08354   0.06934   0.05298   0.44984   0.64989   0.86084   0.57765   0.89679   0.05039   0.10961   0.25257   0.80820   0.68501   0.00000   0.34354   0.79478   1.04034   1.10041   1.27506   1.05474   0.47561   0.41224   0.52053   0.22317   1.49943   0.47201   0.20336   0.04561   0.26946   0.10338   0.21163   0.20927   0.06096   1.46781   0.19109   2.05124   0.90621   1.89214   1.76749   1.08033   0.07925  999.00000  
103  0.0037   7436.982970  x:  5.08337   0.06929   0.05298   0.44983   0.64988   0.86083   0.57765   0.89679   0.05039   0.10960   0.25256   0.80819   0.68501   0.00000   0.34358   0.79478   1.04034   1.10039   1.27503   1.05471   0.47561   0.41224   0.52053   0.22316   1.49942   0.47202   0.20336   0.04561   0.26946   0.10338   0.21162   0.20927   0.06094   1.46783   0.19109   2.05123   0.90620   1.89214   1.76831   1.08115   0.07925  999.00000  
104  0.0015   7436.982970  x:  5.08344   0.06928   0.05298   0.44983   0.64989   0.86083   0.57765   0.89679   0.05039   0.10960   0.25256   0.80820   0.68501   0.00000   0.34359   0.79478   1.04034   1.10040   1.27503   1.05471   0.47562   0.41224   0.52053   0.22316   1.49942   0.47202   0.20336   0.04561   0.26946   0.10338   0.21162   0.20927   0.06095   1.46783   0.19109   2.05125   0.90619   1.89214   1.76836   1.08120   0.07925  999.00000  
105  0.0001   7436.982970  x:  5.08346   0.06928   0.05298   0.44983   0.64989   0.86083   0.57765   0.89679   0.05039   0.10960   0.25256   0.80820   0.68501   0.00000   0.34358   0.79478   1.04034   1.10040   1.27504   1.05472   0.47562   0.41224   0.52053   0.22316   1.49942   0.47202   0.20336   0.04561   0.26946   0.10338   0.21162   0.20927   0.06095   1.46783   0.19109   2.05125   0.90619   1.89214   1.76835   1.08119   0.07925  999.00000  