

TREE # 1

  0  0.0000   9219.372777  x:  0.17444   0.02804   0.07307   0.00000   0.21220   0.15259   0.14764   0.15672   0.09176   0.01488   0.10164   0.09888   0.08304   0.02822   0.03654   0.11840   0.16638   0.13073   0.17006   0.12456   0.13600   0.08105   0.05011   0.02312   0.14692   0.15208   0.08109   0.04353   0.13235   0.02986   0.05286   0.04009   0.10565   0.11049   0.05181   0.16210   0.10351   2.00000   1.39835   0.16116   0.29812   1.40136  
  1 99.0000   8111.216622  x:  0.33836   0.14839   0.13412   0.32929   0.26347   0.21879   0.20668   0.22878   0.13401   0.10664   0.15874   0.22711   0.21369   0.09823   0.16509   0.18682   0.24312   0.24191   0.25589   0.23553   0.18598   0.17991   0.21810   0.13269   0.26973   0.19680   0.10870   0.05598   0.15035   0.08374   0.12722   0.14713   0.14706   0.24474   0.15051   0.28359   0.25627   1.99211   1.43184   0.12830   0.00000   1.40057  
  2 3560.7420   7959.724382  x:  0.52170   0.28297   0.20237   0.69751   0.32080   0.29283   0.27271   0.30939   0.18125   0.20925   0.22258   0.37052   0.35980   0.17651   0.30884   0.26335   0.32896   0.36626   0.35189   0.35965   0.24188   0.29046   0.40597   0.25523   0.40709   0.24681   0.13957   0.06989   0.17047   0.14399   0.21038   0.26683   0.19336   0.39488   0.26090   0.41948   0.42712   1.98328   1.46929   0.09155   0.00097   1.39968  
  3 19234.7601   7874.165231  x:  0.62482   0.26402   0.14571   0.68288   0.31566   0.31582   0.30546   0.36036   0.11927   0.15435   0.18525   0.38814   0.36332   0.13734   0.31485   0.29012   0.38011   0.43049   0.40063   0.38557   0.22027   0.26485   0.38215   0.21703   0.47733   0.24396   0.10017   0.00000   0.13925   0.06528   0.16106   0.19156   0.17649   0.43599   0.26422   0.49499   0.47526   1.98072   1.42343   0.13777   0.00096   1.39846  
  4 385.5576   7816.258894  x:  0.77639   0.22424   0.05006   0.64519   0.30350   0.34860   0.34430   0.42524   0.01663   0.06552   0.12922   0.41219   0.36654   0.07553   0.31687   0.32144   0.44631   0.51319   0.46698   0.42498   0.19769   0.22877   0.34226   0.15182   0.58118   0.23927   0.14103   0.11911   0.14419   0.01880   0.10893   0.09005   0.13767   0.49496   0.25636   0.59961   0.53588   1.97701   1.35765   0.20538   0.00094   1.39532  
  5 850.9100   7803.785914  x:  0.81243   0.20893   0.03227   0.62462   0.29901   0.35520   0.34994   0.43720   0.00000   0.04964   0.12023   0.41587   0.36638   0.06258   0.31339   0.32571   0.45899   0.52858   0.48052   0.43544   0.20110   0.22247   0.32960   0.13698   0.60441   0.23667   0.13925   0.11999   0.15347   0.05862   0.11309   0.09355   0.12265   0.50836   0.24728   0.62213   0.54473   1.97613   1.34074   0.22327   0.00094   1.39399  
  6 430.1517   7769.122942  x:  1.02213   0.09334   0.04780   0.44373   0.26936   0.38762   0.35462   0.47825   0.05346   0.06085   0.12602   0.42971   0.37503   0.03114   0.27532   0.32863   0.50744   0.58420   0.54234   0.51621   0.29951   0.22410   0.25306   0.09882   0.73244   0.23433   0.14715   0.14830   0.19374   0.02830   0.20635   0.21549   0.00000   0.59141   0.14414   0.73370   0.55804   1.96924   1.24281   0.33050   0.00091   1.38212  
  7 285.9758   7754.869565  x:  1.14894   0.08159   0.08747   0.28591   0.28855   0.40893   0.33795   0.48079   0.09878   0.10950   0.17514   0.43824   0.39349   0.05534   0.24875   0.31350   0.51628   0.58499   0.57077   0.56879   0.34718   0.27225   0.27025   0.13374   0.78596   0.26977   0.16300   0.15404   0.20302   0.06465   0.17564   0.14659   0.00628   0.67325   0.07997   0.79404   0.54080   1.96169   1.18236   0.39918   0.00090   1.37075  
  8 157.0709   7750.575074  x:  1.20464   0.10765   0.07440   0.21385   0.34248   0.42228   0.32396   0.47018   0.07971   0.09288   0.18801   0.44250   0.40186   0.04868   0.23321   0.29963   0.50713   0.56405   0.57625   0.58117   0.35596   0.29731   0.30030   0.14702   0.78580   0.27914   0.16665   0.15814   0.20273   0.05604   0.18202   0.18216   0.05477   0.71570   0.09307   0.81765   0.53009   1.95686   1.14738   0.44267   0.00089   1.35938  
  9 82.6744   7748.511710  x:  1.23952   0.07962   0.07649   0.21330   0.42880   0.43717   0.32500   0.46491   0.07025   0.08106   0.20569   0.45122   0.41532   0.05625   0.24081   0.30368   0.50164   0.53998   0.57927   0.58618   0.35839   0.30185   0.31982   0.15228   0.75943   0.27825   0.16361   0.15984   0.20666   0.05484   0.18454   0.18087   0.02885   0.73310   0.10380   0.82255   0.51491   1.95390   1.11992   0.48334   0.00089   1.34153  
 10 40.0148   7747.400565  x:  1.26782   0.09630   0.08825   0.20701   0.46654   0.44122   0.34218   0.47792   0.08195   0.08942   0.20837   0.45008   0.42144   0.06420   0.25906   0.33001   0.51424   0.53976   0.58409   0.58735   0.36177   0.27953   0.30042   0.15539   0.73574   0.27836   0.17165   0.16109   0.21672   0.05821   0.18929   0.18067   0.02884   0.74240   0.13343   0.82574   0.51326   1.94903   1.11603   0.50720   0.00089   1.31417  
 11 21.1691   7744.837176  x:  1.31137   0.11613   0.07484   0.22122   0.46058   0.43205   0.36619   0.50061   0.09284   0.09354   0.20525   0.46280   0.44251   0.04758   0.28841   0.38288   0.54587   0.56403   0.58449   0.58389   0.37872   0.31533   0.34900   0.17112   0.70358   0.29205   0.18680   0.16410   0.20550   0.06238   0.18565   0.19415   0.00000   0.75497   0.15307   0.82132   0.51873   1.94378   1.11896   0.57077   0.00088   1.22140  
 12 17.9304   7739.876571  x:  1.37718   0.14295   0.06950   0.33670   0.41481   0.42621   0.35373   0.49498   0.08106   0.08697   0.22939   0.51693   0.48444   0.06761   0.31629   0.39393   0.55102   0.58323   0.58185   0.61762   0.38602   0.32259   0.38369   0.21008   0.73122   0.31333   0.16528   0.17551   0.24668   0.05782   0.21851   0.19099   0.01026   0.79892   0.15587   0.82984   0.56752   1.94685   1.10640   0.73822   0.00087   1.00000  
 13 37.6804   7737.417739  x:  1.39076   0.13100   0.07304   0.40326   0.42497   0.46350   0.37694   0.51169   0.06899   0.09955   0.24281   0.53580   0.49633   0.09287   0.32605   0.36569   0.53967   0.59535   0.59687   0.65189   0.38577   0.32396   0.39462   0.22304   0.79384   0.31314   0.18993   0.17859   0.21787   0.06517   0.17837   0.23171   0.02706   0.83089   0.14695   0.85517   0.60681   1.95513   1.13678   0.81331   0.00085   1.00000  
 14 34.0406   7736.574530  x:  1.37251   0.12717   0.07477   0.41468   0.44729   0.48912   0.39028   0.52309   0.06507   0.11266   0.23177   0.52621   0.49313   0.08687   0.32964   0.35070   0.54067   0.61008   0.61623   0.66008   0.38787   0.34151   0.41200   0.22266   0.82615   0.29741   0.19431   0.17651   0.22496   0.06424   0.20966   0.21820   0.03615   0.84560   0.14531   0.87684   0.61638   1.96346   1.16133   0.83335   0.00085   1.00000  
 15 20.9859   7735.996016  x:  1.33387   0.13665   0.08211   0.42136   0.46092   0.49620   0.37743   0.51842   0.06728   0.13213   0.21148   0.51715   0.49856   0.07546   0.34416   0.34614   0.55328   0.62824   0.64374   0.66164   0.39124   0.34575   0.42092   0.22850   0.84678   0.27906   0.19106   0.17938   0.23874   0.06520   0.19525   0.22458   0.03089   0.85954   0.14954   0.90253   0.61321   1.97918   1.15829   0.87994   0.00085   1.00000  
 16 12.4098   7735.412374  x:  1.28967   0.13849   0.07269   0.41148   0.46471   0.49211   0.37791   0.52816   0.05951   0.13826   0.21029   0.53501   0.51690   0.08440   0.35887   0.34376   0.56893   0.63502   0.66852   0.66829   0.39167   0.33835   0.41856   0.24309   0.85923   0.29499   0.19488   0.18137   0.21967   0.06746   0.21030   0.22441   0.02234   0.87578   0.15630   0.92613   0.60617   1.99232   1.16783   0.93034   0.00085   1.00000  
 17 10.9865   7734.333659  x:  1.25482   0.13131   0.07123   0.39769   0.46808   0.48609   0.40507   0.56303   0.06617   0.11287   0.21562   0.57239   0.53527   0.08682   0.35621   0.34086   0.58580   0.63315   0.68201   0.67987   0.40648   0.34284   0.42200   0.24399   0.86599   0.31838   0.19108   0.17674   0.26153   0.06191   0.19426   0.22790   0.01938   0.90609   0.16423   0.95504   0.60893   1.99577   1.22524   1.00770   0.00084   1.00000  
 18 11.8245   7729.271310  x:  1.27984   0.14365   0.12780   0.41424   0.48321   0.47522   0.43926   0.61834   0.12310   0.05074   0.22440   0.62524   0.53089   0.05968   0.31135   0.36394   0.63063   0.63892   0.67939   0.72427   0.44526   0.36613   0.42475   0.15699   0.87759   0.31491   0.18566   0.18535   0.21385   0.08175   0.19567   0.20305   0.03158   1.00497   0.17344   1.03442   0.66688   1.97686   1.47198   1.41175   0.00083   1.00000  
 19 24.7979   7715.496501  x:  1.53303   0.14089   0.06373   0.40912   0.52920   0.50075   0.41973   0.62786   0.04990   0.12966   0.29841   0.64017   0.49363   0.08347   0.30589   0.49466   0.73887   0.70566   0.72122   0.82214   0.42896   0.39761   0.43668   0.04842   0.95072   0.37615   0.26578   0.12193   0.26537   0.06893   0.18406   0.19105   0.00714   1.13657   0.14627   1.17143   0.78553   1.92998   2.25011   2.40929   0.00080   1.00000  
 20 83.8573   7711.434883  x:  1.59017   0.13745   0.06944   0.40718   0.53781   0.51190   0.42200   0.63059   0.04089   0.12268   0.29367   0.63370   0.49072   0.07161   0.30637   0.51198   0.75159   0.71930   0.73149   0.82912   0.42029   0.39439   0.43662   0.07945   0.97211   0.39274   0.26692   0.11837   0.26804   0.06980   0.18250   0.18974   0.00000   1.14855   0.14016   1.19186   0.79973   1.92536   2.39008   2.57730   0.00079   1.00000  
 21 218.8255   7705.132235  x:  1.80147   0.13874   0.02448   0.37445   0.53175   0.56203   0.45272   0.65046   0.07951   0.11743   0.26957   0.63940   0.60876   0.08545   0.37974   0.49869   0.73631   0.74492   0.80537   0.81279   0.40472   0.36129   0.47204   0.08406   1.03479   0.36264   0.17199   0.15300   0.25639   0.07527   0.16754   0.18297   0.00426   1.12723   0.13166   1.22750   0.77237   1.97084   2.77973   2.99560   0.00078   1.00000  
 22 93.9132   7703.356690  x:  1.88862   0.13421   0.06876   0.37055   0.51432   0.56631   0.45759   0.66398   0.06527   0.10398   0.23493   0.65711   0.66046   0.09030   0.41509   0.46182   0.72296   0.75852   0.83900   0.78902   0.39409   0.35617   0.49053   0.05940   1.04846   0.36570   0.21311   0.12982   0.26248   0.07516   0.17207   0.17696   0.01083   1.10221   0.13816   1.23977   0.73700   2.01247   2.89302   3.13654   0.00077   1.00000  
 23 51.5938   7702.698476  x:  1.92825   0.12602   0.04567   0.38893   0.51566   0.55888   0.45865   0.67568   0.08273   0.11434   0.21563   0.66758   0.65865   0.08219   0.41495   0.42386   0.71746   0.76920   0.84225   0.77446   0.41589   0.36090   0.48008   0.06492   1.04869   0.37552   0.23723   0.11709   0.26363   0.07654   0.17181   0.16831   0.02020   1.08827   0.15537   1.25131   0.71352   2.03909   2.92683   3.19280   0.00077   1.00000  
 24 21.4944   7702.369368  x:  1.95334   0.12135   0.05403   0.39588   0.51972   0.54258   0.45777   0.68792   0.07058   0.12687   0.21017   0.67984   0.63290   0.08971   0.41431   0.39532   0.73280   0.78967   0.84645   0.77143   0.41507   0.37436   0.47297   0.06257   1.03848   0.38697   0.21650   0.12698   0.26058   0.07749   0.16940   0.17158   0.02412   1.08120   0.16420   1.26628   0.69059   2.05185   2.95400   3.21600   0.00077   1.00000  
 25  8.8337   7701.879289  x:  1.97890   0.12525   0.04766   0.39909   0.51754   0.52912   0.45147   0.68510   0.08571   0.11103   0.23340   0.69268   0.61295   0.08583   0.41355   0.36882   0.75881   0.81262   0.85758   0.78130   0.38699   0.36001   0.48183   0.07725   1.02352   0.35844   0.22857   0.12053   0.26019   0.07747   0.17168   0.17336   0.01763   1.09019   0.15842   1.29800   0.67124   2.04755   3.00703   3.25258   0.00077   1.00000  
 26  3.9267   7699.061457  x:  2.04506   0.11426   0.05168   0.40218   0.49511   0.55462   0.46616   0.65861   0.07580   0.11294   0.22793   0.67185   0.60287   0.05410   0.43495   0.34437   0.77895   0.80455   0.87882   0.79885   0.39755   0.34024   0.48826   0.08694   1.00774   0.38223   0.22325   0.11118   0.25388   0.07963   0.17322   0.16865   0.00000   1.12417   0.17297   1.37392   0.70487   2.01911   3.18608   3.43412   0.00077   1.00000  
 27  7.8464   7699.061457  x:  2.04506   0.11426   0.05168   0.40218   0.49511   0.55462   0.46616   0.65861   0.07580   0.11294   0.22793   0.67185   0.60287   0.05410   0.43495   0.34437   0.77895   0.80455   0.87882   0.79885   0.39755   0.34024   0.48826   0.08694   1.00774   0.38223   0.22325   0.11118   0.25388   0.07963   0.17322   0.16865   0.00000   1.12417   0.17297   1.37392   0.70487   2.01911   3.18608   3.43412   0.00077   1.00000  
 28 39.0474   7551.685222  x:  2.04508   0.11428   0.05171   0.40218   0.49512   0.55463   0.46618   0.65863   0.07580   0.11293   0.22790   0.67184   0.60286   0.05408   0.43494   0.34439   0.77896   0.80457   0.87882   0.79885   0.39755   0.34024   0.48824   0.08702   1.00777   0.38225   0.22319   0.11102   0.25386   0.07965   0.17325   0.16869   0.00002   1.12417   0.17297   1.37393   0.70489   2.01910   3.18608   3.43411   0.07094   1.00000  
 29 27178.2412   7499.442486  x:  2.10661   0.23422   0.17108   0.47223   0.57978   0.63177   0.55258   0.74454   0.15760   0.17362   0.27407   0.72275   0.64831   0.12330   0.48671   0.44975   0.84676   0.88455   0.93892   0.85981   0.46246   0.41084   0.52884   0.26207   1.10839   0.47694   0.21542   0.00000   0.29987   0.18397   0.29090   0.30042   0.74839   1.18225   0.24992   1.42681   0.79388   1.96259   3.51523   3.10581   0.08194   1.00000  
 30 321.5259   7496.244114  x:  2.11494   0.23734   0.17284   0.47670   0.58653   0.64062   0.56112   0.75369   0.15684   0.17234   0.27555   0.72838   0.65174   0.12386   0.49035   0.46091   0.85450   0.89388   0.94611   0.86582   0.46699   0.41588   0.53136   0.26969   1.11950   0.48201   0.21766   0.06282   0.30043   0.18107   0.28988   0.29977   0.79115   1.18669   0.25453   1.43371   0.80235   1.95631   3.54454   3.07663   0.08270   1.00000  
 31 306.0329   7477.313879  x:  2.17828   0.19617   0.11282   0.48223   0.61091   0.69736   0.60603   0.80751   0.09053   0.11355   0.26155   0.76359   0.66228   0.08165   0.49908   0.52774   0.90401   0.95501   0.99472   0.89910   0.47863   0.42807   0.53348   0.24452   1.18777   0.47115   0.18117   0.06160   0.25730   0.05658   0.19415   0.20117   0.82555   1.20252   0.25982   1.48468   0.84755   1.91487   3.67091   2.95130   0.08381   1.00000  
 32 114.0820   7470.676527  x:  2.23416   0.14916   0.05910   0.47810   0.62006   0.73383   0.62556   0.83742   0.03290   0.06484   0.24674   0.78321   0.66313   0.03718   0.49612   0.57214   0.93623   0.99511   1.02788   0.92132   0.48136   0.42372   0.52393   0.21378   1.23851   0.45098   0.18072   0.05602   0.25314   0.13184   0.17625   0.18045   0.80508   1.20941   0.25228   1.52470   0.87552   1.88870   3.74745   2.87572   0.08423   1.00000  
 33 111.1416   7467.176566  x:  2.30814   0.09381   0.05622   0.46797   0.62083   0.76157   0.62274   0.85169   0.05205   0.06169   0.24027   0.79162   0.65750   0.00000   0.48107   0.61151   0.96135   1.02629   1.05651   0.94696   0.48433   0.40608   0.49951   0.20207   1.29289   0.43008   0.18825   0.05297   0.24854   0.11338   0.23454   0.23141   0.76203   1.21223   0.22783   1.56811   0.89512   1.86959   3.79318   2.83131   0.08435   1.00000  
 34 56.3600   7464.543922  x:  2.43727   0.04031   0.11442   0.44533   0.61456   0.78876   0.59379   0.85359   0.07591   0.12295   0.24122   0.79041   0.64063   0.00000   0.44806   0.66033   0.98590   1.05504   1.09298   0.98572   0.48437   0.38203   0.46427   0.21712   1.36804   0.41249   0.19716   0.05067   0.26308   0.12878   0.21433   0.21380   0.73938   1.21583   0.18212   1.63306   0.91217   1.85613   3.80310   2.82371   0.08443   1.00000  
 35 42.7483   7461.101787  x:  2.66410   0.03744   0.11954   0.40432   0.59988   0.82197   0.53671   0.84607   0.02237   0.12790   0.22505   0.77772   0.60480   0.00000   0.37573   0.72141   1.00711   1.07940   1.14518   1.02634   0.46785   0.37968   0.45087   0.22834   1.47119   0.38542   0.17603   0.05483   0.25952   0.12372   0.22168   0.23081   0.77148   1.22645   0.12426   1.73820   0.92703   1.85873   3.75326   2.87789   0.08442   1.00000  
 36 43.3251   7458.736381  x:  2.90762   0.05525   0.07178   0.39368   0.60383   0.85582   0.49881   0.84822   0.08899   0.09846   0.22926   0.77485   0.59384   0.00000   0.29960   0.77238   1.02026   1.09089   1.19776   1.05411   0.46698   0.41525   0.48348   0.23227   1.56061   0.37371   0.19568   0.05449   0.26199   0.13361   0.21392   0.21805   0.78062   1.24388   0.10355   1.84506   0.93593   1.87396   3.70420   2.93203   0.08448   1.00000  
 37 60.1315   7454.871490  x:  3.37514   0.07685   0.06823   0.45383   0.66156   0.90293   0.51848   0.89058   0.04458   0.12260   0.32377   0.80770   0.67431   0.00000   0.20578   0.83161   1.02642   1.06791   1.30060   1.07497   0.50113   0.48072   0.56856   0.26712   1.65651   0.44508   0.23243   0.04958   0.28931   0.13752   0.24089   0.22083   0.69879   1.29439   0.20030   2.02620   0.93485   1.92150   3.63720   3.01038   0.08453   1.00000  
 38 40.4670   7453.462518  x:  3.55790   0.08445   0.09027   0.47993   0.68188   0.91119   0.56654   0.92303   0.06216   0.09764   0.31810   0.82610   0.70258   0.00000   0.22022   0.85429   1.03589   1.05848   1.34253   1.07945   0.51541   0.46699   0.56246   0.27013   1.65720   0.47568   0.18606   0.05320   0.27318   0.15490   0.22162   0.24643   0.66974   1.32401   0.23120   2.08454   0.92336   1.93406   3.60580   3.04742   0.08445   1.00000  
 39 33.2241   7452.016346  x:  3.77135   0.09014   0.08495   0.49445   0.68915   0.90252   0.63483   0.95817   0.06182   0.08170   0.27341   0.84849   0.72092   0.00000   0.28677   0.87621   1.05659   1.05117   1.38588   1.08704   0.53053   0.43278   0.52929   0.25581   1.61737   0.49758   0.22998   0.04934   0.30176   0.15149   0.22765   0.23797   0.65621   1.36938   0.24525   2.13780   0.89700   1.94088   3.57470   3.08659   0.08450   1.00000  
 40 30.8912   7451.092703  x:  3.91777   0.08186   0.05372   0.49458   0.68278   0.88287   0.66247   0.96291   0.06367   0.12417   0.25383   0.86457   0.72726   0.00000   0.34784   0.87852   1.07727   1.05304   1.40038   1.09479   0.54343   0.44730   0.54027   0.23494   1.56661   0.49480   0.21569   0.05010   0.28596   0.16051   0.24722   0.22215   0.64030   1.40761   0.23277   2.16279   0.87296   1.93660   3.57372   3.09468   0.08456   1.00000  
 41 23.9001   7450.202328  x:  4.07038   0.07054   0.07278   0.49179   0.67047   0.85648   0.66134   0.94427   0.05547   0.11013   0.24044   0.87466   0.72414   0.00000   0.39883   0.85717   1.09998   1.06359   1.39132   1.09701   0.53709   0.48302   0.58062   0.22784   1.50257   0.48488   0.22793   0.04763   0.28440   0.16320   0.22523   0.24122   0.60538   1.45495   0.20403   2.17683   0.84933   1.92198   3.60141   3.07659   0.08463   1.00000  
 42 20.2827   7449.388142  x:  4.20909   0.05734   0.07045   0.49659   0.66689   0.83880   0.64229   0.91630   0.05523   0.07369   0.26373   0.87388   0.72093   0.00000   0.41617   0.81227   1.11349   1.07987   1.35345   1.08908   0.50748   0.46135   0.57859   0.24852   1.45142   0.48196   0.20750   0.04732   0.29523   0.16700   0.24030   0.20992   0.57225   1.50035   0.19331   2.17689   0.84229   1.90650   3.63930   3.05008   0.08463   1.00000  
 43 16.9411   7448.869562  x:  4.29538   0.05668   0.04453   0.50045   0.66794   0.83602   0.63282   0.90359   0.05285   0.07622   0.28261   0.86640   0.71607   0.00000   0.41480   0.77730   1.11622   1.09275   1.31681   1.07888   0.49180   0.43338   0.55971   0.25507   1.42896   0.47765   0.21520   0.04598   0.27932   0.16904   0.21856   0.22110   0.55205   1.52472   0.19761   2.17007   0.84467   1.90005   3.66662   3.03148   0.08464   1.00000  
 44 21.0965   7448.395828  x:  4.37430   0.07954   0.05775   0.49712   0.66865   0.85493   0.64060   0.91302   0.04973   0.07867   0.26549   0.84563   0.69694   0.00000   0.39552   0.74270   1.10625   1.11092   1.26423   1.05777   0.50005   0.43225   0.54136   0.22782   1.43271   0.46524   0.22108   0.04445   0.25725   0.17480   0.22257   0.20755   0.52114   1.53118   0.21321   2.14924   0.85538   1.90205   3.69753   3.01225   0.08462   1.00000  
 45 10.5874   7448.112113  x:  4.41647   0.07538   0.05140   0.48826   0.66591   0.87020   0.64838   0.92396   0.04882   0.08310   0.25357   0.83518   0.68869   0.00000   0.38642   0.72766   1.09451   1.12181   1.23314   1.04425   0.51167   0.43995   0.53359   0.21442   1.44532   0.46441   0.20742   0.04406   0.28327   0.17372   0.21512   0.21082   0.50324   1.52289   0.21994   2.12913   0.86040   1.90708   3.71355   3.00494   0.08459   1.00000  
 46 12.8863   7447.699471  x:  4.46149   0.04245   0.04750   0.46364   0.65805   0.89292   0.65584   0.94185   0.04486   0.07127   0.25121   0.83658   0.69710   0.00000   0.39411   0.73003   1.06967   1.13725   1.20793   1.03352   0.51900   0.45264   0.53067   0.22170   1.48253   0.48624   0.21353   0.04241   0.26879   0.17860   0.21448   0.20515   0.48186   1.48321   0.21427   2.08670   0.86212   1.91322   3.72413   3.01033   0.08452   1.00000  
 47  7.3737   7447.140089  x:  4.51726   0.08005   0.04738   0.43709   0.66173   0.92138   0.64837   0.95785   0.04220   0.06546   0.27589   0.85930   0.72670   0.00000   0.42780   0.76592   1.03935   1.16746   1.20581   1.04097   0.50271   0.44568   0.53574   0.20423   1.54083   0.48904   0.21278   0.04027   0.27334   0.18388   0.21158   0.20364   0.42800   1.40811   0.19634   2.02250   0.87148   1.90058   3.74451   3.01759   0.08442   1.00000  
 48  9.8294   7446.650101  x:  4.54856   0.07442   0.04517   0.47085   0.71031   0.92918   0.61967   0.94933   0.03787   0.06873   0.24784   0.86188   0.71184   0.00000   0.43544   0.81402   1.02889   1.19307   1.23351   1.06781   0.49322   0.43647   0.55647   0.20659   1.56452   0.48087   0.21304   0.03891   0.27448   0.18745   0.21100   0.20306   0.38411   1.36421   0.21994   1.98197   0.90974   1.88093   3.75185   3.03989   0.08427   1.00000  
 49  6.0330   7445.304909  x:  4.58905   0.08321   0.05134   0.46218   0.69557   0.89599   0.63688   0.97297   0.02992   0.06113   0.29314   0.86267   0.70338   0.00000   0.30949   0.92145   1.07136   1.23882   1.39877   1.10590   0.54972   0.46210   0.51867   0.21908   1.54171   0.45542   0.21576   0.03551   0.27587   0.19197   0.20932   0.20502   0.26752   1.43021   0.19941   1.97071   1.02271   1.89688   3.78495   3.11027   0.08379   1.00000  
 50  3.6928   7444.588539  x:  4.61681   0.09653   0.04888   0.44279   0.67878   0.89997   0.65068   0.98400   0.03248   0.08685   0.25148   0.86319   0.71932   0.00000   0.22815   0.95750   1.09626   1.24116   1.46278   1.09885   0.50103   0.44077   0.54515   0.22077   1.54475   0.50715   0.21418   0.03295   0.27786   0.19193   0.21150   0.20605   0.20448   1.47776   0.18048   2.00028   1.02899   1.88924   3.82017   3.13481   0.08350   1.00000  
 51  8.1221   7443.989589  x:  4.65295   0.06830   0.06265   0.45444   0.68331   0.92518   0.63528   0.96722   0.03344   0.09230   0.25744   0.87044   0.73570   0.00000   0.19836   0.96855   1.10728   1.20860   1.48856   1.06889   0.48818   0.42059   0.54728   0.17070   1.56335   0.49240   0.21393   0.03225   0.27750   0.18637   0.21061   0.20550   0.19178   1.50258   0.18084   2.05244   0.96317   1.88378   3.84756   3.16085   0.08337   1.00000  
 52  5.6679   7443.285063  x:  4.71352   0.08520   0.05914   0.45561   0.67608   0.95413   0.60412   0.93623   0.03158   0.09574   0.24618   0.86343   0.71598   0.00000   0.21298   0.97719   1.11855   1.15701   1.49865   1.04651   0.51260   0.42285   0.51801   0.20467   1.59803   0.48008   0.20948   0.03101   0.27481   0.17926   0.20976   0.20543   0.14284   1.51157   0.19965   2.13086   0.86427   1.87817   3.89843   3.17816   0.08308   1.00000  
 53  9.6094   7442.736391  x:  4.79563   0.07564   0.06685   0.42490   0.64815   0.94183   0.60735   0.93969   0.03818   0.09832   0.26310   0.83358   0.69339   0.00000   0.25637   0.95876   1.11011   1.12486   1.46448   1.07643   0.47389   0.42528   0.51743   0.20934   1.60295   0.45497   0.20719   0.03106   0.27458   0.16934   0.20975   0.20822   0.12827   1.48007   0.24952   2.19134   0.86892   1.89637   3.93158   3.20384   0.08285   1.00000  
 54  5.0456   7441.655682  x:  4.98967   0.07672   0.07054   0.45597   0.67423   0.89096   0.61210   0.95374   0.03671   0.10013   0.28017   0.80969   0.69034   0.00000   0.30364   0.88201   1.07291   1.10697   1.33534   1.13745   0.49745   0.40976   0.51724   0.21109   1.58455   0.47324   0.20656   0.03080   0.27512   0.14535   0.21396   0.21368   0.11606   1.38763   0.17407   2.27138   0.91561   1.91277   3.98643   3.26666   0.08242   1.00000  
 55  7.6922   7441.161541  x:  5.09557   0.07523   0.07549   0.44439   0.66206   0.87226   0.58111   0.93136   0.04190   0.10567   0.26441   0.84459   0.72390   0.00000   0.32436   0.84675   1.05846   1.14337   1.28807   1.10923   0.51609   0.41854   0.49689   0.21315   1.57473   0.47935   0.20648   0.03177   0.27650   0.13314   0.21553   0.21850   0.12150   1.37176   0.18801   2.26114   0.95710   1.87325   3.99920   3.31124   0.08221   1.00000  
 56  6.6640   7440.694061  x:  5.20578   0.07364   0.07913   0.45200   0.67337   0.89561   0.59168   0.92406   0.04448   0.11877   0.27776   0.84585   0.69147   0.00000   0.34988   0.82464   1.04359   1.20463   1.28821   1.05472   0.49521   0.41380   0.50986   0.24082   1.57444   0.45755   0.20771   0.03255   0.27912   0.11981   0.22015   0.22296   0.12894   1.40277   0.17575   2.16164   0.94577   1.89814   4.01470   3.35430   0.08198   1.00000  
 57  4.4337   7440.468020  x:  5.25852   0.07355   0.07863   0.44649   0.66066   0.89560   0.57835   0.91360   0.04610   0.11639   0.27706   0.81662   0.69152   0.00000   0.34166   0.81331   1.02927   1.18750   1.30487   1.09422   0.50811   0.40175   0.51316   0.22948   1.57797   0.46990   0.20614   0.03307   0.27763   0.11248   0.22026   0.22344   0.13851   1.43142   0.18444   2.07724   0.91586   1.89260   4.03509   3.36645   0.08192   1.00000  
 58  3.5861   7440.376964  x:  5.27385   0.07388   0.07712   0.45292   0.66285   0.88572   0.57986   0.91678   0.04670   0.11803   0.26924   0.82471   0.69468   0.00000   0.32275   0.81783   1.03448   1.14911   1.30630   1.10043   0.48887   0.41837   0.49492   0.23338   1.57407   0.45958   0.20547   0.03341   0.27663   0.10954   0.21995   0.22270   0.14321   1.42855   0.18124   2.04630   0.90529   1.89079   4.04857   3.36986   0.08188   1.00000  
 59  2.2972   7440.277445  x:  5.28036   0.07630   0.07631   0.44844   0.65214   0.87074   0.57789   0.91774   0.04722   0.11758   0.26553   0.82795   0.68600   0.00000   0.30535   0.83692   1.05867   1.09552   1.30683   1.07548   0.49623   0.40171   0.50832   0.23645   1.56336   0.45051   0.20541   0.03392   0.27409   0.10627   0.21895   0.22041   0.14951   1.40898   0.18031   2.03084   0.90764   1.89229   4.06833   3.37418   0.08186   1.00000  
 60  2.1041   7440.212468  x:  5.27061   0.07995   0.07530   0.44782   0.65314   0.87368   0.57522   0.90607   0.04839   0.11608   0.27140   0.81037   0.67734   0.00000   0.30590   0.84725   1.07201   1.08305   1.31228   1.05984   0.49076   0.41047   0.49991   0.22424   1.55015   0.46992   0.20563   0.03409   0.27342   0.10489   0.21838   0.21951   0.15234   1.39726   0.17848   2.04299   0.90916   1.89158   4.08060   3.38313   0.08184   1.00000  
 61  1.3884   7440.006367  x:  5.20052   0.09273   0.07192   0.43411   0.65631   0.89873   0.59190   0.88337   0.04931   0.11305   0.25909   0.80450   0.69362   0.00000   0.29283   0.83391   1.06228   1.10056   1.31467   1.07409   0.48831   0.41280   0.51003   0.22985   1.51170   0.45577   0.20795   0.03577   0.27079   0.10299   0.21739   0.21542   0.15946   1.38906   0.18216   2.12747   0.88417   1.89937   4.11510   3.43125   0.08175   1.00000  
 62  1.4768   7439.914914  x:  5.16295   0.09947   0.07068   0.44003   0.65163   0.88172   0.57763   0.90326   0.04986   0.11136   0.25937   0.82769   0.67312   0.00000   0.30311   0.82211   1.04850   1.10470   1.31019   1.07783   0.48466   0.41462   0.51451   0.22086   1.52386   0.46535   0.20899   0.03638   0.27000   0.10257   0.21690   0.21399   0.15900   1.41522   0.18431   2.16342   0.87854   1.90388   4.13196   3.45705   0.08170   1.00000  
 63  2.2506   7439.881895  x:  5.14867   0.10179   0.06920   0.44914   0.64914   0.87285   0.57493   0.91461   0.04937   0.11081   0.25747   0.81327   0.68383   0.00000   0.31485   0.81876   1.05078   1.10259   1.30472   1.07240   0.48201   0.41741   0.51825   0.22337   1.53909   0.45904   0.20967   0.03670   0.27015   0.10279   0.21688   0.21322   0.15673   1.43346   0.18014   2.17008   0.88318   1.89654   4.13755   3.47190   0.08166   1.00000  
 64  1.5400   7439.857598  x:  5.14045   0.10463   0.06861   0.45019   0.65001   0.87561   0.57681   0.90237   0.04943   0.10971   0.25381   0.81761   0.69005   0.00000   0.32219   0.81552   1.06741   1.09894   1.29640   1.07649   0.48207   0.41834   0.51977   0.22085   1.54848   0.46068   0.20978   0.03692   0.27010   0.10336   0.21662   0.21279   0.15228   1.44455   0.17925   2.15905   0.89152   1.90946   4.14820   3.48763   0.08162   1.00000  
 65  0.6263   7439.821963  x:  5.13151   0.10748   0.06730   0.44731   0.65185   0.88357   0.58950   0.89661   0.04986   0.10832   0.25868   0.82361   0.68090   0.00000   0.32246   0.80695   1.08176   1.09460   1.29127   1.08004   0.48248   0.42012   0.52479   0.21993   1.54897   0.46280   0.21052   0.03743   0.27039   0.10461   0.21656   0.21240   0.14578   1.44855   0.17895   2.13672   0.89534   1.89226   4.16550   3.51679   0.08154   1.00000  
 66  1.1414   7439.735166  x:  5.11782   0.11344   0.06365   0.44125   0.65272   0.87758   0.57203   0.91056   0.05170   0.10599   0.25113   0.81792   0.68353   0.00000   0.31542   0.79535   1.07035   1.10076   1.31203   1.06415   0.48076   0.42009   0.52469   0.21668   1.51721   0.46267   0.20894   0.03869   0.26799   0.10658   0.21376   0.20889   0.13026   1.43082   0.18068   2.07946   0.89194   1.89601   4.23611   3.57271   0.08133   1.00000  
 67  1.2982   7439.719257  x:  5.11187   0.11425   0.06285   0.44823   0.64298   0.86876   0.58056   0.89772   0.05154   0.10542   0.25088   0.81667   0.68198   0.00000   0.31258   0.81113   1.05050   1.10282   1.30531   1.05955   0.47957   0.41925   0.52439   0.21528   1.51364   0.46276   0.20836   0.03901   0.26742   0.10668   0.21292   0.20798   0.12764   1.43147   0.18080   2.07100   0.89033   1.89552   4.25463   3.58457   0.08129   1.00000  
 68  0.8068   7439.703400  x:  5.08615   0.11379   0.06293   0.43478   0.65814   0.86363   0.57883   0.89950   0.05139   0.10459   0.25362   0.81408   0.68255   0.00000   0.31656   0.81989   1.04462   1.10143   1.28768   1.05808   0.48053   0.41865   0.52361   0.21565   1.50757   0.46263   0.20753   0.03975   0.26768   0.10682   0.21223   0.20806   0.12770   1.43536   0.18268   2.06693   0.88482   1.89533   4.28284   3.61114   0.08124   1.00000  
 69  0.2890   7439.634919  x:  4.96138   0.11172   0.06202   0.44831   0.64259   0.87641   0.57130   0.90199   0.04947   0.10493   0.25760   0.81246   0.68036   0.00000   0.34495   0.79126   1.03192   1.08740   1.25575   1.05511   0.47905   0.41602   0.51980   0.21923   1.49245   0.45997   0.20326   0.04328   0.26911   0.10692   0.20916   0.20802   0.13355   1.41883   0.18248   2.05468   0.88023   1.89712   4.41421   3.73455   0.08106   1.00000  
 70  1.2970   7439.621909  x:  4.93590   0.11132   0.06189   0.44791   0.64470   0.85974   0.57829   0.89497   0.04929   0.10491   0.25749   0.81022   0.67931   0.00000   0.34695   0.77685   1.03483   1.09106   1.25775   1.05208   0.47911   0.41532   0.51858   0.21852   1.50015   0.45931   0.20235   0.04394   0.26915   0.10670   0.20847   0.20772   0.13519   1.40910   0.18469   2.05285   0.87365   1.89742   4.44296   3.75931   0.08102   1.00000  
 71  1.3412   7439.598034  x:  4.85418   0.10936   0.06297   0.44276   0.64944   0.86178   0.57898   0.88850   0.04936   0.10649   0.25495   0.81095   0.67907   0.00000   0.34064   0.77576   1.02903   1.08131   1.27336   1.04896   0.47981   0.41382   0.51653   0.21861   1.50257   0.45829   0.20232   0.04532   0.26879   0.10438   0.21012   0.20854   0.13112   1.41666   0.17978   2.05534   0.88392   1.89480   4.54384   3.85509   0.08094   1.00000  
 72  0.2106   7439.583495  x:  4.80347   0.10851   0.06395   0.44839   0.64278   0.85959   0.57610   0.89340   0.04919   0.10704   0.25527   0.81045   0.67989   0.00000   0.33130   0.78465   1.04152   1.08872   1.27196   1.05233   0.47942   0.41340   0.51525   0.21848   1.50074   0.45927   0.20251   0.04618   0.26878   0.10315   0.21131   0.20942   0.12901   1.41647   0.18210   2.05498   0.87807   1.89416   4.60522   3.91828   0.08088   1.00000  
 73  2.4657   7439.571010  x:  4.78595   0.10531   0.06482   0.44683   0.64297   0.86031   0.57796   0.89537   0.05022   0.10741   0.25136   0.81022   0.67828   0.00000   0.33349   0.78793   1.04114   1.09182   1.27313   1.05485   0.47812   0.41538   0.51811   0.21644   1.50145   0.45814   0.20294   0.04705   0.26604   0.10516   0.21240   0.20888   0.13390   1.41568   0.18236   2.04662   0.88148   1.89347   4.76596   4.07696   0.08100   1.00000  
 74  0.0984   7439.535451  x:  4.86195   0.10392   0.06476   0.44464   0.64197   0.86154   0.57576   0.89589   0.05045   0.10584   0.25268   0.81058   0.67838   0.00000   0.33681   0.78156   1.04073   1.09607   1.26483   1.05458   0.47229   0.41319   0.51928   0.21540   1.50327   0.45798   0.20067   0.04877   0.26828   0.10186   0.20963   0.20864   0.12986   1.41880   0.18182   2.04995   0.88255   1.89233   5.47640   4.78286   0.08132   1.00000  
 75  0.2135   7439.512860  x:  4.84217   0.10772   0.06336   0.44849   0.64451   0.86259   0.57729   0.89662   0.05002   0.10660   0.25654   0.81270   0.68080   0.00000   0.32829   0.79194   1.04296   1.09283   1.27980   1.05462   0.48176   0.41483   0.51557   0.21813   1.50660   0.45907   0.20114   0.04973   0.26885   0.10516   0.21158   0.20886   0.13241   1.41990   0.18139   2.06042   0.88062   1.89504   6.02519   5.34293   0.08155   1.00000  
 76  0.4450   7439.502764  x:  4.83523   0.10899   0.06447   0.44780   0.64461   0.86100   0.57729   0.89504   0.04877   0.10753   0.25339   0.81060   0.67948   0.00000   0.33514   0.78503   1.03996   1.09093   1.27035   1.05554   0.47915   0.41595   0.51797   0.21877   1.50339   0.46035   0.20264   0.04939   0.26760   0.10335   0.21251   0.21017   0.13016   1.41369   0.18288   2.05146   0.88051   1.89454   6.50444   5.82043   0.08162   1.00000  
 77  0.3261   7439.490687  x:  4.79412   0.10866   0.06435   0.44687   0.64277   0.85955   0.57661   0.89409   0.05058   0.10693   0.25357   0.81024   0.67873   0.00000   0.33213   0.78481   1.04175   1.09050   1.27126   1.05354   0.47597   0.41322   0.51755   0.21723   1.49932   0.45863   0.20104   0.04725   0.26857   0.10420   0.21082   0.20866   0.13032   1.41725   0.18032   2.05130   0.88063   1.89326   7.42868   6.73942   0.08182   1.00000  
 78  0.3977   7439.487257  x:  4.78649   0.10785   0.06409   0.44687   0.64276   0.85960   0.57637   0.89421   0.04981   0.10712   0.25456   0.81025   0.67904   0.00000   0.33394   0.78412   1.03915   1.09037   1.26958   1.05293   0.47934   0.41448   0.51637   0.21737   1.50089   0.45846   0.20321   0.04590   0.26780   0.10403   0.21168   0.20886   0.13061   1.41401   0.18208   2.04748   0.87983   1.89401   7.80164   7.11409   0.08186   1.00000  
 79  0.3557   7439.486447  x:  4.78128   0.10760   0.06413   0.44773   0.64348   0.85887   0.57677   0.89400   0.04962   0.10668   0.25385   0.81019   0.67928   0.00000   0.33344   0.78375   1.03949   1.08981   1.26968   1.05321   0.47795   0.41432   0.51716   0.21799   1.49951   0.45953   0.20305   0.04542   0.26808   0.10426   0.21163   0.20928   0.13085   1.41417   0.18166   2.04698   0.88025   1.89382   8.03613   7.34854   0.08183   1.00000  
 80  0.1527   7439.483245  x:  4.80126   0.10771   0.06379   0.44701   0.64263   0.85963   0.57661   0.89406   0.05024   0.10691   0.25418   0.80997   0.67804   0.00000   0.33512   0.78360   1.04127   1.09071   1.26940   1.05322   0.47844   0.41404   0.51697   0.21726   1.49932   0.45749   0.20239   0.04517   0.26774   0.10397   0.21182   0.20804   0.13033   1.41684   0.18103   2.05087   0.87978   1.89389   8.92507   8.23620   0.08154   1.00000  
 81  0.1571   7439.480950  x:  4.82453   0.10765   0.06418   0.44712   0.64328   0.86115   0.57681   0.89503   0.04971   0.10689   0.25435   0.81095   0.67960   0.00000   0.33226   0.78689   1.04104   1.09148   1.27287   1.05378   0.47884   0.41434   0.51691   0.21761   1.50286   0.45901   0.20318   0.04578   0.26800   0.10434   0.21129   0.20917   0.13160   1.41651   0.18245   2.05321   0.88011   1.89405   9.47885   8.79232   0.08131   1.00000  
 82  0.4594   7439.480751  x:  4.82978   0.10756   0.06406   0.44748   0.64370   0.86085   0.57703   0.89514   0.04968   0.10682   0.25425   0.81098   0.67967   0.00000   0.33275   0.78658   1.04124   1.09139   1.27246   1.05426   0.47894   0.41465   0.51714   0.21776   1.50262   0.45925   0.20292   0.04595   0.26812   0.10427   0.21185   0.20899   0.13161   1.41626   0.18198   2.05364   0.88032   1.89415   9.68442   8.99827   0.08128   1.00000  
 83  0.2218   7439.480435  x:  4.82958   0.10746   0.06398   0.44760   0.64368   0.86113   0.57697   0.89497   0.04984   0.10677   0.25428   0.81073   0.67905   0.00000   0.33320   0.78623   1.04171   1.09136   1.27254   1.05400   0.47878   0.41458   0.51720   0.21790   1.50242   0.45852   0.20282   0.04607   0.26786   0.10423   0.21148   0.20914   0.13114   1.41744   0.18234   2.05424   0.88011   1.89428  10.61392   9.92754   0.08131   1.00000  
 84  0.2043   7439.480202  x:  4.82446   0.10751   0.06408   0.44724   0.64340   0.86077   0.57693   0.89506   0.04968   0.10685   0.25431   0.81099   0.67973   0.00000   0.33272   0.78640   1.04089   1.09154   1.27222   1.05401   0.47884   0.41445   0.51705   0.21763   1.50249   0.45931   0.20295   0.04604   0.26812   0.10424   0.21170   0.20897   0.13158   1.41616   0.18194   2.05285   0.88033   1.89406  11.37976  10.69337   0.08136   1.00000  
 85  0.5462   7439.480137  x:  4.82428   0.10770   0.06410   0.44755   0.64373   0.86080   0.57693   0.89500   0.04973   0.10685   0.25422   0.81081   0.67941   0.00000   0.33276   0.78639   1.04119   1.09110   1.27237   1.05415   0.47888   0.41467   0.51707   0.21780   1.50248   0.45893   0.20284   0.04607   0.26804   0.10426   0.21168   0.20911   0.13134   1.41623   0.18219   2.05309   0.88021   1.89416  12.18809  11.50174   0.08136   1.00000  
 86  0.4608   7439.480100  x:  4.82535   0.10759   0.06408   0.44729   0.64344   0.86083   0.57696   0.89501   0.04971   0.10684   0.25431   0.81092   0.67957   0.00000   0.33288   0.78632   1.04112   1.09146   1.27226   1.05396   0.47881   0.41446   0.51709   0.21770   1.50237   0.45915   0.20295   0.04604   0.26803   0.10424   0.21166   0.20901   0.13147   1.41642   0.18196   2.05322   0.88025   1.89411  13.03393  12.34752   0.08135   1.00000  
 87  0.4952   7439.480086  x:  4.82493   0.10759   0.06408   0.44743   0.64360   0.86083   0.57691   0.89504   0.04971   0.10685   0.25425   0.81088   0.67953   0.00000   0.33271   0.78645   1.04107   1.09130   1.27235   1.05412   0.47887   0.41459   0.51706   0.21773   1.50256   0.45906   0.20288   0.04603   0.26809   0.10425   0.21169   0.20904   0.13145   1.41625   0.18217   2.05304   0.88026   1.89412  13.86027  13.17390   0.08135   1.00000  
 88  0.5081   7439.480079  x:  4.82507   0.10760   0.06408   0.44739   0.64355   0.86080   0.57696   0.89502   0.04972   0.10684   0.25428   0.81089   0.67952   0.00000   0.33285   0.78634   1.04115   1.09135   1.27229   1.05403   0.47885   0.41454   0.51708   0.21773   1.50240   0.45909   0.20293   0.04603   0.26803   0.10425   0.21166   0.20905   0.13144   1.41634   0.18198   2.05318   0.88025   1.89413  14.68141  13.99503   0.08135   1.00000  
 89  0.5036   7439.480077  x:  4.82503   0.10760   0.06408   0.44737   0.64353   0.86084   0.57693   0.89502   0.04971   0.10685   0.25428   0.81089   0.67953   0.00000   0.33278   0.78639   1.04110   1.09135   1.27232   1.05404   0.47883   0.41453   0.51707   0.21773   1.50248   0.45908   0.20291   0.04604   0.26807   0.10425   0.21168   0.20902   0.13144   1.41634   0.18212   2.05312   0.88024   1.89412  15.46788  14.78150   0.08135   1.00000  
 90  0.5245   7439.480076  x:  4.82500   0.10760   0.06408   0.44740   0.64356   0.86081   0.57694   0.89503   0.04972   0.10684   0.25427   0.81089   0.67954   0.00000   0.33278   0.78639   1.04110   1.09134   1.27231   1.05407   0.47887   0.41456   0.51708   0.21772   1.50247   0.45909   0.20290   0.04604   0.26806   0.10425   0.21167   0.20905   0.13145   1.41629   0.18205   2.05310   0.88026   1.89412  16.24572  15.55934   0.08135   1.00000  
 91  0.5288   7439.480075  x:  4.82503   0.10760   0.06408   0.44739   0.64355   0.86083   0.57694   0.89502   0.04972   0.10684   0.25428   0.81089   0.67953   0.00000   0.33281   0.78637   1.04112   1.09134   1.27231   1.05403   0.47883   0.41453   0.51707   0.21773   1.50245   0.45908   0.20291   0.04604   0.26805   0.10425   0.21168   0.20903   0.13144   1.41633   0.18207   2.05315   0.88025   1.89412  17.07718  16.39080   0.08135   1.00000  
 92  0.5249   7439.480075  x:  4.82503   0.10760   0.06408   0.44739   0.64354   0.86082   0.57694   0.89502   0.04972   0.10684   0.25427   0.81089   0.67954   0.00000   0.33278   0.78639   1.04110   1.09135   1.27232   1.05406   0.47886   0.41455   0.51708   0.21772   1.50247   0.45909   0.20291   0.04604   0.26806   0.10425   0.21167   0.20904   0.13145   1.41632   0.18207   2.05311   0.88026   1.89412  17.87642  17.19004   0.08135   1.00000  
 93  0.4981   7439.480075  x:  4.82502   0.10760   0.06408   0.44739   0.64356   0.86082   0.57694   0.89502   0.04972   0.10684   0.25427   0.81089   0.67953   0.00000   0.33279   0.78638   1.04111   1.09134   1.27231   1.05405   0.47884   0.41454   0.51707   0.21773   1.50246   0.45908   0.20291   0.04604   0.26805   0.10425   0.21167   0.20904   0.13144   1.41632   0.18206   2.05313   0.88025   1.89412  18.95591  18.26953   0.08135   1.00000  
 94  0.5620   7439.480075  x:  4.82503   0.10760   0.06408   0.44739   0.64355   0.86082   0.57694   0.89502   0.04972   0.10684   0.25427   0.81089   0.67953   0.00000   0.33279   0.78638   1.04111   1.09135   1.27231   1.05405   0.47885   0.41455   0.51708   0.21773   1.50246   0.45908   0.20291   0.04604   0.26806   0.10425   0.21167   0.20904   0.13144   1.41632   0.18207   2.05313   0.88025   1.89412  19.47353  18.78715   0.08135   1.00000  
 95  0.4128   7439.480074  x:  4.82502   0.10760   0.06408   0.44739   0.64355   0.86082   0.57694   0.89502   0.04972   0.10684   0.25427   0.81089   0.67953   0.00000   0.33279   0.78638   1.04111   1.09134   1.27231   1.05406   0.47885   0.41455   0.51707   0.21773   1.50247   0.45908   0.20291   0.04604   0.26805   0.10425   0.21167   0.20904   0.13144   1.41632   0.18207   2.05312   0.88026   1.89412  21.35964  20.67326   0.08135   1.00000  
 96  0.5792   7439.480074  x:  4.82502   0.10760   0.06408   0.44739   0.64355   0.86082   0.57694   0.89502   0.04972   0.10684   0.25427   0.81089   0.67953   0.00000   0.33279   0.78638   1.04111   1.09134   1.27231   1.05405   0.47885   0.41455   0.51708   0.21773   1.50246   0.45908   0.20291   0.04604   0.26805   0.10425   0.21167   0.20904   0.13144   1.41632   0.18207   2.05313   0.88025   1.89412  23.79396  23.10758   0.08135   1.00000  
 97  1.9545   7439.480074  x:  4.82502   0.10760   0.06408   0.44739   0.64355   0.86082   0.57694   0.89502   0.04972   0.10684   0.25427   0.81089   0.67953   0.00000   0.33279   0.78638   1.04111   1.09134   1.27231   1.05405   0.47885   0.41455   0.51708   0.21773   1.50246   0.45908   0.20291   0.04604   0.26805   0.10425   0.21167   0.20904   0.13144   1.41632   0.18207   2.05313   0.88025   1.89412  23.74817  23.06179   0.08135   1.00000  
 98  3.4426   7439.480074  x:  4.82502   0.10760   0.06408   0.44739   0.64355   0.86082   0.57694   0.89502   0.04972   0.10684   0.25427   0.81089   0.67953   0.00000   0.33279   0.78638   1.04111   1.09134   1.27231   1.05405   0.47885   0.41455   0.51708   0.21773   1.50246   0.45908   0.20291   0.04604   0.26805   0.10425   0.21167   0.20904   0.13144   1.41632   0.18207   2.05313   0.88025   1.89412  23.74817  23.06179   0.08135   1.00000  
 99 29.7906   7439.480074  x:  4.82502   0.10760   0.06408   0.44739   0.64355   0.86082   0.57694   0.89502   0.04972   0.10684   0.25427   0.81089   0.67953   0.00000   0.33279   0.78638   1.04111   1.09134   1.27231   1.05405   0.47885   0.41455   0.51708   0.21773   1.50246   0.45908   0.20291   0.04604   0.26805   0.10425   0.21167   0.20904   0.13144   1.41632   0.18207   2.05313   0.88025   1.89412  23.74817  23.06179   0.08135   1.00000  
100  0.8660   7439.480074  x:  4.82502   0.10760   0.06408   0.44739   0.64355   0.86082   0.57694   0.89502   0.04972   0.10684   0.25427   0.81089   0.67953   0.00000   0.33279   0.78638   1.04111   1.09134   1.27231   1.05405   0.47885   0.41455   0.51708   0.21773   1.50246   0.45908   0.20291   0.04604   0.26805   0.10425   0.21167   0.20904   0.13144   1.41632   0.18207   2.05313   0.88025   1.89412  23.74817  23.06179   0.08135   1.00000  
101  0.0006   7439.480074  x:  4.82502   0.10760   0.06408   0.44739   0.64355   0.86082   0.57694   0.89502   0.04972   0.10684   0.25427   0.81089   0.67953   0.00000   0.33279   0.78638   1.04111   1.09134   1.27231   1.05405   0.47885   0.41455   0.51708   0.21773   1.50246   0.45908   0.20291   0.04604   0.26805   0.10425   0.21167   0.20904   0.13144   1.41632   0.18207   2.05313   0.88025   1.89412  23.74817  23.06179   0.08135   1.00000  
102  0.0029   7439.480074  x:  4.82502   0.10760   0.06408   0.44739   0.64355   0.86082   0.57694   0.89502   0.04972   0.10684   0.25427   0.81089   0.67953   0.00000   0.33279   0.78638   1.04111   1.09134   1.27231   1.05405   0.47885   0.41455   0.51708   0.21773   1.50246   0.45908   0.20291   0.04604   0.26806   0.10425   0.21167   0.20904   0.13144   1.41632   0.18207   2.05313   0.88025   1.89412  23.74817  23.06179   0.08135   1.00000  
103  0.0012   7439.480074  x:  4.82502   0.10760   0.06408   0.44739   0.64355   0.86082   0.57694   0.89502   0.04972   0.10684   0.25427   0.81089   0.67953   0.00000   0.33279   0.78638   1.04111   1.09134   1.27231   1.05405   0.47885   0.41455   0.51707   0.21773   1.50246   0.45908   0.20291   0.04604   0.26806   0.10425   0.21167   0.20904   0.13144   1.41632   0.18207   2.05313   0.88025   1.89412  23.74817  23.06179   0.08135   1.00000  
104  0.0004   7439.480074  x:  4.82502   0.10760   0.06408   0.44739   0.64355   0.86082   0.57694   0.89502   0.04972   0.10684   0.25427   0.81089   0.67953   0.00000   0.33279   0.78638   1.04111   1.09134   1.27231   1.05405   0.47885   0.41455   0.51707   0.21773   1.50246   0.45908   0.20291   0.04604   0.26806   0.10425   0.21167   0.20904   0.13144   1.41632   0.18207   2.05313   0.88025   1.89412  23.74817  23.06179   0.08135   1.00000  
105  0.0004   7439.480074  x:  4.82502   0.10760   0.06408   0.44739   0.64355   0.86082   0.57694   0.89502   0.04972   0.10684   0.25427   0.81089   0.67953   0.00000   0.33279   0.78638   1.04111   1.09134   1.27231   1.05405   0.47885   0.41455   0.51707   0.21773   1.50246   0.45908   0.20291   0.04604   0.26805   0.10425   0.21167   0.20904   0.13144   1.41632   0.18207   2.05313   0.88025   1.89412  23.74817  23.06179   0.08135   1.00000  