

TREE # 1

  0  0.0000   9216.574127  x:  0.17444   0.02804   0.07307   0.00000   0.21220   0.15259   0.14764   0.15672   0.09176   0.01488   0.10164   0.09888   0.08304   0.02822   0.03654   0.11840   0.16638   0.13073   0.17006   0.12456   0.13600   0.08105   0.05011   0.02312   0.14692   0.15208   0.08109   0.04353   0.13235   0.02986   0.05286   0.04009   0.10565   0.11049   0.05181   0.16210   0.10351   2.00000   1.39835   0.16116   0.29812   1.40136  
  1 99.0000   8110.129629  x:  0.33797   0.14806   0.13392   0.32824   0.26332   0.21861   0.20657   0.22851   0.13385   0.10630   0.15857   0.22674   0.21330   0.09798   0.16484   0.18663   0.24290   0.24157   0.25565   0.23513   0.18588   0.17955   0.21773   0.13214   0.26940   0.19671   0.10968   0.05523   0.15039   0.08441   0.12646   0.14447   0.14683   0.24428   0.15030   0.28324   0.25580   1.99212   1.43154   0.12815   0.00000   1.40110  
  2 3561.0134   7959.801662  x:  0.51965   0.28138   0.20150   0.69284   0.32010   0.29196   0.27205   0.30827   0.18060   0.20783   0.22180   0.36879   0.35800   0.17546   0.30737   0.26244   0.32793   0.36472   0.35075   0.35798   0.24128   0.28898   0.40393   0.25323   0.40549   0.24629   0.14142   0.06822   0.17042   0.14499   0.20821   0.26040   0.19257   0.39292   0.25971   0.41784   0.42499   1.98335   1.46842   0.09147   0.00095   1.40081  
  3 19115.3223   7863.199792  x:  0.63643   0.26064   0.13808   0.67697   0.31462   0.31820   0.30927   0.36605   0.11127   0.14653   0.18037   0.38936   0.36274   0.13193   0.31474   0.29295   0.38594   0.43752   0.40606   0.38774   0.21765   0.26087   0.37801   0.21059   0.48525   0.24348   0.10206   0.00000   0.13666   0.05478   0.13098   0.17479   0.17380   0.43975   0.26394   0.50337   0.47980   1.98050   1.41645   0.14358   0.00094   1.40021  
  4 390.6590   7810.487003  x:  0.79560   0.21345   0.03340   0.62920   0.29997   0.35213   0.34540   0.42919   0.00000   0.05111   0.12272   0.41419   0.36599   0.06625   0.31381   0.32195   0.45105   0.51857   0.47315   0.43036   0.20063   0.22520   0.33484   0.13900   0.59403   0.23827   0.18115   0.13347   0.16566   0.06194   0.08402   0.08293   0.12643   0.50134   0.24941   0.61016   0.53843   1.97637   1.34747   0.21262   0.00092   1.39998  
  5 623.4746   7810.487003  x:  0.79560   0.21345   0.03340   0.62920   0.29997   0.35213   0.34540   0.42919   0.00000   0.05111   0.12272   0.41419   0.36599   0.06625   0.31381   0.32195   0.45105   0.51857   0.47315   0.43036   0.20063   0.22520   0.33484   0.13900   0.59403   0.23827   0.18115   0.13347   0.16566   0.06194   0.08402   0.08293   0.12643   0.50134   0.24941   0.61016   0.53843   1.97637   1.34747   0.21262   0.00092   1.39998  
  6 265.3046   7657.945535  x:  0.79575   0.21337   0.03347   0.62909   0.29996   0.35216   0.34540   0.42922   0.00011   0.05117   0.12276   0.41421   0.36601   0.06626   0.31379   0.32195   0.45109   0.51861   0.47320   0.43043   0.20073   0.22522   0.33481   0.13900   0.59412   0.23827   0.18099   0.13323   0.16562   0.06192   0.08426   0.08320   0.12635   0.50141   0.24934   0.61024   0.53844   1.97636   1.34741   0.21269   0.05984   1.39998  
  7 24963.7734   7592.085536  x:  0.96013   0.22261   0.16555   0.59615   0.35659   0.43090   0.41222   0.51216   0.18155   0.17575   0.22638   0.49304   0.44603   0.15542   0.35852   0.38583   0.53586   0.60506   0.56687   0.54463   0.35379   0.31377   0.37444   0.20949   0.71931   0.30369   0.12810   0.00000   0.21481   0.12977   0.35038   0.36275   0.13650   0.61142   0.24826   0.72493   0.60641   1.93165   1.51122   0.04965   0.06630   1.39826  
  8 400.2706   7590.542143  x:  0.96620   0.22287   0.16988   0.59488   0.35861   0.43378   0.41464   0.51518   0.18756   0.17984   0.22987   0.49588   0.44885   0.15837   0.36010   0.38815   0.53895   0.60823   0.57030   0.54870   0.35905   0.31683   0.37582   0.21181   0.72386   0.30600   0.12655   0.00557   0.21651   0.13179   0.35912   0.37196   0.13682   0.61543   0.24824   0.72917   0.60891   1.93002   1.51692   0.04397   0.06653   1.39820  
  9 2216.9152   7529.407544  x:  1.22418   0.19667   0.12651   0.51733   0.41632   0.54211   0.49423   0.62419   0.15524   0.13602   0.23738   0.58635   0.51283   0.13781   0.39651   0.47057   0.65751   0.73558   0.70437   0.66080   0.41358   0.35847   0.39884   0.19077   0.88766   0.35253   0.20933   0.00480   0.22774   0.00000   0.27378   0.29135   0.12957   0.76450   0.25801   0.91316   0.71107   1.86589   1.60906  -0.04855   0.06951   1.39780  
 10 204.0123   7498.699435  x:  1.49709   0.16073   0.05777   0.43156   0.46833   0.64545   0.56132   0.72418   0.08555   0.06399   0.22809   0.66878   0.56683   0.09225   0.42349   0.54954   0.77214   0.85973   0.83678   0.76653   0.44990   0.38248   0.41463   0.15718   1.05035   0.38958   0.26012   0.00337   0.24001   0.18206   0.17441   0.18975   0.11584   0.91273   0.25902   1.10313   0.80851   1.80489   1.67322  -0.11334   0.07218   1.39763  
 11 505.2344   7486.668545  x:  1.62961   0.14084   0.05104   0.39143   0.48117   0.66899   0.55119   0.73603   0.04658   0.03777   0.21816   0.67780   0.56996   0.04811   0.41036   0.56940   0.80116   0.89283   0.87826   0.79987   0.45210   0.36256   0.40519   0.15055   1.10699   0.38362   0.12674   0.00407   0.18781   0.18689   0.19340   0.18037   0.10105   0.96600   0.22680   1.18074   0.82452   1.79662   1.62502  -0.06569   0.07166   1.39774  
 12 112.3427   7476.063784  x:  1.78442   0.11989   0.08538   0.35741   0.49303   0.67574   0.50774   0.72245   0.04138   0.06502   0.21498   0.66519   0.56090   0.00000   0.37665   0.57815   0.81440   0.90833   0.90804   0.82908   0.44443   0.32716   0.39076   0.16540   1.15467   0.36941   0.14514   0.00409   0.22104   0.18863   0.21612   0.19555   0.08715   1.01490   0.16627   1.25910   0.81634   1.80556   1.52418   0.03412   0.07099   1.39814  
 13 90.5388   7471.818455  x:  1.91696   0.11811   0.06598   0.37564   0.51929   0.67590   0.47487   0.71090   0.09535   0.14019   0.23875   0.66109   0.55522   0.00000   0.35444   0.58207   0.81606   0.90062   0.92655   0.85615   0.45081   0.36397   0.43801   0.18923   1.17682   0.36727   0.14863   0.00425   0.18434   0.19942   0.17948   0.18692   0.12350   1.04994   0.14472   1.31963   0.79521   1.82611   1.43091   0.12580   0.07073   1.39896  
 14 71.9090   7469.933112  x:  1.98465   0.12107   0.02227   0.41086   0.53557   0.67539   0.47483   0.71504   0.08146   0.13431   0.24166   0.66639   0.55236   0.00000   0.35104   0.58245   0.81289   0.88418   0.93499   0.86422   0.44633   0.39903   0.47573   0.19662   1.17369   0.37242   0.15089   0.00425   0.20584   0.19759   0.19898   0.20345   0.14668   1.06095   0.16619   1.34672   0.77932   1.84312   1.38301   0.17222   0.07064   1.39983  
 15 43.6252   7468.545934  x:  2.05792   0.13118   0.06271   0.46962   0.55301   0.67467   0.49106   0.72980   0.05995   0.10815   0.24137   0.67874   0.55622   0.00000   0.35980   0.58444   0.80954   0.85973   0.94454   0.87138   0.43710   0.43400   0.51088   0.21054   1.16073   0.38953   0.15061   0.00428   0.21417   0.19999   0.20353   0.20025   0.16485   1.06759   0.20573   1.37176   0.75919   1.86270   1.33390   0.21903   0.07070   1.40127  
 16 46.9511   7467.580624  x:  2.11746   0.11566   0.05480   0.52520   0.54183   0.66920   0.52616   0.75273   0.06450   0.10228   0.25488   0.69995   0.58093   0.00000   0.39141   0.59329   0.81493   0.83762   0.95132   0.87946   0.43222   0.41158   0.48775   0.20835   1.13969   0.39709   0.16282   0.00430   0.19164   0.20249   0.20683   0.20547   0.13490   1.05841   0.23679   1.38441   0.73624   1.88110   1.29855   0.25069   0.07063   1.40368  
 17 17.6922   7467.267971  x:  2.13979   0.11813   0.05142   0.54292   0.52944   0.66487   0.53626   0.75778   0.07182   0.10816   0.25618   0.70478   0.58848   0.00000   0.40591   0.59724   0.81981   0.83196   0.95112   0.88232   0.43354   0.40263   0.47848   0.20712   1.13173   0.39916   0.14950   0.00433   0.21129   0.20240   0.19865   0.19582   0.12673   1.05552   0.24388   1.38781   0.72789   1.88567   1.29027   0.25688   0.07066   1.40509  
 18 18.1040   7466.652436  x:  2.19556   0.15523   0.04585   0.56075   0.47122   0.64850   0.53589   0.74709   0.05837   0.11217   0.22148   0.69429   0.58425   0.00000   0.43766   0.60372   0.84153   0.83412   0.93806   0.88299   0.43522   0.39515   0.47186   0.19862   1.12050   0.39981   0.15112   0.00434   0.20211   0.20283   0.19458   0.19237   0.13188   1.05782   0.23482   1.39445   0.71490   1.88280   1.28925   0.24953   0.07077   1.41083  
 19  7.9612   7465.997830  x:  2.25162   0.11903   0.04398   0.57256   0.44765   0.65001   0.52349   0.72351   0.06561   0.08731   0.20936   0.68096   0.57329   0.00000   0.44168   0.59170   0.85079   0.83689   0.91204   0.86718   0.41969   0.40085   0.48979   0.19809   1.12100   0.39519   0.14977   0.00433   0.19827   0.20194   0.19461   0.17311   0.11251   1.05785   0.21052   1.40014   0.71256   1.87640   1.29937   0.22628   0.07088   1.42001  
 20  7.2949   7465.428270  x:  2.29768   0.10211   0.04527   0.57283   0.45527   0.66144   0.51682   0.70963   0.04223   0.08953   0.22398   0.67500   0.56972   0.00000   0.43400   0.57356   0.84701   0.83718   0.89207   0.84910   0.39166   0.38708   0.48887   0.19206   1.12436   0.38802   0.14389   0.00436   0.19781   0.20086   0.17137   0.18464   0.11987   1.06264   0.20287   1.40527   0.71994   1.86988   1.30819   0.20373   0.07104   1.42972  
 21 12.1325   7464.957489  x:  2.33401   0.10937   0.04222   0.56094   0.47423   0.67379   0.51614   0.70749   0.04233   0.09052   0.23184   0.67382   0.56506   0.00000   0.42142   0.55755   0.83531   0.83711   0.88172   0.83483   0.37021   0.36959   0.47546   0.18839   1.12855   0.38548   0.14549   0.00437   0.19377   0.20095   0.18547   0.16134   0.13675   1.06925   0.20749   1.40968   0.72920   1.86543   1.30903   0.18935   0.07122   1.43941  
 22 13.6036   7464.200170  x:  2.38345   0.12346   0.03864   0.51444   0.50304   0.68688   0.52147   0.72192   0.06858   0.06707   0.20883   0.67891   0.55002   0.00000   0.40249   0.54281   0.80869   0.83967   0.88622   0.82051   0.37583   0.36650   0.45372   0.18308   1.13358   0.38816   0.14703   0.00442   0.19443   0.19981   0.16871   0.17211   0.13650   1.07436   0.22016   1.41494   0.73604   1.86415   1.28985   0.18273   0.07132   1.45812  
 23 10.0436   7462.720055  x:  2.46684   0.12423   0.04131   0.41820   0.54441   0.69660   0.52540   0.75137   0.05021   0.08909   0.18511   0.69623   0.53942   0.05093   0.38326   0.53145   0.76599   0.84947   0.91371   0.81091   0.41107   0.39160   0.44037   0.17151   1.13767   0.39845   0.15434   0.00446   0.19604   0.19784   0.16551   0.16204   0.10151   1.07223   0.23792   1.42141   0.73896   1.86704   1.24619   0.17299   0.07150   1.49700  
 24 23.0006   7459.566068  x:  2.60761   0.13904   0.04487   0.32128   0.58044   0.66902   0.48731   0.77911   0.03626   0.06865   0.23436   0.70915   0.62364   0.00000   0.37184   0.58042   0.76892   0.92665   0.99832   0.81294   0.43021   0.38516   0.47622   0.18059   1.15625   0.42169   0.17535   0.00453   0.20946   0.19173   0.16906   0.15636   0.09024   1.07798   0.21869   1.44656   0.73009   1.87188   1.14874   0.15645   0.07213   1.58056  
 25 13.7578   7454.196330  x:  2.88079   0.10275   0.05576   0.35912   0.67201   0.66377   0.44718   0.81047   0.07063   0.07679   0.19866   0.68580   0.65713   0.08182   0.36105   0.70977   0.85212   1.07772   1.12843   0.89808   0.37666   0.31910   0.50798   0.17380   1.21874   0.42810   0.20848   0.00482   0.24561   0.17733   0.18091   0.18850   0.12699   1.12211   0.18182   1.53790   0.76903   1.86833   0.98244   0.09632   0.07361   1.74698  
 26 29.4825   7450.061959  x:  3.08839   0.08033   0.06166   0.46736   0.66359   0.72800   0.50695   0.82472   0.03698   0.12361   0.20056   0.67600   0.60880   0.00000   0.28738   0.75434   0.90095   1.12467   1.15367   0.92810   0.44183   0.35097   0.44312   0.21338   1.30668   0.39659   0.23820   0.00501   0.26941   0.16770   0.19631   0.18962   0.11642   1.20105   0.12341   1.63792   0.82145   1.86274   0.86316   0.04739   0.07458   1.87045  
 27 29.6830   7448.178018  x:  3.20815   0.09754   0.06922   0.46939   0.55048   0.76727   0.52218   0.78746   0.05359   0.11929   0.25910   0.72031   0.59425   0.01649   0.26171   0.73454   0.91745   1.07389   1.13589   0.95133   0.41677   0.36316   0.44539   0.23405   1.37279   0.38027   0.25390   0.00511   0.28162   0.16125   0.19906   0.20309   0.08971   1.26352   0.15767   1.71576   0.87073   1.87101   0.81199   0.01642   0.07497   1.93042  
 28 19.8428   7447.568483  x:  3.26217   0.07929   0.07187   0.45609   0.53584   0.79194   0.53290   0.77843   0.05480   0.12454   0.24146   0.74238   0.61675   0.00775   0.29328   0.69951   0.91867   0.99863   1.11503   0.95647   0.43072   0.33915   0.46472   0.22145   1.39104   0.41144   0.25833   0.00508   0.28632   0.15766   0.20308   0.20576   0.11530   1.28370   0.12893   1.75087   0.85992   1.88454   0.80466  -0.00761   0.07514   1.95270  
 29  9.1406   7447.389785  x:  3.27700   0.08328   0.07261   0.45291   0.54541   0.79476   0.52821   0.77552   0.05576   0.12782   0.23875   0.73835   0.61885   0.00000   0.30806   0.69176   0.92513   0.98411   1.10896   0.95719   0.42906   0.34098   0.46650   0.21475   1.39287   0.40818   0.25914   0.00509   0.28688   0.15692   0.20443   0.20631   0.10734   1.28494   0.13110   1.75961   0.85596   1.88317   0.80443  -0.01466   0.07518   1.95770  
 30  7.1788   7447.177646  x:  3.31350   0.07571   0.07009   0.43524   0.56024   0.78692   0.51984   0.77939   0.05317   0.12409   0.24718   0.72391   0.61009   0.00000   0.34369   0.67537   0.95088   0.96843   1.09170   0.96165   0.43171   0.34945   0.44945   0.24312   1.39014   0.41250   0.26045   0.00511   0.28730   0.15525   0.20394   0.20630   0.11508   1.27956   0.14158   1.77494   0.84315   1.87637   0.79971  -0.02969   0.07531   1.97072  
 31  5.6098   7446.875820  x:  3.36756   0.08417   0.07246   0.42444   0.57117   0.77266   0.53736   0.81084   0.05551   0.10994   0.26936   0.72896   0.60811   0.00000   0.35114   0.65092   0.98024   0.98223   1.06154   0.96444   0.44349   0.35626   0.45353   0.24246   1.37646   0.38799   0.26304   0.00519   0.28909   0.15294   0.20484   0.20720   0.12811   1.26591   0.12488   1.78587   0.82697   1.87222   0.78364  -0.04717   0.07548   1.99217  
 32  4.2836   7446.132301  x:  3.51306   0.08492   0.07450   0.42452   0.58670   0.75199   0.53887   0.83809   0.05489   0.12490   0.25360   0.74506   0.62878   0.00000   0.32999   0.61042   1.01588   1.04991   1.00898   0.96038   0.47298   0.34240   0.48198   0.23583   1.35813   0.42206   0.26455   0.00535   0.29039   0.14596   0.20936   0.21152   0.12288   1.25157   0.16899   1.80653   0.84130   1.87177   0.73091  -0.09654   0.07605   2.05694  
 33  6.0954   7444.172474  x:  3.84067   0.10707   0.07526   0.45201   0.61218   0.79408   0.54245   0.82967   0.05721   0.12424   0.25896   0.80700   0.65546   0.00000   0.38518   0.60770   0.97145   1.16708   1.08096   0.99451   0.44812   0.43027   0.45404   0.19452   1.34664   0.50562   0.26478   0.00579   0.29809   0.12801   0.22077   0.21908   0.13208   1.25939   0.14528   1.81502   0.88573   1.89618   0.57038  -0.22141   0.07770   2.23661  
 34  9.8512   7442.321605  x:  4.09144   0.11238   0.07754   0.45851   0.62756   0.85882   0.58359   0.84883   0.04487   0.11839   0.25795   0.77851   0.66009   0.00000   0.43731   0.68614   0.91311   1.18258   1.20181   1.04865   0.49758   0.39859   0.53842   0.22540   1.39900   0.45055   0.26749   0.00641   0.30038   0.11246   0.22670   0.21480   0.14784   1.31312   0.18669   1.82306   0.91240   1.87491   0.40508  -0.33187   0.07937   2.40920  
 35 15.9082   7441.328714  x:  4.14301   0.13956   0.06935   0.46285   0.66342   0.84201   0.58370   0.90746   0.03609   0.11556   0.23900   0.79660   0.69601   0.00000   0.36325   0.79704   0.98820   1.11052   1.23764   1.05144   0.47544   0.41851   0.54251   0.24971   1.49342   0.47582   0.26232   0.00668   0.29842   0.10559   0.22273   0.21329   0.12709   1.39825   0.18376   1.86567   0.87021   1.88987   0.31136  -0.38859   0.08027   2.50171  
 36  7.3903   7441.065369  x:  4.14619   0.11956   0.07767   0.45622   0.66313   0.83276   0.57117   0.91604   0.03901   0.11343   0.24265   0.80287   0.69623   0.00000   0.34643   0.82429   1.02742   1.08643   1.25814   1.04890   0.48752   0.43255   0.53015   0.20962   1.50662   0.47266   0.26230   0.00679   0.29958   0.10352   0.22637   0.21148   0.14860   1.41934   0.20411   1.89838   0.86619   1.88812   0.27840  -0.39773   0.08046   2.52718  
 37  7.5150   7440.898236  x:  4.13192   0.12954   0.07626   0.45617   0.66895   0.83955   0.57084   0.91102   0.03874   0.11068   0.25349   0.80837   0.67157   0.00000   0.32816   0.81195   1.06272   1.07294   1.30277   1.05504   0.49530   0.42031   0.53939   0.20537   1.47781   0.49180   0.26089   0.00685   0.29782   0.10243   0.22545   0.21024   0.14008   1.40977   0.19741   1.97423   0.87200   1.88583   0.25671  -0.40889   0.08064   2.54571  
 38  2.8225   7440.820356  x:  4.12832   0.12526   0.07696   0.44958   0.66495   0.84493   0.57973   0.91039   0.04044   0.11706   0.23807   0.80707   0.68811   0.00000   0.31996   0.80048   1.07109   1.07365   1.32147   1.05468   0.48262   0.42733   0.53782   0.21575   1.46339   0.47785   0.25894   0.00692   0.29702   0.10195   0.22607   0.21047   0.14240   1.39993   0.19827   2.02099   0.87393   1.89220   0.24661  -0.41760   0.08073   2.55573  
 39  2.8527   7440.745113  x:  4.13458   0.12738   0.07536   0.45965   0.66527   0.84380   0.56829   0.90189   0.04003   0.10809   0.23975   0.80596   0.70206   0.00000   0.31873   0.79692   1.04920   1.09003   1.31887   1.05374   0.49697   0.42524   0.52768   0.21976   1.47403   0.47015   0.25775   0.00698   0.29469   0.10139   0.22334   0.20869   0.14352   1.39673   0.20108   2.06074   0.85883   1.90256   0.23908  -0.43350   0.08084   2.56662  
 40  1.1818   7440.595875  x:  4.16289   0.12083   0.07519   0.45448   0.65697   0.83900   0.57900   0.91509   0.04482   0.11072   0.24801   0.79391   0.69163   0.00000   0.33822   0.80322   1.00674   1.12064   1.29380   1.05005   0.48311   0.42384   0.52985   0.20898   1.49930   0.48144   0.25337   0.00712   0.29161   0.10004   0.22349   0.20947   0.13821   1.39690   0.20321   2.11838   0.83046   1.89733   0.21049  -0.45978   0.08102   2.59210  
 41  2.5343   7440.365887  x:  4.23872   0.11469   0.07240   0.44013   0.67152   0.83942   0.57061   0.91079   0.04728   0.10853   0.24646   0.83872   0.68379   0.00000   0.36772   0.81909   1.00091   1.12670   1.24947   1.06866   0.48291   0.41779   0.53173   0.22128   1.49429   0.46544   0.24782   0.00739   0.28588   0.09868   0.22246   0.20852   0.12814   1.41259   0.19069   2.11690   0.87091   1.89669   0.15368  -0.49682   0.08134   2.63415  
 42  1.7799   7440.131283  x:  4.34345   0.11374   0.06700   0.43171   0.66613   0.85917   0.57840   0.90951   0.05545   0.09739   0.26208   0.79930   0.70483   0.00000   0.35579   0.81009   1.02111   1.11643   1.25003   1.06706   0.49132   0.41967   0.52323   0.21808   1.48818   0.47617   0.24158   0.00763   0.27920   0.09736   0.21833   0.20863   0.11861   1.42321   0.17945   2.06924   0.91099   1.89950   0.10207  -0.54044   0.08162   2.67501  
 43  3.5842   7439.967879  x:  4.44762   0.10600   0.06560   0.42980   0.65671   0.86040   0.57069   0.90524   0.05996   0.10215   0.26033   0.81333   0.68683   0.00000   0.32650   0.79171   1.04193   1.10015   1.29471   1.05692   0.48346   0.41185   0.51863   0.21882   1.49918   0.46523   0.23614   0.00780   0.27343   0.09567   0.21630   0.20757   0.11608   1.40544   0.18470   2.01842   0.88358   1.89825   0.08836  -0.59678   0.08188   2.70428  
 44  3.5550   7439.954112  x:  4.46097   0.10687   0.06532   0.42955   0.65719   0.85565   0.57517   0.89731   0.06008   0.10164   0.26047   0.81402   0.68852   0.00000   0.32009   0.80241   1.03877   1.09239   1.29338   1.05416   0.48405   0.41265   0.51673   0.21826   1.50048   0.46626   0.23581   0.00782   0.27296   0.09578   0.21594   0.20777   0.11817   1.38955   0.18299   2.02028   0.88739   1.88704   0.08703  -0.60233   0.08190   2.70532  
 45  0.5930   7439.940059  x:  4.47514   0.10699   0.06574   0.42655   0.65696   0.85229   0.57834   0.89359   0.05933   0.10176   0.26192   0.81011   0.68376   0.00000   0.31661   0.81387   1.03651   1.08671   1.28975   1.05355   0.48368   0.41186   0.51644   0.21625   1.49898   0.46583   0.23532   0.00784   0.27214   0.09615   0.21543   0.20738   0.11989   1.37913   0.18248   2.02344   0.89171   1.89988   0.08783  -0.61147   0.08193   2.70564  
 46  0.7365   7439.850713  x:  4.53411   0.10385   0.06491   0.43110   0.63936   0.86904   0.56351   0.89850   0.05486   0.10410   0.26096   0.80380   0.67910   0.00000   0.30943   0.82067   1.02187   1.07798   1.26877   1.05459   0.47803   0.41135   0.51137   0.21467   1.46172   0.46421   0.23172   0.00802   0.26765   0.10101   0.21264   0.20721   0.12597   1.39832   0.18286   2.02921   0.87698   1.89233   0.06989  -0.65079   0.08203   2.70185  
 47  0.4331   7439.770475  x:  4.57185   0.10511   0.06407   0.44082   0.63310   0.86100   0.57737   0.88311   0.05134   0.10772   0.25682   0.80662   0.67390   0.00000   0.33062   0.78823   1.02996   1.08496   1.26363   1.03262   0.47677   0.40937   0.51312   0.21499   1.48568   0.46276   0.22867   0.00820   0.26468   0.10629   0.21089   0.20805   0.13284   1.40582   0.18256   2.02530   0.88180   1.89456   0.03586  -0.67038   0.08208   2.69708  
 48  1.2091   7439.763024  x:  4.57586   0.10498   0.06404   0.44212   0.63276   0.85624   0.57762   0.88375   0.05021   0.10739   0.25610   0.80483   0.67442   0.00000   0.33013   0.77975   1.02904   1.08325   1.26227   1.04577   0.47567   0.41014   0.51247   0.21323   1.49143   0.46322   0.22836   0.00822   0.26450   0.10674   0.21058   0.20768   0.13317   1.40352   0.18272   2.02412   0.88311   1.89414   0.03218  -0.67327   0.08208   2.69660  
 49  0.7781   7439.757466  x:  4.58960   0.10599   0.06393   0.44527   0.63093   0.86065   0.56978   0.89401   0.05008   0.10782   0.25563   0.80557   0.67454   0.00000   0.33258   0.77831   1.03002   1.08171   1.26170   1.04466   0.47588   0.41063   0.51361   0.21425   1.49577   0.46381   0.22867   0.00826   0.26506   0.10704   0.21100   0.20763   0.13350   1.39630   0.18147   2.02537   0.88745   1.89430   0.02340  -0.67896   0.08211   2.69424  
 50  0.1264   7439.719800  x:  4.69804   0.10860   0.06370   0.44844   0.64185   0.86423   0.57765   0.88826   0.05018   0.10713   0.25469   0.80983   0.67739   0.00000   0.33642   0.77891   1.04248   1.08556   1.25483   1.05239   0.48000   0.41309   0.52008   0.21770   1.49214   0.46981   0.23137   0.00857   0.26919   0.10877   0.21362   0.20630   0.13247   1.39907   0.18208   2.03082   0.87821   1.89641  -0.03827  -0.72819   0.08232   2.67497  
 51  0.5256   7439.716398  x:  4.70948   0.10802   0.06353   0.45040   0.64281   0.85524   0.57760   0.89085   0.05036   0.10723   0.25456   0.80931   0.67727   0.00000   0.33689   0.77752   1.03971   1.08380   1.25735   1.05011   0.48022   0.41321   0.52031   0.21830   1.48988   0.46959   0.23154   0.00860   0.26947   0.10884   0.21375   0.20617   0.13175   1.40393   0.18073   2.03286   0.88161   1.89577  -0.04255  -0.73465   0.08234   2.67236  
 52  0.6103   7439.697059  x:  4.78739   0.10527   0.06536   0.44204   0.64218   0.85604   0.57629   0.89340   0.05145   0.10570   0.25514   0.80640   0.68067   0.00000   0.33474   0.78151   1.03790   1.08917   1.26407   1.04925   0.48061   0.41340   0.51613   0.21461   1.49268   0.46580   0.23152   0.00908   0.27080   0.10946   0.21436   0.20727   0.13009   1.40320   0.18392   2.04584   0.88061   1.89651  -0.10611  -0.79314   0.08232   2.58537  
 53  0.0601   7439.639138  x:  4.86997   0.12008   0.06523   0.43531   0.64422   0.86056   0.57259   0.89013   0.05236   0.10536   0.25507   0.81143   0.67895   0.00000   0.32823   0.79375   1.03416   1.09278   1.28263   1.05384   0.47620   0.40705   0.51909   0.21818   1.49945   0.46906   0.23427   0.01081   0.27313   0.11199   0.20857   0.20741   0.12392   1.41345   0.18317   2.03628   0.88608   1.89652  -0.25291  -0.93965   0.08122   1.91286  
 54  0.0887   7439.474687  x:  4.96942   0.12103   0.06616   0.43471   0.64747   0.86465   0.57311   0.89344   0.05140   0.10442   0.25525   0.81585   0.68153   0.00000   0.32500   0.80301   1.03633   1.10003   1.29401   1.05654   0.47587   0.40901   0.52181   0.21789   1.50650   0.47073   0.23339   0.01301   0.27322   0.11254   0.20899   0.20718   0.12488   1.42109   0.18517   2.04987   0.88787   1.89683  -0.43670  -1.11585   0.07995   1.00000  
 55  0.6894   7439.463467  x:  5.02842   0.12116   0.06651   0.43465   0.64914   0.86699   0.57361   0.89534   0.05095   0.10403   0.25537   0.81798   0.68295   0.00000   0.32356   0.80746   1.03806   1.10358   1.29956   1.05810   0.47602   0.41006   0.52307   0.21779   1.51040   0.47136   0.23252   0.01420   0.27312   0.11271   0.20930   0.20711   0.12549   1.42525   0.18611   2.05834   0.88871   1.89705  -0.54342  -1.21849   0.07930   1.00000  
 56  5.3568   7439.408729  x:  4.99134   0.10729   0.06631   0.44470   0.64922   0.86683   0.57904   0.90026   0.04902   0.10465   0.25579   0.81728   0.68526   0.00000   0.32794   0.80124   1.04563   1.10290   1.28768   1.05650   0.48062   0.41774   0.52331   0.21541   1.50952   0.47064   0.22860   0.01418   0.26971   0.10949   0.21516   0.20658   0.13361   1.42201   0.18703   2.07578   0.88538   1.89717  -0.51600  -1.18834   0.07932   1.00000  
 57  0.0581   7439.395798  x:  5.01137   0.10631   0.06383   0.44597   0.64595   0.86838   0.58025   0.89831   0.05136   0.10661   0.25620   0.81292   0.68328   0.00000   0.33071   0.79423   1.05106   1.09479   1.28081   1.05781   0.48270   0.41360   0.51950   0.21758   1.50992   0.46707   0.22698   0.01458   0.26931   0.10842   0.21321   0.20751   0.13243   1.42191   0.18429   2.08010   0.88465   1.89767  -0.51993  -1.19819   0.07927   1.00000  
 58  0.0109   7439.381184  x:  5.06411   0.10846   0.06332   0.44669   0.64567   0.86624   0.58020   0.89905   0.05006   0.10554   0.25470   0.81308   0.67968   0.00000   0.33110   0.79440   1.05067   1.09489   1.27887   1.05793   0.48200   0.41480   0.51920   0.21873   1.50828   0.46554   0.22539   0.01521   0.27179   0.10767   0.21387   0.20881   0.13354   1.42352   0.18408   2.08042   0.88379   1.89738  -0.57013  -1.24386   0.07975   1.00000  
 59  0.0204   7439.341554  x:  4.94242   0.10574   0.06488   0.44993   0.64395   0.86082   0.57677   0.89289   0.05230   0.10751   0.25492   0.81049   0.68546   0.00000   0.33246   0.79040   1.04104   1.09495   1.27531   1.05158   0.47846   0.41535   0.52040   0.21271   1.50069   0.46445   0.22310   0.01699   0.26995   0.10654   0.21257   0.20543   0.13071   1.41118   0.18459   2.05271   0.88230   1.89601  -0.69663  -1.37921   0.08064   1.00000  
 60  0.0340   7439.323278  x:  4.83994   0.10835   0.06479   0.44542   0.64225   0.85962   0.57706   0.89310   0.05018   0.10640   0.25560   0.80894   0.67991   0.00000   0.33334   0.78536   1.04063   1.08982   1.26895   1.05197   0.47959   0.41211   0.51827   0.21728   1.49739   0.46442   0.22430   0.01798   0.26893   0.10719   0.21311   0.20731   0.13030   1.41055   0.18293   2.05019   0.88084   1.89674  -0.75355  -1.44063   0.08088   1.00000  
 61  0.0733   7439.321486  x:  4.84078   0.10670   0.06459   0.44597   0.64369   0.86048   0.57786   0.89478   0.05080   0.10621   0.25468   0.81046   0.68014   0.00000   0.33339   0.78682   1.04388   1.08961   1.27023   1.05288   0.48061   0.41383   0.51815   0.21653   1.50011   0.46414   0.22508   0.01832   0.26986   0.10760   0.21310   0.20747   0.13198   1.41265   0.18341   2.05444   0.88209   1.89571  -0.75625  -1.44022   0.08089   1.00000  
 62  0.0048   7439.318099  x:  4.83889   0.10746   0.06225   0.44476   0.64552   0.86458   0.57875   0.89510   0.05143   0.10647   0.25498   0.81077   0.68056   0.00000   0.32975   0.79059   1.03909   1.09503   1.27676   1.05435   0.48048   0.41416   0.51862   0.21702   1.50228   0.46578   0.22344   0.01903   0.26906   0.10862   0.21318   0.20793   0.13060   1.41389   0.18258   2.05735   0.88470   1.89635  -0.63041  -1.31464   0.08098   1.00000  
 63  0.0223   7439.296615  x:  4.83872   0.10722   0.06355   0.44398   0.64397   0.86389   0.57792   0.89625   0.04933   0.10847   0.25763   0.81243   0.68297   0.00000   0.33393   0.78761   1.04902   1.09165   1.27664   1.05678   0.48364   0.41442   0.51888   0.21546   1.50676   0.46243   0.22238   0.02078   0.27087   0.10876   0.21409   0.20854   0.13243   1.41981   0.18415   2.05498   0.88552   1.89600  -0.02191  -0.70250   0.08116   1.00000  
 64  0.1079   7439.281360  x:  4.83461   0.10708   0.06382   0.44390   0.64368   0.86266   0.57761   0.89702   0.04880   0.10859   0.25891   0.81325   0.68366   0.00000   0.33415   0.78779   1.05205   1.09064   1.27676   1.05749   0.48437   0.41471   0.51900   0.21583   1.50831   0.46062   0.21949   0.02389   0.27123   0.10862   0.21422   0.20875   0.13273   1.42125   0.18419   2.05536   0.88485   1.89543   0.63670  -0.04272   0.08124   1.00000  
 65  1.0892   7439.248822  x:  4.82914   0.10712   0.06573   0.44712   0.64247   0.85585   0.57679   0.89508   0.05019   0.10511   0.25559   0.81066   0.67970   0.00000   0.33288   0.78722   1.04458   1.08803   1.26779   1.05207   0.47939   0.41382   0.51802   0.21828   1.49908   0.45999   0.21465   0.03022   0.26933   0.10575   0.21237   0.20753   0.13152   1.41165   0.18246   2.05334   0.87798   1.89417   1.02981   0.34478   0.08097   1.00000  
 66  0.2463   7439.244824  x:  4.83830   0.10745   0.06451   0.44686   0.64333   0.86054   0.57756   0.89456   0.05047   0.10619   0.25413   0.81020   0.67971   0.00000   0.33280   0.78728   1.04121   1.09134   1.27137   1.05311   0.47935   0.41383   0.51783   0.21714   1.50035   0.46116   0.21464   0.03075   0.26886   0.10595   0.21232   0.20804   0.13133   1.41364   0.18250   2.05388   0.88097   1.89506   0.91893   0.23362   0.08096   1.00000  
 67  0.1479   7439.244246  x:  4.84009   0.10744   0.06419   0.44669   0.64363   0.86149   0.57760   0.89465   0.05034   0.10659   0.25418   0.81041   0.67994   0.00000   0.33290   0.78711   1.04135   1.09162   1.27230   1.05357   0.47961   0.41398   0.51777   0.21686   1.50133   0.46092   0.21406   0.03165   0.26879   0.10598   0.21242   0.20824   0.13138   1.41477   0.18263   2.05385   0.88161   1.89517   1.01416   0.32927   0.08098   1.00000  
 68  0.1649   7439.244141  x:  4.83999   0.10736   0.06424   0.44661   0.64371   0.86094   0.57741   0.89478   0.05020   0.10655   0.25455   0.81064   0.68004   0.00000   0.33297   0.78692   1.04206   1.09093   1.27188   1.05348   0.47968   0.41408   0.51778   0.21699   1.50152   0.46069   0.21400   0.03192   0.26880   0.10593   0.21249   0.20821   0.13141   1.41482   0.18273   2.05369   0.88123   1.89506   1.01272   0.32815   0.08099   1.00000  
 69  0.0019   7439.244139  x:  4.84033   0.10739   0.06423   0.44657   0.64368   0.86093   0.57743   0.89480   0.05021   0.10654   0.25462   0.81062   0.68009   0.00000   0.33295   0.78702   1.04205   1.09109   1.27193   1.05350   0.47967   0.41406   0.51785   0.21704   1.50149   0.46072   0.21397   0.03193   0.26881   0.10594   0.21248   0.20820   0.13140   1.41477   0.18272   2.05392   0.88122   1.89505   1.01330   0.32871   0.08099   1.00000  
 70  0.0008   7439.244139  x:  4.84026   0.10738   0.06423   0.44658   0.64367   0.86092   0.57742   0.89481   0.05021   0.10654   0.25462   0.81063   0.68009   0.00000   0.33294   0.78703   1.04208   1.09109   1.27194   1.05351   0.47968   0.41405   0.51785   0.21704   1.50149   0.46073   0.21396   0.03193   0.26881   0.10594   0.21248   0.20820   0.13142   1.41478   0.18272   2.05391   0.88123   1.89506   1.01321   0.32864   0.08099   1.00000  
 71  0.0001   7439.244139  x:  4.84026   0.10738   0.06423   0.44658   0.64366   0.86092   0.57743   0.89481   0.05021   0.10654   0.25462   0.81063   0.68009   0.00000   0.33294   0.78703   1.04207   1.09109   1.27194   1.05352   0.47968   0.41405   0.51785   0.21704   1.50150   0.46073   0.21396   0.03193   0.26881   0.10594   0.21248   0.20820   0.13141   1.41478   0.18272   2.05391   0.88123   1.89506   1.01325   0.32868   0.08099   1.00000  
 72  0.0000   7439.244139  x:  4.84026   0.10738   0.06423   0.44658   0.64366   0.86092   0.57743   0.89481   0.05021   0.10654   0.25462   0.81063   0.68009   0.00000   0.33294   0.78703   1.04207   1.09109   1.27195   1.05352   0.47968   0.41405   0.51785   0.21704   1.50150   0.46073   0.21396   0.03193   0.26881   0.10594   0.21248   0.20820   0.13141   1.41478   0.18272   2.05391   0.88123   1.89506   1.01325   0.32868   0.08099   1.00000  
 73  0.0000   7439.244139  x:  4.84026   0.10738   0.06423   0.44658   0.64366   0.86092   0.57743   0.89481   0.05021   0.10654   0.25462   0.81063   0.68009   0.00000   0.33294   0.78703   1.04207   1.09109   1.27195   1.05352   0.47968   0.41405   0.51785   0.21704   1.50150   0.46073   0.21396   0.03193   0.26881   0.10594   0.21248   0.20820   0.13141   1.41478   0.18272   2.05391   0.88123   1.89506   1.01325   0.32868   0.08099   1.00000  