

TREE # 1

  0  0.0000   9224.592777  x:  0.17444   0.02804   0.07307   0.00000   0.21220   0.15259   0.14764   0.15672   0.09176   0.01488   0.10164   0.09888   0.08304   0.02822   0.03654   0.11840   0.16638   0.13073   0.17006   0.12456   0.13600   0.08105   0.05011   0.02312   0.14692   0.15208   0.08109   0.04353   0.13235   0.02986   0.05286   0.04009   0.10565   0.11049   0.05181   0.16210   0.10351   2.00000   1.39835   0.16116   0.29812   1.40136  
  1 99.0000   8118.554701  x:  0.34010   0.15101   0.13498   0.33025   0.26397   0.21939   0.20732   0.22958   0.13471   0.10746   0.15940   0.22848   0.21506   0.09880   0.16632   0.18756   0.24395   0.24309   0.25684   0.23669   0.18669   0.18098   0.21987   0.13437   0.27082   0.19752   0.10935   0.05600   0.15053   0.08438   0.12748   0.14587   0.14892   0.24359   0.15497   0.28485   0.25897   1.99210   1.43250   0.12845   0.00000   1.40045  
  2 3552.1471   7964.319690  x:  0.52229   0.28624   0.20304   0.69338   0.32089   0.29284   0.27297   0.30971   0.18193   0.20924   0.22291   0.37101   0.36024   0.17640   0.30904   0.26362   0.32927   0.36667   0.35227   0.36001   0.24243   0.29086   0.40653   0.25670   0.40710   0.24748   0.14041   0.06969   0.17051   0.14432   0.20954   0.26216   0.19651   0.38998   0.26842   0.41985   0.42993   1.98342   1.47006   0.09248   0.00095   1.39944  
  3 19507.1162   7876.519281  x:  0.62538   0.26963   0.14793   0.67904   0.31591   0.31584   0.30535   0.36009   0.12148   0.15515   0.18633   0.38850   0.36401   0.13765   0.31490   0.29000   0.37978   0.43018   0.40049   0.38586   0.22167   0.26593   0.38321   0.21944   0.47579   0.24556   0.10231   0.00000   0.13887   0.06439   0.14106   0.18640   0.18613   0.43521   0.27763   0.49509   0.47874   1.98120   1.42639   0.14080   0.00094   1.39641  
  4 393.7848   7822.258385  x:  0.76936   0.23472   0.05776   0.64133   0.30398   0.34690   0.34139   0.42071   0.02430   0.06989   0.13316   0.41080   0.36680   0.07801   0.31567   0.31884   0.44164   0.50758   0.46285   0.42321   0.20127   0.23176   0.34458   0.15674   0.57309   0.24209   0.14565   0.12211   0.14669   0.02320   0.07691   0.09173   0.15792   0.49787   0.27706   0.59392   0.53706   1.97811   1.36738   0.20762   0.00092   1.39136  
  5 792.9230   7805.981072  x:  0.81671   0.21551   0.03262   0.61296   0.29776   0.35560   0.34860   0.43627   0.00000   0.04683   0.12062   0.41544   0.36617   0.05972   0.31038   0.32411   0.45812   0.52756   0.48058   0.43693   0.20543   0.22303   0.32712   0.13546   0.60335   0.23824   0.14235   0.12330   0.15804   0.06585   0.10124   0.09733   0.14130   0.51825   0.26700   0.62334   0.54904   1.97707   1.34624   0.23233   0.00092   1.38907  
  6 409.0538   7771.736125  x:  1.02925   0.10525   0.06738   0.42051   0.26843   0.38900   0.35243   0.47720   0.07473   0.07064   0.13354   0.42943   0.37647   0.03123   0.26885   0.32579   0.50674   0.58294   0.54368   0.52323   0.31107   0.22755   0.24754   0.09720   0.73431   0.23753   0.15073   0.16055   0.18829   0.01502   0.18997   0.19194   0.03180   0.62009   0.16431   0.73463   0.56319   1.97082   1.25381   0.34759   0.00089   1.37445  
  7 266.7416   7760.158251  x:  1.12463   0.07664   0.09624   0.30931   0.28137   0.40627   0.34356   0.48292   0.11315   0.10071   0.16625   0.43805   0.39048   0.04342   0.24945   0.31724   0.51722   0.58865   0.56767   0.56444   0.35149   0.26307   0.25756   0.11650   0.77872   0.25993   0.15788   0.16240   0.19955   0.07412   0.13353   0.16436   0.00626   0.68524   0.10322   0.77849   0.55246   1.96755   1.21072   0.40813   0.00088   1.36331  
  8 203.2519   7753.861798  x:  1.19411   0.11398   0.08710   0.20970   0.33245   0.42117   0.32579   0.47204   0.09777   0.09203   0.18958   0.44392   0.40161   0.04564   0.23014   0.30029   0.50963   0.56811   0.57788   0.58628   0.36574   0.30131   0.29597   0.14583   0.78871   0.28336   0.16571   0.16571   0.20154   0.06495   0.16049   0.16064   0.06358   0.75256   0.07964   0.80640   0.53413   1.96261   1.17652   0.46633   0.00087   1.34820  
  9 107.5268   7751.379219  x:  1.22892   0.08277   0.08058   0.20168   0.42277   0.43661   0.32401   0.46447   0.07793   0.08126   0.21234   0.45204   0.41465   0.05542   0.23551   0.30171   0.50252   0.54098   0.58093   0.59153   0.36384   0.30694   0.31714   0.15227   0.76275   0.28335   0.16483   0.16837   0.20457   0.05680   0.15893   0.17934   0.03715   0.78577   0.09379   0.81317   0.52136   1.95922   1.15777   0.51594   0.00087   1.32952  
 10 42.3904   7750.106646  x:  1.25691   0.09467   0.09760   0.19563   0.46673   0.44245   0.33790   0.47443   0.08874   0.09276   0.21698   0.44826   0.41938   0.06163   0.24929   0.32408   0.51131   0.53667   0.58399   0.59167   0.36561   0.28440   0.29772   0.15572   0.73954   0.28058   0.16829   0.17083   0.21632   0.06289   0.16614   0.17096   0.04003   0.80760   0.12821   0.81918   0.51963   1.95313   1.16431   0.55175   0.00087   1.30384  
 11 25.3101   7747.007689  x:  1.31123   0.12526   0.09503   0.21905   0.46677   0.43607   0.37449   0.50835   0.10467   0.09363   0.20091   0.45997   0.44301   0.03236   0.28762   0.39751   0.55256   0.56906   0.58426   0.58120   0.38254   0.32323   0.35807   0.17308   0.69429   0.28933   0.18697   0.17750   0.19806   0.06822   0.17301   0.19123   0.00677   0.83908   0.14482   0.81962   0.51436   1.94087   1.21969   0.68172   0.00086   1.19088  
 12 19.3063   7743.404818  x:  1.33889   0.13526   0.07734   0.26535   0.44122   0.43150   0.37063   0.50772   0.09996   0.09871   0.21719   0.49015   0.46568   0.06018   0.31027   0.41028   0.55907   0.57939   0.58591   0.59835   0.38628   0.32811   0.37769   0.18905   0.70444   0.30034   0.18222   0.18091   0.22144   0.06369   0.18087   0.19201   0.00000   0.85032   0.14731   0.82642   0.53412   1.94048   1.25709   0.79779   0.00085   1.09521  
 13 46.4609   7740.681973  x:  1.35215   0.13626   0.09093   0.31804   0.44407   0.44854   0.37442   0.51003   0.09842   0.09760   0.21744   0.50002   0.47460   0.04997   0.30984   0.38851   0.54687   0.58503   0.58828   0.61414   0.38771   0.32514   0.38303   0.20885   0.75065   0.30745   0.18870   0.18702   0.20022   0.07311   0.17179   0.21515   0.01848   0.85608   0.14764   0.84407   0.56568   1.94547   1.29931   0.89974   0.00085   1.00000  
 14 59.7791   7739.671100  x:  1.33936   0.12493   0.09956   0.33577   0.46902   0.47519   0.39195   0.52390   0.09279   0.11305   0.21420   0.49495   0.47533   0.04304   0.31438   0.36373   0.54319   0.59833   0.60687   0.63006   0.39079   0.34556   0.40289   0.21024   0.78802   0.29259   0.19165   0.18508   0.21359   0.07055   0.19142   0.19310   0.02177   0.85001   0.13823   0.86121   0.58277   1.95503   1.34833   0.94534   0.00084   1.00000  
 15 27.0151   7739.172798  x:  1.31468   0.13280   0.09656   0.32666   0.48083   0.48292   0.39160   0.52757   0.08150   0.13066   0.20805   0.49181   0.47809   0.05134   0.33174   0.35436   0.55527   0.61632   0.63323   0.64302   0.39024   0.35204   0.40803   0.20451   0.80089   0.27281   0.19490   0.18559   0.21907   0.07060   0.17910   0.21329   0.02772   0.84487   0.13992   0.87504   0.58608   1.96879   1.37184   0.98535   0.00084   1.00000  
 16 14.0421   7738.489194  x:  1.27145   0.13825   0.10386   0.32535   0.49278   0.48127   0.38100   0.52809   0.07886   0.14282   0.19551   0.50025   0.49193   0.04292   0.34989   0.34597   0.57479   0.63779   0.66270   0.65283   0.39263   0.34841   0.40858   0.21921   0.81053   0.27933   0.19801   0.18809   0.20757   0.07334   0.19277   0.20274   0.01738   0.84284   0.14229   0.89197   0.58454   1.99092   1.39354   1.07226   0.00084   1.00000  
 17 14.5372   7737.286666  x:  1.22941   0.12854   0.09930   0.31642   0.50036   0.47997   0.39606   0.55429   0.09412   0.12179   0.19309   0.53040   0.50784   0.01836   0.34508   0.33967   0.59521   0.64753   0.68060   0.66004   0.41160   0.34595   0.40876   0.23080   0.81895   0.31433   0.19482   0.18395   0.24688   0.07074   0.18157   0.21296   0.02409   0.85620   0.15792   0.91595   0.59039   2.00634   1.48626   1.20418   0.00084   1.00000  
 18 16.7712   7733.542179  x:  1.20745   0.10838   0.07670   0.30054   0.50074   0.48735   0.44321   0.61683   0.12393   0.07426   0.22936   0.58351   0.51337   0.07044   0.32497   0.35304   0.63520   0.64364   0.69997   0.70383   0.44416   0.35318   0.40474   0.17883   0.83420   0.34294   0.18760   0.19334   0.19560   0.08013   0.19210   0.20460   0.03739   0.89544   0.17183   0.96801   0.61820   2.01176   1.82154   1.59294   0.00083   1.00000  
 19 40.6499   7722.759731  x:  1.34752   0.16924   0.12264   0.36302   0.50078   0.50572   0.43748   0.64161   0.11479   0.03588   0.24339   0.57681   0.47922   0.07355   0.26377   0.42104   0.68591   0.64519   0.70793   0.75392   0.43842   0.37718   0.40942   0.06734   0.89564   0.32027   0.20138   0.16565   0.24925   0.07711   0.18427   0.19134   0.00000   0.96374   0.11618   1.06456   0.67258   1.98502   2.69191   2.66729   0.00082   1.00000  
 20 103.1843   7722.759731  x:  1.34752   0.16924   0.12264   0.36302   0.50078   0.50572   0.43748   0.64161   0.11479   0.03588   0.24339   0.57681   0.47922   0.07355   0.26377   0.42104   0.68591   0.64519   0.70793   0.75392   0.43842   0.37718   0.40942   0.06734   0.89564   0.32027   0.20138   0.16565   0.24925   0.07711   0.18427   0.19134   0.00000   0.96374   0.11618   1.06456   0.67258   1.98502   2.69191   2.66729   0.00082   1.00000  
 21 229.3419   7584.942724  x:  1.34761   0.16924   0.12258   0.36301   0.50077   0.50573   0.43749   0.64162   0.11472   0.03591   0.24337   0.57682   0.47924   0.07353   0.26381   0.42106   0.68594   0.64525   0.70797   0.75392   0.43838   0.37714   0.40940   0.06744   0.89569   0.32031   0.20129   0.16542   0.24920   0.07709   0.18424   0.19130   0.00005   0.96376   0.11624   1.06460   0.67262   1.98501   2.69192   2.66727   0.07001   1.00000  
 22 24380.8291   7512.123956  x:  1.47407   0.24829   0.14441   0.41363   0.55818   0.57513   0.50829   0.70993   0.12903   0.14958   0.29677   0.64756   0.56475   0.14478   0.36209   0.50231   0.76355   0.75020   0.80040   0.80918   0.46637   0.40792   0.45665   0.23066   1.00072   0.42519   0.18666   0.01939   0.26999   0.13638   0.23278   0.23353   0.74868   1.02550   0.23927   1.14932   0.77121   1.93605   2.99404   2.36532   0.08314   1.00000  
 23 374.0462   7491.295602  x:  1.60859   0.20476   0.07885   0.42403   0.57992   0.63843   0.55571   0.76250   0.05004   0.08248   0.26955   0.69812   0.59901   0.08699   0.39647   0.55901   0.82828   0.84167   0.87796   0.84226   0.46055   0.40699   0.47121   0.19928   1.08722   0.42172   0.22317   0.15399   0.24522   0.05480   0.16743   0.17137   0.73311   1.04350   0.24914   1.23158   0.82961   1.89564   3.14490   2.21251   0.08470   1.00000  
 24 115.2676   7477.955567  x:  1.73937   0.15246   0.03801   0.42807   0.59085   0.68639   0.58005   0.79648   0.00592   0.03192   0.24464   0.73236   0.61826   0.02777   0.41388   0.60144   0.87700   0.91117   0.93914   0.87019   0.45605   0.39526   0.47282   0.17045   1.16108   0.40623   0.16514   0.09431   0.23849   0.10885   0.18152   0.18683   0.65478   1.05367   0.23987   1.30517   0.87118   1.86372   3.23986   2.11521   0.08492   1.00000  
 25 138.2478   7473.237098  x:  1.82410   0.11984   0.03225   0.42977   0.59640   0.71427   0.59121   0.81476   0.06016   0.02207   0.23226   0.75112   0.62915   0.00000   0.42314   0.62649   0.90555   0.95204   0.97606   0.88905   0.45454   0.38696   0.47152   0.16013   1.20694   0.39918   0.13907   0.05607   0.22997   0.11274   0.18278   0.18755   0.60135   1.05964   0.23097   1.35111   0.89486   1.84522   3.29135   2.06214   0.08504   1.00000  
 26 279.3162   7469.167860  x:  1.92278   0.09048   0.06967   0.42393   0.59539   0.73520   0.58800   0.82269   0.04863   0.08549   0.22520   0.76154   0.63305   0.00542   0.42701   0.64655   0.92801   0.98459   1.01080   0.91011   0.45116   0.37342   0.46257   0.16636   1.25098   0.39740   0.15738   0.01596   0.22793   0.09822   0.18653   0.18800   0.54958   1.06512   0.21419   1.39941   0.91164   1.83288   3.31462   2.03684   0.08500   1.00000  
 27 99.8704   7467.652613  x:  1.96243   0.08291   0.07800   0.42006   0.59297   0.74036   0.58198   0.82190   0.05233   0.09808   0.22220   0.76178   0.63143   0.00000   0.42499   0.65162   0.93312   0.99281   1.02155   0.91621   0.44899   0.36803   0.45850   0.17324   1.26580   0.39766   0.16697   0.02672   0.23319   0.11141   0.19571   0.19545   0.54343   1.06764   0.20739   1.41742   0.91512   1.83166   3.31219   2.03841   0.08505   1.00000  
 28 79.6206   7462.028674  x:  2.65549   0.02065   0.03776   0.33621   0.53558   0.80600   0.44572   0.78075   0.05371   0.08894   0.15533   0.73640   0.57012   0.00000   0.35263   0.71126   0.98488   1.09107   1.18459   0.99112   0.39547   0.30801   0.41306   0.28538   1.48853   0.39510   0.21626   0.00000   0.27539   0.08495   0.20548   0.18869   0.60290   1.12363   0.10214   1.72251   0.94294   1.85451   3.11461   2.22022   0.08451   1.00000  
 29 84.8585   7460.999838  x:  2.74382   0.01988   0.03895   0.33148   0.53245   0.81423   0.43200   0.77757   0.05121   0.09687   0.15606   0.73481   0.56580   0.00000   0.34305   0.71761   0.99006   1.10075   1.20404   1.00032   0.39432   0.30992   0.41467   0.29660   1.51422   0.39427   0.19105   0.01021   0.27186   0.07895   0.20464   0.18947   0.60845   1.13170   0.09175   1.76047   0.94483   1.85829   3.08803   2.24468   0.08445   1.00000  
 30 196.2368   7456.753968  x:  3.04976   0.07312   0.05022   0.36360   0.55665   0.84221   0.42308   0.78697   0.05098   0.10080   0.21834   0.73893   0.57809   0.00000   0.30023   0.72739   0.99433   1.11090   1.25900   1.02087   0.42800   0.39421   0.47971   0.30709   1.57893   0.38959   0.20537   0.00795   0.25107   0.11018   0.16749   0.18437   0.59944   1.16821   0.08851   1.88332   0.93549   1.88666   3.00053   2.32386   0.08439   1.00000  
 31 85.4829   7454.703627  x:  3.20646   0.08072   0.04079   0.39474   0.58071   0.85351   0.44570   0.80645   0.04932   0.09400   0.25347   0.74612   0.59473   0.00000   0.27873   0.72809   0.99043   1.10144   1.27865   1.02865   0.45390   0.42918   0.50808   0.30586   1.59588   0.39492   0.21812   0.00752   0.26281   0.07740   0.21901   0.20838   0.58989   1.19338   0.11317   1.94058   0.92394   1.90856   2.95660   2.36270   0.08440   1.00000  
 32 74.6516   7453.046532  x:  3.34899   0.04697   0.04714   0.43032   0.61118   0.85390   0.50902   0.84715   0.04938   0.08665   0.26460   0.76203   0.62365   0.00000   0.27591   0.72856   0.98192   1.06843   1.28150   1.03586   0.47716   0.41245   0.49838   0.30332   1.57840   0.42724   0.21256   0.00812   0.30068   0.08739   0.21163   0.18252   0.58364   1.23061   0.16593   1.98051   0.90181   1.93611   2.91302   2.39981   0.08433   1.00000  
 33 34.7519   7452.450881  x:  3.41061   0.04394   0.04548   0.43510   0.61675   0.84602   0.53415   0.86194   0.05000   0.08122   0.25392   0.77134   0.63617   0.00000   0.29097   0.73290   0.98103   1.04712   1.27586   1.04132   0.48231   0.39926   0.48968   0.29546   1.55448   0.44503   0.21759   0.00829   0.28114   0.08724   0.19383   0.21422   0.58143   1.25313   0.17894   1.99083   0.88460   1.94524   2.90113   2.40784   0.08429   1.00000  
 34 24.0508   7451.728858  x:  3.50042   0.06560   0.03973   0.42462   0.61099   0.82310   0.55032   0.86879   0.05185   0.07898   0.22870   0.78500   0.64951   0.00000   0.33224   0.74388   0.98538   1.01125   1.25698   1.05206   0.48303   0.39489   0.48860   0.27552   1.49923   0.46841   0.22130   0.00825   0.25394   0.09505   0.21427   0.19588   0.57448   1.29227   0.17511   1.99587   0.85037   1.95043   2.90022   2.40156   0.08427   1.00000  
 35 19.9169   7451.091505  x:  3.59084   0.07291   0.03793   0.41159   0.60119   0.79695   0.54552   0.86007   0.05319   0.07785   0.21991   0.79350   0.65607   0.00000   0.37356   0.75204   0.99202   0.97642   1.22854   1.05841   0.48094   0.40616   0.50149   0.25649   1.43545   0.48088   0.21600   0.00833   0.28946   0.08974   0.20563   0.20256   0.56622   1.33204   0.16092   1.99449   0.81478   1.94881   2.91273   2.38057   0.08432   1.00000  
 36 23.6545   7450.517950  x:  3.67780   0.03196   0.04754   0.41838   0.60333   0.78054   0.52393   0.83576   0.05026   0.07122   0.25176   0.78521   0.64861   0.00000   0.38998   0.74544   0.99702   0.95295   1.18357   1.04809   0.46762   0.40556   0.50578   0.25793   1.37555   0.47516   0.21638   0.00831   0.27255   0.08878   0.20549   0.19786   0.56416   1.36511   0.16126   1.98305   0.79288   1.93662   2.93073   2.35220   0.08433   1.00000  
 37 12.7637   7450.073301  x:  3.75406   0.05247   0.03467   0.42981   0.60787   0.78142   0.52320   0.82391   0.05030   0.08506   0.26436   0.76352   0.62839   0.00000   0.38103   0.72741   0.99728   0.94755   1.13415   1.02610   0.45787   0.38439   0.48790   0.26242   1.33869   0.45349   0.21404   0.00873   0.27168   0.08805   0.20101   0.19604   0.55266   1.37998   0.17602   1.96383   0.78813   1.92141   2.95055   2.32134   0.08429   1.00000  
 38 11.6289   7449.874520  x:  3.78807   0.05993   0.05273   0.42983   0.60488   0.78491   0.53027   0.82347   0.04840   0.07657   0.25499   0.75364   0.61892   0.00000   0.37399   0.71597   0.99438   0.94949   1.11213   1.01271   0.45763   0.38450   0.48467   0.26845   1.32929   0.44697   0.21213   0.00878   0.27116   0.08527   0.20157   0.19617   0.54828   1.37916   0.17997   1.94967   0.78747   1.91716   2.95907   2.30672   0.08429   1.00000  
 39 13.5955   7449.361083  x:  3.85830   0.04252   0.04164   0.41538   0.58587   0.79397   0.55483   0.82879   0.04906   0.08636   0.22961   0.74144   0.61014   0.00000   0.35947   0.68396   0.97902   0.96075   1.06815   0.98067   0.47145   0.40884   0.49218   0.27901   1.32374   0.43909   0.21114   0.00934   0.26354   0.08922   0.19914   0.19490   0.53953   1.35606   0.17918   1.90184   0.78583   1.91887   2.97280   2.27627   0.08426   1.00000  
 40 12.8109   7448.211052  x:  3.99363   0.05163   0.04648   0.39356   0.56205   0.80254   0.56904   0.82690   0.04857   0.07185   0.26801   0.77436   0.66523   0.00000   0.37985   0.62861   0.93344   1.00202   1.04219   0.94346   0.47069   0.39249   0.47778   0.25680   1.35100   0.43930   0.21124   0.00997   0.26227   0.09106   0.20087   0.19481   0.51513   1.25938   0.16139   1.77405   0.79249   1.93485   2.98054   2.22467   0.08417   1.00000  
 41 10.0515   7447.130881  x:  4.09274   0.05212   0.04718   0.42780   0.60297   0.79704   0.54886   0.81478   0.04947   0.07136   0.24750   0.77784   0.65424   0.05127   0.42723   0.62315   0.90822   1.03889   1.05670   0.96280   0.47256   0.39646   0.49102   0.22811   1.37466   0.45957   0.21350   0.01080   0.26319   0.09578   0.20236   0.19770   0.48429   1.17751   0.19066   1.66909   0.82752   1.92642   2.96617   2.19327   0.08405   1.00000  
 42 13.0729   7446.362766  x:  4.12679   0.05332   0.04592   0.44073   0.62279   0.78893   0.54533   0.82152   0.05003   0.06754   0.24383   0.77200   0.65007   0.00000   0.43936   0.63812   0.90862   1.05556   1.07281   0.97616   0.47443   0.40002   0.50043   0.22298   1.38378   0.46669   0.21554   0.01135   0.26471   0.09905   0.20404   0.19984   0.46406   1.15966   0.19894   1.63465   0.85321   1.90673   2.95204   2.18007   0.08399   1.00000  
 43 10.7319   7446.362766  x:  4.12679   0.05332   0.04592   0.44073   0.62279   0.78893   0.54533   0.82152   0.05003   0.06754   0.24383   0.77200   0.65007   0.00000   0.43936   0.63812   0.90862   1.05556   1.07281   0.97616   0.47443   0.40002   0.50043   0.22298   1.38378   0.46669   0.21554   0.01135   0.26471   0.09905   0.20404   0.19984   0.46406   1.15966   0.19894   1.63465   0.85321   1.90673   2.95204   2.18007   0.08399   1.00000  
 44  8.7437   7445.919806  x:  4.12692   0.05297   0.04715   0.44067   0.62275   0.78915   0.54568   0.82192   0.05046   0.06908   0.24427   0.77222   0.65025   0.00007   0.43921   0.63853   0.90912   1.05575   1.07318   0.97654   0.47464   0.40012   0.50041   0.22271   1.38404   0.46638   0.21599   0.02068   0.26450   0.09984   0.20427   0.20006   0.46111   1.16002   0.19845   1.63537   0.85339   1.90644   2.95256   2.17949   0.07926   1.00000  
 45 81.5244   7445.312224  x:  4.12727   0.05219   0.04995   0.44052   0.62263   0.78969   0.54653   0.82290   0.05135   0.07263   0.24528   0.77273   0.65065   0.00016   0.43882   0.63955   0.91032   1.05619   1.07410   0.97745   0.47512   0.40033   0.50032   0.22198   1.38468   0.46553   0.21644   0.03834   0.26386   0.10137   0.20473   0.20052   0.45395   1.16089   0.19728   1.63713   0.85382   1.90571   2.95371   2.17821   0.08468   1.00000  
 46 149.4607   7445.113470  x:  4.12754   0.05167   0.05157   0.44037   0.62252   0.79011   0.54717   0.82366   0.05167   0.07487   0.24594   0.77314   0.65091   0.00000   0.43847   0.64033   0.91125   1.05654   1.07482   0.97813   0.47544   0.40048   0.50025   0.22131   1.38517   0.46464   0.21470   0.03839   0.26309   0.10131   0.20487   0.20082   0.44835   1.16161   0.19637   1.63852   0.85414   1.90511   2.95431   2.17750   0.08468   1.00000  
 47 34.2894   7442.325994  x:  4.13684   0.05509   0.02813   0.43033   0.61601   0.80278   0.56241   0.84433   0.02067   0.06578   0.24182   0.78142   0.64959   0.00000   0.42036   0.66352   0.93910   1.06582   1.09901   0.99478   0.47287   0.39949   0.49636   0.19580   1.40056   0.43650   0.20971   0.04021   0.26632   0.10684   0.19767   0.19657   0.25984   1.18881   0.17137   1.68707   0.86290   1.88860   2.96112   2.16708   0.08438   1.00000  
 48 65.2398   7441.063726  x:  4.14291   0.08300   0.03609   0.42595   0.61334   0.80896   0.56623   0.85301   0.04798   0.04684   0.23365   0.78263   0.64706   0.00000   0.40677   0.67661   0.95392   1.06996   1.11334   1.00307   0.46776   0.39679   0.49351   0.19350   1.41011   0.42966   0.22672   0.03724   0.27539   0.10440   0.19450   0.19130   0.15075   1.20997   0.16107   1.71783   0.86763   1.88010   2.96339   2.16248   0.08405   1.00000  
 49 80.0007   7440.536356  x:  4.14766   0.13025   0.03775   0.42473   0.61407   0.81035   0.56054   0.85300   0.03348   0.06270   0.23195   0.77939   0.64696   0.00000   0.39591   0.68430   0.96138   1.07015   1.12382   1.00609   0.46046   0.39378   0.49283   0.20660   1.41589   0.43987   0.23693   0.03588   0.27469   0.09779   0.20430   0.19651   0.10814   1.23230   0.16774   1.74161   0.87218   1.87707   2.96242   2.16159   0.08382   1.00000  
 50 23.2862   7440.385040  x:  4.15106   0.14380   0.02762   0.42597   0.61595   0.81130   0.55652   0.85243   0.03878   0.06599   0.23370   0.77794   0.64798   0.00000   0.38871   0.68913   0.96537   1.06958   1.13095   1.00682   0.45915   0.39440   0.49491   0.21123   1.41912   0.44474   0.22569   0.03726   0.27033   0.10617   0.19845   0.19468   0.10137   1.24712   0.17294   1.75738   0.87444   1.87732   2.95865   2.16397   0.08379   1.00000  
 51 11.8685   7440.263888  x:  4.15620   0.14865   0.03491   0.42797   0.61838   0.81319   0.55233   0.85246   0.03451   0.05732   0.23418   0.77669   0.64905   0.00000   0.37912   0.69582   0.97069   1.06856   1.14146   1.00728   0.45869   0.39656   0.49807   0.21290   1.42318   0.44817   0.21410   0.03950   0.26794   0.10668   0.19386   0.19364   0.10110   1.26647   0.17742   1.77926   0.87634   1.87871   2.95190   2.16865   0.08379   1.00000  
 52 12.2388   7439.909478  x:  4.17679   0.13763   0.03272   0.43623   0.62739   0.82170   0.54226   0.85586   0.03902   0.05210   0.24259   0.77618   0.65551   0.02741   0.34715   0.72202   0.99094   1.06501   1.18190   1.01139   0.46392   0.40619   0.50779   0.20974   1.43852   0.45292   0.21018   0.04142   0.27561   0.09629   0.20780   0.20513   0.11142   1.33381   0.18635   1.86106   0.87976   1.88648   2.93238   2.18005   0.08380   1.00000  
 53 16.2614   7439.749337  x:  4.18862   0.12954   0.03899   0.44049   0.63197   0.82676   0.54129   0.85999   0.03669   0.05741   0.24770   0.77677   0.66123   0.03679   0.33216   0.73570   1.00101   1.06411   1.20257   1.01274   0.46708   0.40845   0.50977   0.20980   1.44712   0.45557   0.22316   0.03824   0.27898   0.10854   0.20532   0.20077   0.11876   1.36491   0.18767   1.90286   0.87965   1.89025   2.92237   2.18565   0.08358   1.00000  
 54 24.1931   7439.670151  x:  4.19720   0.12524   0.03744   0.44248   0.63415   0.83057   0.54622   0.86534   0.03763   0.06119   0.24875   0.77818   0.66643   0.02932   0.32550   0.74363   1.00609   1.06515   1.21379   1.01234   0.46902   0.40655   0.50803   0.21228   1.45306   0.45738   0.23045   0.03802   0.27302   0.10215   0.20146   0.19579   0.12388   1.37727   0.18536   1.92603   0.87739   1.89177   2.91512   2.19009   0.08345   1.00000  
 55 11.0793   7439.600798  x:  4.20803   0.12297   0.03681   0.44367   0.63560   0.83496   0.55457   0.87232   0.03908   0.06109   0.24611   0.78071   0.67165   0.01457   0.32160   0.75209   1.01076   1.06731   1.22517   1.01186   0.47052   0.40372   0.50572   0.21596   1.45981   0.45919   0.23304   0.03738   0.27136   0.10587   0.20700   0.20194   0.12960   1.38492   0.18188   1.94923   0.87365   1.89311   2.90855   2.19343   0.08337   1.00000  
 56 11.1267   7439.533625  x:  4.22531   0.12627   0.03665   0.44233   0.63499   0.83989   0.56603   0.87982   0.03974   0.06611   0.23763   0.78726   0.67415   0.00814   0.32808   0.76263   1.01491   1.07131   1.23842   1.01591   0.47172   0.40460   0.50660   0.21925   1.46791   0.46016   0.22874   0.03796   0.28557   0.10433   0.20615   0.19941   0.13675   1.38127   0.18009   1.97293   0.86805   1.89480   2.90228   2.19523   0.08328   1.00000  
 57  5.6521   7439.443636  x:  4.25728   0.13084   0.03782   0.44097   0.63426   0.84542   0.57524   0.88369   0.04099   0.06729   0.22842   0.79954   0.67342   0.01195   0.34557   0.77517   1.01771   1.07699   1.25564   1.02714   0.47099   0.41061   0.51321   0.21992   1.47911   0.46069   0.23085   0.03801   0.27603   0.10601   0.20453   0.20444   0.14218   1.36253   0.18402   2.00222   0.86057   1.89884   2.89067   2.19916   0.08304   1.00000  
 58  5.7944   7439.366754  x:  4.29233   0.13022   0.03863   0.44532   0.63793   0.84862   0.57286   0.87999   0.04179   0.06667   0.23783   0.80781   0.67567   0.00592   0.35449   0.77945   1.01672   1.08086   1.26521   1.03620   0.47101   0.41214   0.51808   0.21970   1.48808   0.46331   0.23005   0.03810   0.27529   0.10746   0.21454   0.19607   0.14133   1.34329   0.19264   2.02489   0.85778   1.90281   2.87905   2.20255   0.08287   1.00000  
 59  6.1116   7439.291108  x:  4.32114   0.12868   0.03934   0.44955   0.64152   0.85055   0.56908   0.87634   0.04211   0.06790   0.24670   0.81118   0.67743   0.00000   0.35745   0.77970   1.01526   1.08344   1.26901   1.04225   0.47254   0.41172   0.51982   0.21899   1.49385   0.46565   0.23087   0.03805   0.27944   0.10629   0.20964   0.20199   0.14003   1.33048   0.19862   2.03965   0.85771   1.90489   2.87187   2.20296   0.08275   1.00000  
 60 10.4929   7439.291108  x:  4.32114   0.12868   0.03934   0.44955   0.64152   0.85055   0.56908   0.87634   0.04211   0.06790   0.24670   0.81118   0.67743   0.00000   0.35745   0.77970   1.01526   1.08344   1.26901   1.04225   0.47254   0.41172   0.51982   0.21899   1.49385   0.46565   0.23087   0.03805   0.27944   0.10629   0.20964   0.20199   0.14003   1.33048   0.19862   2.03965   0.85771   1.90489   2.87187   2.20296   0.08275   1.00000  
 61  5.1270   7439.213400  x:  4.32118   0.12859   0.04032   0.44960   0.64155   0.85056   0.56914   0.87641   0.04274   0.06880   0.24692   0.81118   0.67751   0.00002   0.35745   0.77971   1.01531   1.08346   1.26897   1.04232   0.47269   0.41177   0.51981   0.21907   1.49386   0.46567   0.23033   0.03809   0.27914   0.10615   0.20975   0.20218   0.13993   1.33054   0.19853   2.03963   0.85777   1.90482   2.87205   2.20277   0.08034   1.00000  
 62 52.2383   7438.575420  x:  4.32253   0.12570   0.06774   0.45098   0.64241   0.85097   0.57074   0.87819   0.06049   0.09462   0.25317   0.81111   0.67990   0.00021   0.35730   0.78002   1.01669   1.08415   1.26804   1.04419   0.47686   0.41319   0.51928   0.22134   1.49409   0.46620   0.21433   0.03921   0.27031   0.10202   0.21275   0.20725   0.13707   1.33230   0.19617   2.03932   0.85949   1.90287   2.87706   2.19738   0.08153   1.00000  
 63 41.2604   7438.570917  x:  4.32257   0.12557   0.06772   0.45096   0.64240   0.85098   0.57078   0.87824   0.06036   0.09481   0.25319   0.81110   0.67991   0.00000   0.35726   0.78001   1.01672   1.08417   1.26801   1.04421   0.47689   0.41319   0.51927   0.22128   1.49408   0.46615   0.21414   0.03938   0.27022   0.10208   0.21275   0.20729   0.13698   1.33234   0.19611   2.03932   0.85953   1.90283   2.87710   2.19733   0.08153   1.00000  
 64 10.6430   7438.541059  x:  4.32416   0.12218   0.06640   0.45013   0.64191   0.85132   0.57192   0.87975   0.05660   0.09863   0.25306   0.81074   0.67950   0.00000   0.35585   0.77973   1.01793   1.08450   1.26727   1.04519   0.47765   0.41324   0.51840   0.21960   1.49390   0.46444   0.20957   0.03556   0.26913   0.10075   0.21166   0.20692   0.13516   1.33402   0.19433   2.03920   0.86115   1.90166   2.87839   2.19560   0.08145   1.00000  
 65  9.2164   7438.511438  x:  4.32961   0.11692   0.06750   0.44797   0.64046   0.85212   0.57416   0.88355   0.05516   0.10290   0.25021   0.80917   0.67700   0.00000   0.35151   0.77881   1.02153   1.08509   1.26499   1.04852   0.47862   0.41272   0.51543   0.21811   1.49334   0.46145   0.21405   0.03572   0.27251   0.09865   0.20924   0.20366   0.13406   1.33991   0.18944   2.03850   0.86641   1.89849   2.88337   2.18915   0.08144   1.00000  
 66  4.0342   7438.495143  x:  4.33522   0.11518   0.06807   0.44606   0.63916   0.85245   0.57472   0.88590   0.05611   0.10161   0.24735   0.80755   0.67451   0.00000   0.34718   0.77772   1.02444   1.08516   1.26292   1.05077   0.47820   0.41182   0.51315   0.21772   1.49259   0.45950   0.21439   0.03423   0.27195   0.10190   0.21147   0.20592   0.13515   1.34532   0.18570   2.03757   0.87105   1.89636   2.88580   2.18521   0.08144   1.00000  
 67  4.3635   7438.481216  x:  4.34233   0.11533   0.06786   0.44407   0.63785   0.85245   0.57393   0.88744   0.05752   0.09861   0.24540   0.80588   0.67214   0.00000   0.34232   0.77636   1.02738   1.08474   1.26079   1.05259   0.47708   0.41095   0.51138   0.21802   1.49148   0.45808   0.21239   0.03570   0.26871   0.09905   0.21155   0.20586   0.13728   1.35118   0.18234   2.03622   0.87597   1.89477   2.88599   2.18313   0.08138   1.00000  
 68  4.7781   7438.470665  x:  4.35173   0.11703   0.06730   0.44281   0.63714   0.85193   0.57101   0.88730   0.05819   0.09876   0.24771   0.80501   0.67138   0.00000   0.33813   0.77499   1.03009   1.08341   1.25918   1.05340   0.47591   0.41118   0.51143   0.21934   1.48986   0.45784   0.21064   0.03588   0.26910   0.10153   0.20856   0.20352   0.13865   1.35653   0.18038   2.03413   0.88034   1.89466   2.88418   2.18245   0.08135   1.00000  
 69  2.7571   7438.449419  x:  4.37393   0.11883   0.06534   0.44167   0.63683   0.85089   0.56439   0.88598   0.05591   0.10092   0.25476   0.80450   0.67142   0.00000   0.33165   0.77279   1.03536   1.07996   1.25711   1.05391   0.47442   0.41295   0.51329   0.22196   1.48623   0.45829   0.21196   0.03600   0.27192   0.09967   0.21099   0.20662   0.13771   1.36581   0.17814   2.02906   0.88773   1.89596   2.87980   2.18091   0.08134   1.00595  
 70  4.1954   7438.414842  x:  4.41496   0.11381   0.06772   0.44474   0.64006   0.85167   0.56084   0.88625   0.05418   0.09648   0.25724   0.80615   0.67231   0.00000   0.33001   0.77294   1.04281   1.07502   1.25807   1.05285   0.47629   0.41500   0.51601   0.22276   1.48145   0.45988   0.21517   0.03536   0.26698   0.10109   0.21188   0.20424   0.12792   1.37403   0.17856   2.02023   0.89374   1.89857   2.87179   2.17796   0.08124   1.02642  
 71  3.7774   7438.325319  x:  4.52853   0.11383   0.06172   0.45273   0.64844   0.85653   0.56552   0.89239   0.05740   0.09307   0.25191   0.81211   0.67551   0.00000   0.33844   0.77888   1.05916   1.06561   1.26614   1.05006   0.48426   0.41292   0.51702   0.21776   1.47293   0.46176   0.20908   0.03831   0.27432   0.10064   0.20735   0.20973   0.12423   1.38611   0.18646   1.99828   0.90129   1.90192   2.85516   2.16422   0.08087   1.09319  
 72  8.3854   7438.251563  x:  4.62293   0.11974   0.06067   0.45334   0.65040   0.85978   0.57211   0.89746   0.04988   0.09895   0.24713   0.81573   0.67826   0.00000   0.34630   0.78411   1.06876   1.06066   1.27367   1.04899   0.48629   0.40980   0.51554   0.21568   1.47014   0.46336   0.20966   0.03958   0.27126   0.10258   0.21460   0.20379   0.13224   1.39085   0.18919   1.98282   0.90206   1.90177   2.83949   2.15465   0.08057   1.15254  
 73 18.0882   7438.183717  x:  4.71066   0.11662   0.05891   0.44592   0.64484   0.86127   0.57843   0.89982   0.04876   0.10394   0.24606   0.81671   0.68016   0.00000   0.34883   0.78743   1.07047   1.06119   1.27976   1.04967   0.48311   0.41067   0.51616   0.21802   1.47562   0.46304   0.21443   0.03983   0.26567   0.10386   0.20793   0.21088   0.13697   1.38671   0.18165   1.97467   0.89427   1.89871   2.82195   2.14870   0.08029   1.21323  
 74 12.4036   7438.114048  x:  4.80065   0.10881   0.05757   0.43848   0.63875   0.86228   0.58322   0.90005   0.05235   0.10225   0.24777   0.81642   0.68147   0.00000   0.34619   0.78915   1.06713   1.06589   1.28431   1.05144   0.47915   0.41468   0.51949   0.22245   1.48658   0.46204   0.20845   0.04207   0.27206   0.10391   0.21348   0.20703   0.13733   1.37788   0.17333   1.97215   0.88449   1.89465   2.80731   2.13926   0.08001   1.27965  
 75 17.5831   7438.033680  x:  4.90310   0.11080   0.06510   0.44080   0.64043   0.86319   0.58300   0.89622   0.04431   0.09708   0.25418   0.81380   0.68183   0.00000   0.33469   0.78843   1.05531   1.07876   1.28550   1.05503   0.47767   0.41814   0.52223   0.22491   1.50541   0.46008   0.20391   0.04377   0.27169   0.10372   0.21025   0.20897   0.13947   1.36470   0.17923   1.98175   0.87985   1.89105   2.80320   2.11616   0.07967   1.36320  
 76 11.1868   7437.979836  x:  4.97117   0.11154   0.05873   0.44443   0.64347   0.86299   0.58007   0.89235   0.04975   0.10152   0.25848   0.81104   0.68072   0.00000   0.32488   0.78767   1.04501   1.08917   1.28426   1.05711   0.47961   0.41650   0.51942   0.22155   1.51749   0.45730   0.20509   0.04396   0.26571   0.10430   0.21154   0.20746   0.13809   1.35575   0.18569   1.99295   0.87887   1.89195   2.79886   2.10257   0.07940   1.42228  
 77 18.1648   7437.950358  x:  5.00634   0.11228   0.06305   0.44488   0.64429   0.86134   0.57592   0.88995   0.04885   0.10492   0.25391   0.80784   0.67737   0.00000   0.31990   0.78782   1.03758   1.09557   1.28169   1.05610   0.48241   0.41176   0.51255   0.21680   1.52019   0.45744   0.20414   0.04455   0.26823   0.10425   0.21173   0.20834   0.13470   1.35262   0.18695   2.00484   0.88006   1.89701   2.79024   2.10224   0.07927   1.45830  
 78  7.2120   7437.921302  x:  5.03525   0.11400   0.06332   0.44275   0.64327   0.85890   0.57487   0.89295   0.04926   0.10825   0.24844   0.80817   0.67795   0.00000   0.32393   0.79120   1.03050   1.10227   1.27838   1.05252   0.48996   0.41937   0.51551   0.21739   1.51373   0.46643   0.20289   0.04507   0.26703   0.10451   0.21188   0.20881   0.13498   1.35700   0.18211   2.02887   0.88492   1.90554   2.78718   2.09896   0.07919   1.50275  
 79  3.2858   7437.893891  x:  5.05672   0.11169   0.06614   0.44146   0.64354   0.85879   0.57869   0.89951   0.05072   0.10669   0.25689   0.81294   0.68583   0.00000   0.33305   0.79502   1.02613   1.10720   1.27623   1.05057   0.48642   0.41445   0.51503   0.21596   1.50275   0.46700   0.20251   0.04547   0.26679   0.10446   0.21239   0.20931   0.13589   1.36573   0.17958   2.05863   0.89036   1.90660   2.78380   2.09901   0.07910   1.55258  
 80  3.7996   7437.877406  x:  5.06184   0.11080   0.06682   0.44459   0.64753   0.86257   0.58080   0.90055   0.05111   0.10902   0.25542   0.81273   0.68303   0.00000   0.33671   0.79554   1.02883   1.10744   1.27381   1.05472   0.48440   0.41810   0.52054   0.21929   1.49806   0.46073   0.20287   0.04595   0.26747   0.10484   0.21310   0.20995   0.13649   1.37353   0.18431   2.07877   0.88886   1.89865   2.77920   2.10564   0.07905   1.59224  
 81  2.1735   7437.859907  x:  5.05788   0.11184   0.06480   0.44726   0.65003   0.86872   0.58161   0.89924   0.04974   0.10900   0.25584   0.81517   0.68325   0.00000   0.33812   0.79309   1.03847   1.10552   1.27378   1.06236   0.48796   0.41543   0.51641   0.22738   1.50243   0.46423   0.20228   0.04645   0.26772   0.10518   0.21319   0.21038   0.13474   1.38297   0.18415   2.09756   0.88048   1.89850   2.78102   2.11154   0.07900   1.64612  
 82  2.1868   7437.832005  x:  5.04469   0.11466   0.06570   0.44538   0.64746   0.87611   0.58178   0.89818   0.04968   0.10649   0.25695   0.81803   0.68761   0.00000   0.33744   0.78751   1.05439   1.10184   1.27690   1.06961   0.49072   0.41950   0.51794   0.21655   1.51424   0.46231   0.20324   0.04665   0.26812   0.10550   0.21358   0.21012   0.13568   1.39625   0.18529   2.12164   0.87062   1.90727   2.78712   2.12252   0.07897   1.74084  
 83  4.5751   7437.804035  x:  5.02443   0.10832   0.06434   0.44307   0.64473   0.87655   0.58309   0.90177   0.04947   0.10765   0.25348   0.81426   0.68947   0.00000   0.33457   0.78460   1.06304   1.09914   1.28373   1.06435   0.48323   0.41816   0.52091   0.21648   1.52656   0.47038   0.20375   0.04660   0.26880   0.10566   0.21339   0.21012   0.13819   1.40271   0.19456   2.13448   0.87640   1.91207   2.79718   2.13578   0.07898   1.84668  
 84  4.1486   7437.729122  x:  4.96055   0.11490   0.06093   0.45473   0.65370   0.86776   0.58286   0.91224   0.04809   0.10561   0.25492   0.81081   0.68665   0.00000   0.32743   0.78730   1.06592   1.09569   1.30591   1.04187   0.48656   0.41837   0.52145   0.21608   1.54340   0.46771   0.20597   0.04627   0.27016   0.10568   0.21348   0.20968   0.13759   1.40755   0.17607   2.13996   0.89454   1.90411   2.83098   2.17603   0.07914   2.14709  
 85  6.3065   7437.609466  x:  4.85343   0.11616   0.06000   0.44154   0.64345   0.85130   0.56857   0.90648   0.04735   0.10226   0.25233   0.82692   0.68297   0.00000   0.32535   0.80678   1.05533   1.09693   1.32719   1.05669   0.49755   0.41936   0.51469   0.22475   1.53506   0.45326   0.20528   0.04748   0.26885   0.10607   0.21289   0.20917   0.13466   1.41554   0.18057   2.11034   0.91678   1.90167   2.89975   2.23848   0.07949   2.64635  
 86 10.5708   7437.449014  x:  4.71314   0.11307   0.06156   0.44783   0.65392   0.85449   0.57891   0.90272   0.04763   0.10388   0.25161   0.82235   0.68286   0.00000   0.29848   0.82225   1.03517   1.09750   1.32063   1.08070   0.48685   0.41545   0.52126   0.21901   1.49869   0.46347   0.20433   0.04777   0.26811   0.10539   0.21173   0.20903   0.14039   1.43298   0.17425   2.04464   0.91154   1.91683   2.99471   2.32532   0.08011   3.32055  
 87 19.8832   7437.383045  x:  4.66208   0.11920   0.06354   0.43936   0.64332   0.86382   0.57920   0.89778   0.04991   0.10306   0.25674   0.80461   0.68458   0.00000   0.30010   0.81999   1.03752   1.09622   1.30181   1.06074   0.49088   0.41842   0.51242   0.21507   1.48561   0.46809   0.20389   0.04723   0.26675   0.10464   0.21132   0.20832   0.13315   1.44698   0.18247   2.01219   0.89851   1.90451   3.03923   2.35816   0.08030   3.60480  
 88 11.0501   7437.351202  x:  4.64491   0.11297   0.06514   0.44051   0.64333   0.86293   0.56707   0.89037   0.05042   0.10542   0.25284   0.80776   0.67859   0.00000   0.31430   0.80681   1.04163   1.08986   1.28247   1.04406   0.48592   0.41251   0.51466   0.21683   1.48442   0.46080   0.20241   0.04734   0.26518   0.10398   0.21047   0.20755   0.13846   1.45280   0.17940   1.99707   0.88942   1.90734   3.06607   2.36946   0.08035   3.75013  
 89  5.5573   7437.334122  x:  4.64398   0.11817   0.06492   0.44031   0.64116   0.85527   0.57113   0.89440   0.05094   0.10612   0.25156   0.80990   0.67507   0.00000   0.32638   0.78485   1.03750   1.07908   1.26641   1.04463   0.48168   0.41302   0.51349   0.21813   1.48552   0.45872   0.20183   0.04744   0.26475   0.10381   0.21020   0.20737   0.13260   1.45163   0.17956   1.99181   0.89008   1.90921   3.07850   2.37759   0.08041   3.83862  
 90  2.9328   7437.325388  x:  4.64899   0.11394   0.06498   0.44233   0.64082   0.85101   0.57071   0.89299   0.05064   0.10440   0.25312   0.80619   0.67734   0.00000   0.33418   0.77246   1.03534   1.07700   1.25787   1.04847   0.48662   0.41359   0.51219   0.21592   1.48468   0.46138   0.20221   0.04726   0.26494   0.10383   0.21026   0.20741   0.13729   1.44941   0.17905   1.99128   0.89261   1.90593   3.08274   2.38373   0.08043   3.89185  
 91  2.4531   7437.313928  x:  4.66845   0.11694   0.06320   0.44213   0.64138   0.85208   0.56972   0.88857   0.05026   0.10334   0.25142   0.80233   0.68047   0.00000   0.34316   0.76729   1.03817   1.09085   1.24896   1.05180   0.48297   0.41232   0.51426   0.21508   1.48171   0.46288   0.20262   0.04706   0.26530   0.10387   0.21019   0.20727   0.13430   1.44660   0.17606   1.99568   0.89597   1.90505   3.08944   2.39007   0.08038   3.98048  
 92  1.6417   7437.295931  x:  4.70842   0.11507   0.06245   0.44035   0.64220   0.85836   0.57561   0.89137   0.04949   0.10089   0.25548   0.80812   0.67715   0.00000   0.34316   0.76397   1.03644   1.10661   1.24002   1.04723   0.48622   0.41560   0.51154   0.21950   1.47945   0.45951   0.20412   0.04650   0.26617   0.10402   0.21058   0.20729   0.13794   1.44959   0.17912   2.00466   0.89592   1.91089   3.09638   2.40313   0.08028   4.13420  
 93  3.5905   7437.244423  x:  4.84150   0.11551   0.06220   0.43544   0.64426   0.86745   0.56867   0.90055   0.05004   0.10143   0.25285   0.81800   0.67775   0.00000   0.33714   0.77286   1.02017   1.10631   1.25149   1.04872   0.48855   0.40889   0.52128   0.21491   1.48975   0.46839   0.20564   0.04541   0.26742   0.10411   0.21146   0.20774   0.13713   1.48160   0.18232   2.03495   0.88430   1.90234   3.12053   2.43377   0.07990   4.60768  
 94  5.1369   7437.208287  x:  4.93534   0.11312   0.06313   0.44079   0.64777   0.86782   0.56857   0.90160   0.05093   0.10226   0.25418   0.80746   0.68094   0.00000   0.33933   0.78679   1.02261   1.09942   1.26822   1.05458   0.48147   0.41932   0.51200   0.21810   1.50004   0.46445   0.20516   0.04522   0.26797   0.10405   0.21215   0.20836   0.13915   1.50072   0.18244   2.05484   0.88149   1.90971   3.13581   2.45327   0.07960   4.94673  
 95 12.3669   7437.193714  x:  4.97130   0.11417   0.06503   0.44344   0.64422   0.86399   0.57689   0.89899   0.05174   0.10335   0.25450   0.80580   0.68448   0.00000   0.33380   0.79163   1.03665   1.09625   1.27380   1.05647   0.48741   0.41439   0.51895   0.22181   1.50484   0.46119   0.20546   0.04494   0.26807   0.10401   0.21286   0.20887   0.13955   1.50181   0.18253   2.06168   0.88513   1.91289   3.13742   2.46093   0.07950   5.09329  
 96  5.3745   7437.188543  x:  4.98154   0.11415   0.06600   0.44464   0.64450   0.86299   0.57900   0.89659   0.05249   0.10425   0.25473   0.81253   0.68304   0.00000   0.33067   0.79189   1.04523   1.09597   1.27624   1.05690   0.48588   0.41705   0.51723   0.21930   1.50554   0.46542   0.20537   0.04493   0.26822   0.10402   0.21308   0.20924   0.14009   1.49979   0.18229   2.06337   0.88770   1.90975   3.13577   2.46208   0.07948   5.15346  
 97  2.6896   7437.182518  x:  4.97840   0.11431   0.06663   0.43885   0.64917   0.87095   0.57473   0.90186   0.05287   0.10473   0.25617   0.81115   0.68007   0.00000   0.33096   0.78501   1.04924   1.09609   1.28397   1.05830   0.48714   0.41646   0.51804   0.21965   1.50230   0.46554   0.20509   0.04495   0.26797   0.10409   0.21314   0.20939   0.14017   1.49811   0.18182   2.06118   0.89002   1.91074   3.12593   2.45224   0.07949   5.27124  
 98  0.9237   7437.168285  x:  4.96008   0.11422   0.06611   0.43981   0.65002   0.87322   0.57154   0.90420   0.05260   0.10604   0.24922   0.81389   0.69314   0.00000   0.32661   0.77953   1.04742   1.09655   1.28525   1.05622   0.48673   0.41885   0.51553   0.22287   1.50018   0.46138   0.20502   0.04467   0.26799   0.10421   0.21305   0.20939   0.13973   1.50938   0.18158   2.05389   0.89078   1.90968   3.09684   2.42352   0.07954   5.58427  
 99  3.2556   7437.111935  x:  4.88054   0.11242   0.06379   0.44895   0.63951   0.85903   0.57579   0.90085   0.04968   0.10553   0.25369   0.81173   0.68149   0.00000   0.33265   0.78565   1.03742   1.10088   1.28084   1.05484   0.48704   0.41616   0.51676   0.21946   1.50205   0.46174   0.20398   0.04430   0.26711   0.10485   0.21252   0.20901   0.13676   1.56969   0.18023   2.02502   0.88941   1.90956   2.98323   2.30512   0.07973   6.83725  
100 15.2168   7437.107782  x:  4.87439   0.11234   0.06372   0.44115   0.64779   0.85745   0.58036   0.89402   0.04961   0.10518   0.25379   0.81148   0.68186   0.00000   0.33310   0.78696   1.03579   1.09853   1.27916   1.05347   0.48786   0.41601   0.51665   0.21912   1.50367   0.46155   0.20403   0.04424   0.26705   0.10485   0.21247   0.20893   0.13653   1.57642   0.17969   2.02413   0.89114   1.90941   2.97829   2.29932   0.07975   6.94281  
101  2.9016   7437.075634  x:  4.82563   0.11537   0.06330   0.44032   0.64432   0.86546   0.57362   0.89885   0.04960   0.10296   0.25543   0.81096   0.68006   0.00000   0.32973   0.79682   1.04412   1.08277   1.26516   1.05564   0.48803   0.41577   0.51549   0.21785   1.49947   0.46296   0.20445   0.04487   0.26706   0.10484   0.21194   0.20855   0.13919   1.64130   0.17710   2.03905   0.89883   1.91151   3.02379   2.34167   0.07997   8.11098  
102  1.2029   7437.067739  x:  4.81624   0.11561   0.06352   0.44096   0.64491   0.85666   0.57555   0.89752   0.05000   0.10324   0.25493   0.81044   0.67921   0.00000   0.32883   0.78689   1.04651   1.09099   1.27442   1.05483   0.48793   0.41552   0.51556   0.21809   1.49560   0.46291   0.20443   0.04504   0.26707   0.10477   0.21185   0.20851   0.13934   1.66822   0.17852   2.04026   0.89460   1.91192   3.03339   2.35064   0.08002   8.41917  
103  6.1432   7437.065364  x:  4.81886   0.11580   0.06390   0.44327   0.64295   0.86273   0.57764   0.89452   0.05028   0.10385   0.25477   0.81191   0.67948   0.00000   0.33150   0.78404   1.04382   1.09400   1.27662   1.05556   0.48808   0.41574   0.51628   0.21844   1.49998   0.46317   0.20449   0.04516   0.26728   0.10478   0.21207   0.20874   0.13929   1.68154   0.17760   2.03860   0.89855   1.91230   3.02572   2.34630   0.08001   8.57265  
104  1.4375   7437.056929  x:  4.83647   0.11632   0.06517   0.44179   0.64902   0.86223   0.57451   0.90426   0.05123   0.10406   0.25545   0.81319   0.68299   0.00000   0.33520   0.78561   1.04545   1.10297   1.27251   1.05925   0.48919   0.41702   0.51735   0.21896   1.51080   0.46450   0.20494   0.04536   0.26792   0.10467   0.21264   0.20931   0.13997   1.72367   0.17917   2.03582   0.89833   1.91211   2.98504   2.31404   0.07995   9.21375  
105  3.6855   7437.043359  x:  4.86783   0.11673   0.06544   0.44198   0.64563   0.86321   0.57496   0.89917   0.05204   0.10386   0.25432   0.81117   0.68268   0.00000   0.33136   0.78300   1.04372   1.09840   1.27595   1.05630   0.48755   0.41649   0.51633   0.21962   1.50077   0.46389   0.20502   0.04546   0.26771   0.10421   0.21235   0.20888   0.14097   1.77962   0.18016   2.04421   0.89252   1.91233   2.92450   2.24741   0.07979  10.27383  
106  9.2525   7437.029614  x:  4.89552   0.11441   0.06389   0.44046   0.64390   0.86209   0.57557   0.89706   0.05027   0.10401   0.25444   0.80971   0.68172   0.00000   0.32722   0.79021   1.04211   1.08909   1.27296   1.05406   0.48754   0.41610   0.51526   0.21886   1.49312   0.46232   0.20386   0.04529   0.26681   0.10431   0.21228   0.20855   0.13983   1.92523   0.17863   2.04160   0.89106   1.91130   2.94061   2.25691   0.07971  12.70103  
107  0.9492   7437.023217  x:  4.86731   0.11575   0.06415   0.44095   0.64515   0.86221   0.57540   0.89876   0.05074   0.10361   0.25461   0.81114   0.68180   0.00000   0.33016   0.78716   1.04368   1.09368   1.27420   1.05569   0.48798   0.41626   0.51597   0.21895   1.49888   0.46312   0.20454   0.04511   0.26739   0.10450   0.21219   0.20879   0.14043   2.04810   0.17853   2.03908   0.89349   1.91221   2.89643   2.21673   0.07982  14.76250  
108  1.3207   7437.020199  x:  4.85856   0.11655   0.06469   0.44135   0.64525   0.86250   0.57523   0.89872   0.05134   0.10355   0.25462   0.81122   0.68186   0.00000   0.33076   0.78518   1.04437   1.09515   1.27482   1.05612   0.48774   0.41632   0.51609   0.21914   1.49988   0.46350   0.20490   0.04506   0.26762   0.10447   0.21214   0.20883   0.14112   2.14646   0.17896   2.04049   0.89341   1.91251   2.91366   2.23504   0.07985  16.47829  
109  1.1508   7437.018064  x:  4.87050   0.11598   0.06464   0.44113   0.64472   0.86239   0.57555   0.89776   0.05105   0.10403   0.25465   0.81046   0.68205   0.00000   0.32933   0.78663   1.04264   1.09410   1.27428   1.05536   0.48769   0.41635   0.51572   0.21901   1.49763   0.46296   0.20434   0.04524   0.26726   0.10437   0.21226   0.20875   0.14101   2.31727   0.17882   2.04159   0.89187   1.91224   2.89725   2.21684   0.07979  19.44573  
110  1.4980   7437.017575  x:  4.86941   0.11588   0.06442   0.44101   0.64488   0.86234   0.57548   0.89824   0.05093   0.10378   0.25466   0.81080   0.68194   0.00000   0.32965   0.78697   1.04314   1.09386   1.27421   1.05559   0.48778   0.41631   0.51582   0.21897   1.49823   0.46303   0.20444   0.04521   0.26737   0.10441   0.21220   0.20878   0.14093   2.38898   0.17864   2.04059   0.89251   1.91218   2.90584   2.22577   0.07981  20.73951  
111  0.8828   7437.017434  x:  4.86770   0.11605   0.06447   0.44108   0.64496   0.86237   0.57548   0.89828   0.05103   0.10373   0.25465   0.81089   0.68193   0.00000   0.32993   0.78650   1.04334   1.09416   1.27435   1.05568   0.48773   0.41631   0.51589   0.21902   1.49863   0.46311   0.20454   0.04518   0.26743   0.10442   0.21217   0.20880   0.14104   2.45644   0.17871   2.04034   0.89254   1.91226   2.90244   2.22268   0.07982  21.94621  
112  0.7554   7437.017392  x:  4.86905   0.11599   0.06453   0.44110   0.64487   0.86238   0.57551   0.89811   0.05102   0.10385   0.25466   0.81074   0.68197   0.00000   0.32969   0.78658   1.04312   1.09412   1.27428   1.05557   0.48772   0.41633   0.51583   0.21900   1.49826   0.46304   0.20444   0.04520   0.26736   0.10441   0.21220   0.20879   0.14105   2.48426   0.17872   2.04079   0.89232   1.91221   2.90594   2.22595   0.07981  22.48498  
113  0.2722   7437.017323  x:  4.86789   0.11592   0.06446   0.44105   0.64492   0.86230   0.57551   0.89823   0.05097   0.10375   0.25465   0.81086   0.68196   0.00000   0.32982   0.78685   1.04295   1.09418   1.27431   1.05565   0.48777   0.41631   0.51585   0.21899   1.49854   0.46304   0.20448   0.04519   0.26742   0.10441   0.21218   0.20879   0.14101   2.48707   0.17867   2.04048   0.89245   1.91215   2.91106   2.23116   0.07982  22.68318  
114  0.0347   7437.017300  x:  4.86836   0.11598   0.06451   0.44112   0.64491   0.86235   0.57551   0.89815   0.05102   0.10380   0.25464   0.81080   0.68195   0.00000   0.32982   0.78652   1.04313   1.09416   1.27431   1.05559   0.48771   0.41631   0.51586   0.21900   1.49845   0.46306   0.20448   0.04520   0.26739   0.10441   0.21219   0.20879   0.14104   2.45854   0.17875   2.04051   0.89237   1.91215   2.91458   2.23470   0.07982  22.23473  
115  0.2834   7437.017300  x:  4.86840   0.11596   0.06451   0.44111   0.64491   0.86234   0.57552   0.89816   0.05101   0.10381   0.25465   0.81080   0.68196   0.00000   0.32982   0.78656   1.04308   1.09419   1.27431   1.05560   0.48772   0.41632   0.51586   0.21900   1.49846   0.46306   0.20447   0.04520   0.26739   0.10441   0.21219   0.20879   0.14104   2.45439   0.17873   2.04053   0.89238   1.91215   2.91439   2.23452   0.07982  22.15487  
116  0.0739   7437.017300  x:  4.86839   0.11596   0.06451   0.44111   0.64491   0.86234   0.57552   0.89816   0.05101   0.10381   0.25465   0.81081   0.68196   0.00000   0.32982   0.78657   1.04308   1.09419   1.27431   1.05560   0.48772   0.41632   0.51586   0.21900   1.49846   0.46306   0.20448   0.04520   0.26739   0.10441   0.21219   0.20879   0.14104   2.45445   0.17873   2.04053   0.89238   1.91215   2.91439   2.23451   0.07982  22.15556  
117  0.0007   7437.017300  x:  4.86838   0.11596   0.06451   0.44111   0.64491   0.86234   0.57552   0.89816   0.05101   0.10381   0.25465   0.81081   0.68196   0.00000   0.32982   0.78657   1.04308   1.09419   1.27431   1.05560   0.48772   0.41632   0.51586   0.21900   1.49846   0.46306   0.20448   0.04520   0.26739   0.10441   0.21219   0.20879   0.14104   2.45443   0.17873   2.04053   0.89238   1.91215   2.91439   2.23451   0.07982  22.15536  
118  0.0001   7437.017300  x:  4.86838   0.11596   0.06451   0.44111   0.64491   0.86234   0.57552   0.89816   0.05101   0.10381   0.25465   0.81081   0.68196   0.00000   0.32982   0.78657   1.04308   1.09419   1.27431   1.05560   0.48772   0.41632   0.51586   0.21900   1.49846   0.46306   0.20448   0.04520   0.26739   0.10441   0.21219   0.20879   0.14104   2.45444   0.17873   2.04053   0.89238   1.91215   2.91439   2.23451   0.07982  22.15540  