

TREE # 1

  0  0.0000   9224.669780  x:  0.17444   0.02804   0.07307   0.00000   0.21220   0.15259   0.14764   0.15672   0.09176   0.01488   0.10164   0.09888   0.08304   0.02822   0.03654   0.11840   0.16638   0.13073   0.17006   0.12456   0.13600   0.08105   0.05011   0.02312   0.14692   0.15208   0.08109   0.04353   0.13235   0.02986   0.05286   0.04009   0.10565   0.11049   0.05181   0.16210   0.10351   2.00000   1.39835   0.16116   0.29812   1.40136  
  1 99.0000   8107.011661  x:  0.34004   0.14978   0.13481   0.33221   0.26397   0.21952   0.20734   0.22954   0.13414   0.10668   0.15983   0.22831   0.21523   0.10001   0.17122   0.18816   0.24380   0.24333   0.25613   0.23695   0.18674   0.18102   0.21965   0.13365   0.27088   0.19726   0.10927   0.05611   0.15056   0.08434   0.12736   0.14593   0.14752   0.24604   0.15153   0.28482   0.25777   1.99210   1.43253   0.12846   0.00000   1.40041  
  2 3559.5530   7955.376184  x:  0.55394   0.30700   0.21452   0.76119   0.33083   0.30596   0.28445   0.32360   0.18887   0.22522   0.23497   0.39546   0.38596   0.19271   0.34514   0.27828   0.34380   0.38878   0.36731   0.38212   0.25227   0.31013   0.43859   0.27637   0.43101   0.25560   0.14564   0.07234   0.17407   0.15468   0.22355   0.28259   0.20159   0.42112   0.28032   0.44334   0.45699   1.98189   1.47668   0.08623   0.00121   1.39918  
  3 19600.3795   7866.758234  x:  0.65848   0.28964   0.15850   0.75132   0.32716   0.33142   0.31883   0.37600   0.12655   0.16952   0.19711   0.41165   0.38822   0.15557   0.35399   0.31157   0.39593   0.45494   0.41787   0.40575   0.22994   0.28261   0.41378   0.23827   0.50177   0.25347   0.10489   0.00000   0.14212   0.06974   0.14970   0.20171   0.18657   0.46217   0.28461   0.51970   0.50556   1.97941   1.42626   0.13956   0.00120   1.39717  
  4 375.6265   7808.319323  x:  0.80981   0.25152   0.06205   0.72286   0.31498   0.36578   0.35692   0.43945   0.02113   0.07799   0.13956   0.43300   0.38921   0.09532   0.36025   0.34986   0.46040   0.53775   0.48548   0.44101   0.20537   0.24329   0.37230   0.17201   0.60462   0.24763   0.15310   0.12413   0.15375   0.01928   0.07667   0.09628   0.14841   0.51954   0.27715   0.62317   0.56532   1.97677   1.35098   0.22002   0.00118   1.39337  
  5 788.7790   7794.138627  x:  0.84515   0.23718   0.04126   0.70643   0.31022   0.37260   0.36272   0.45132   0.00000   0.05857   0.12877   0.43615   0.38828   0.08132   0.35816   0.35587   0.47275   0.55359   0.49958   0.44982   0.20627   0.23544   0.35934   0.15580   0.62731   0.24429   0.15124   0.12614   0.16161   0.05114   0.09145   0.09550   0.13420   0.53217   0.26927   0.64538   0.57462   1.97629   1.33131   0.24124   0.00117   1.39219  
  6 465.8356   7770.239851  x:  0.97695   0.16468   0.03225   0.60954   0.28702   0.39279   0.36389   0.47450   0.00913   0.04623   0.12729   0.44444   0.39278   0.05314   0.33888   0.36034   0.49964   0.58917   0.54127   0.49677   0.26627   0.23368   0.30989   0.12453   0.70750   0.23773   0.15451   0.14780   0.18223   0.00000   0.17778   0.18168   0.05419   0.58284   0.20555   0.71453   0.58402   1.97414   1.25558   0.32498   0.00116   1.38592  
  7 286.4604   7752.290943  x:  1.06914   0.11464   0.06334   0.52716   0.27628   0.40697   0.36190   0.48750   0.05488   0.07030   0.14443   0.44943   0.40075   0.04894   0.32363   0.35978   0.51495   0.60852   0.56857   0.53373   0.31237   0.24258   0.28252   0.12233   0.75995   0.24474   0.15847   0.15984   0.19085   0.01756   0.15983   0.19731   0.00000   0.62388   0.15297   0.76063   0.58338   1.97242   1.20403   0.38325   0.00115   1.38064  
  8 395.7217   7739.753323  x:  1.19808   0.12822   0.03097   0.34254   0.31557   0.43451   0.33286   0.47114   0.03361   0.08028   0.20343   0.46639   0.43003   0.06534   0.29255   0.32113   0.50027   0.58191   0.59124   0.58823   0.35765   0.32469   0.34779   0.16168   0.79241   0.28273   0.17670   0.15263   0.22828   0.01376   0.18146   0.16590   0.06079   0.73512   0.09480   0.81659   0.55057   1.96366   1.14291   0.46409   0.00113   1.36478  
  9 112.5057   7737.561500  x:  1.23429   0.13022   0.05911   0.29585   0.38709   0.44578   0.33830   0.47289   0.02346   0.05976   0.20238   0.46799   0.43920   0.06413   0.29182   0.31762   0.49956   0.56792   0.59481   0.59463   0.34644   0.31429   0.35886   0.17420   0.77627   0.28482   0.18209   0.16104   0.20486   0.01877   0.17154   0.20056   0.07516   0.76448   0.11306   0.83036   0.54414   1.95914   1.13001   0.49282   0.00112   1.35176  
 10 45.0479   7736.491660  x:  1.25518   0.11443   0.05049   0.27763   0.45141   0.44708   0.34707   0.47852   0.03604   0.07629   0.21084   0.47278   0.44997   0.07269   0.30353   0.32912   0.50730   0.56133   0.59488   0.59746   0.34091   0.29858   0.36688   0.17287   0.75044   0.27476   0.17720   0.16527   0.21420   0.01596   0.18777   0.18689   0.06373   0.77639   0.13294   0.83505   0.53958   1.95686   1.12777   0.51703   0.00112   1.33335  
 11 30.1405   7735.986148  x:  1.26572   0.11512   0.03689   0.28042   0.46654   0.43313   0.34708   0.48044   0.04172   0.06863   0.20419   0.47643   0.45363   0.06381   0.31441   0.34300   0.51774   0.56570   0.59026   0.59283   0.35081   0.30859   0.38187   0.18236   0.73447   0.28064   0.18223   0.16052   0.22968   0.01560   0.17685   0.19654   0.04728   0.78038   0.13673   0.83293   0.53475   1.95613   1.13392   0.54550   0.00112   1.30362  
 12 12.0130   7734.829634  x:  1.29638   0.15015   0.05400   0.28724   0.46482   0.39774   0.35083   0.49099   0.04643   0.06397   0.19019   0.48348   0.45867   0.05776   0.33991   0.36931   0.54031   0.58226   0.57940   0.58896   0.36519   0.31681   0.39008   0.19965   0.71688   0.29702   0.19520   0.16018   0.22285   0.01634   0.19837   0.18025   0.03099   0.79170   0.14694   0.83204   0.53600   1.95271   1.16294   0.63046   0.00112   1.20438  
 13 21.4894   7732.100172  x:  1.34173   0.19090   0.03205   0.30879   0.44852   0.37802   0.37092   0.51152   0.03278   0.08814   0.21456   0.50686   0.47680   0.07868   0.37150   0.38483   0.55508   0.59737   0.56246   0.60110   0.37720   0.31769   0.39263   0.19870   0.71798   0.30189   0.20041   0.16693   0.20660   0.02163   0.19063   0.20418   0.02087   0.81095   0.16618   0.83738   0.55631   1.94834   1.24286   0.78081   0.00111   1.00000  
 14 47.6184   7727.134029  x:  1.42810   0.22020   0.06541   0.41200   0.44938   0.43051   0.41658   0.54190   0.01843   0.06885   0.24805   0.54814   0.51444   0.08337   0.40227   0.37938   0.55142   0.61848   0.53794   0.63683   0.38565   0.33004   0.42644   0.21731   0.77865   0.30866   0.18388   0.17233   0.27259   0.01887   0.19315   0.21225   0.00000   0.86032   0.18208   0.86334   0.61722   1.94128   1.46742   1.13438   0.00109   1.00000  
 15 62.1643   7722.980776  x:  1.46589   0.16531   0.03521   0.52243   0.47855   0.49777   0.40063   0.52926   0.06061   0.06951   0.23326   0.55777   0.53252   0.06295   0.41748   0.39935   0.56524   0.66384   0.58347   0.67505   0.39991   0.36333   0.48381   0.24603   0.85104   0.31446   0.21267   0.17849   0.21377   0.03031   0.21678   0.21323   0.00000   0.89583   0.16983   0.90292   0.65993   1.95882   1.66800   1.45852   0.00107   1.00000  
 16 66.2302   7721.191765  x:  1.45106   0.14887   0.04299   0.53954   0.48056   0.49782   0.37479   0.52836   0.06729   0.10833   0.18755   0.54955   0.53257   0.07320   0.42406   0.42081   0.59753   0.69377   0.66338   0.69657   0.38848   0.35189   0.48334   0.25698   0.86916   0.30560   0.22914   0.17230   0.25507   0.02913   0.21239   0.23625   0.00000   0.91263   0.17129   0.94076   0.66148   1.98248   1.74010   1.58136   0.00106   1.00000  
 17 30.7478   7720.042717  x:  1.41654   0.13670   0.04306   0.54672   0.47918   0.47668   0.40980   0.57727   0.08114   0.11628   0.17664   0.57561   0.55304   0.04489   0.40226   0.40542   0.61704   0.69010   0.71398   0.69521   0.41200   0.35827   0.47718   0.26432   0.86606   0.29675   0.20547   0.18752   0.25743   0.03141   0.21374   0.23932   0.00000   0.92581   0.16884   0.97490   0.64124   2.00463   1.77826   1.66473   0.00106   1.00000  
 18 14.7434   7718.893397  x:  1.39965   0.13327   0.04047   0.54738   0.48796   0.46406   0.41070   0.58693   0.08946   0.08988   0.18704   0.59983   0.55915   0.06234   0.38382   0.38473   0.64645   0.68093   0.74323   0.71273   0.43106   0.36123   0.45463   0.26055   0.87606   0.31699   0.20929   0.18368   0.25958   0.03282   0.21463   0.23283   0.06808   0.93429   0.18604   1.01195   0.64190   2.01314   1.84872   1.76184   0.00105   1.00000  
 19 14.4025   7715.156741  x:  1.40806   0.10257   0.07328   0.55098   0.51727   0.44823   0.40738   0.58430   0.04385   0.05802   0.22775   0.63419   0.56903   0.10792   0.36605   0.35547   0.72559   0.66709   0.75936   0.75844   0.43822   0.38881   0.43365   0.20923   0.89936   0.35122   0.23649   0.15945   0.25715   0.03496   0.21119   0.21517   0.02615   0.92123   0.16601   1.07851   0.65309   2.01373   2.05683   2.07914   0.00105   1.00000  
 20 25.6266   7704.703305  x:  1.55550   0.20887   0.09691   0.41743   0.59328   0.54132   0.45110   0.59971   0.01337   0.12614   0.24919   0.57954   0.54647   0.00000   0.28763   0.36639   0.85775   0.70739   0.75270   0.81217   0.43006   0.43251   0.43526   0.07862   1.03335   0.38089   0.25672   0.12427   0.25969   0.04521   0.20076   0.19524   0.01660   0.93108   0.13029   1.23945   0.72804   1.97513   2.83702   2.92470   0.00102   1.00000  
 21 72.9430   7700.156802  x:  1.60717   0.20799   0.08315   0.37053   0.58187   0.56393   0.46453   0.61297   0.02539   0.11095   0.24150   0.57386   0.54145   0.01315   0.30121   0.38040   0.85557   0.71798   0.75705   0.81645   0.41757   0.41436   0.43257   0.10779   1.06495   0.39212   0.23770   0.12766   0.25807   0.04769   0.20123   0.19013   0.00000   0.94195   0.12633   1.26186   0.74251   1.96968   3.02569   3.11493   0.00102   1.00000  
 22 109.3510   7696.708237  x:  1.69209   0.19065   0.08669   0.36228   0.54975   0.56517   0.43299   0.60761   0.03341   0.10347   0.23572   0.59375   0.55444   0.00000   0.32003   0.38370   0.79563   0.72486   0.76459   0.79833   0.40845   0.38004   0.43511   0.09810   1.06494   0.35781   0.23560   0.11826   0.25541   0.05013   0.19347   0.18010   0.01419   0.98588   0.12956   1.25702   0.74269   1.97954   3.16426   3.28887   0.00102   1.00000  
 23 59.8013   7695.281973  x:  1.78609   0.14391   0.09449   0.37098   0.54557   0.55716   0.44691   0.64268   0.00572   0.11701   0.21857   0.60065   0.53856   0.01262   0.30856   0.38358   0.74752   0.74446   0.77681   0.77772   0.41131   0.38077   0.41600   0.08907   1.04599   0.37312   0.26919   0.09659   0.25092   0.05038   0.19196   0.17363   0.03221   1.02123   0.11281   1.24386   0.71255   1.99460   3.27947   3.34183   0.00101   1.00000  
 24 27.9497   7694.748671  x:  1.85066   0.13395   0.08750   0.39239   0.54570   0.53876   0.44074   0.64058   0.01919   0.11731   0.21478   0.58142   0.51943   0.02323   0.27625   0.37144   0.74267   0.75711   0.77460   0.76990   0.40103   0.39020   0.40095   0.08078   1.03574   0.39169   0.24371   0.10674   0.25316   0.05117   0.19016   0.17562   0.03116   1.01796   0.12525   1.24278   0.69434   2.00455   3.29630   3.35410   0.00101   1.00000  
 25 10.9136   7694.288777  x:  1.91037   0.11986   0.09084   0.39553   0.53877   0.52862   0.44083   0.62502   0.01085   0.11428   0.23822   0.57582   0.53712   0.00985   0.27305   0.36966   0.76731   0.76161   0.78852   0.76154   0.39658   0.38916   0.39679   0.10082   1.03747   0.37953   0.23530   0.10928   0.25255   0.05180   0.18933   0.17494   0.04134   0.97860   0.13064   1.24612   0.67337   2.00932   3.30345   3.33829   0.00101   1.00000  
 26  5.8375   7693.742669  x:  1.96706   0.12105   0.09161   0.39551   0.53062   0.53533   0.45995   0.62283   0.02446   0.10043   0.22768   0.57200   0.54310   0.02545   0.28604   0.36663   0.78732   0.75197   0.79725   0.76313   0.40670   0.39258   0.40983   0.09215   1.03779   0.35165   0.23826   0.10645   0.25169   0.05376   0.18689   0.17463   0.05380   0.93727   0.12456   1.25022   0.65898   2.01387   3.28811   3.32128   0.00101   1.00000  
 27 10.2899   7692.336440  x:  2.05833   0.11566   0.07704   0.41372   0.52032   0.56407   0.48656   0.62957   0.02882   0.12800   0.19366   0.59090   0.53941   0.01256   0.30680   0.35589   0.80251   0.71333   0.78740   0.78271   0.41908   0.36416   0.41113   0.12779   1.04396   0.37167   0.26057   0.08935   0.25675   0.05706   0.18519   0.17656   0.07077   0.88538   0.12334   1.26117   0.68381   2.02628   3.19706   3.31358   0.00101   1.00000  
 28 10.3563   7688.633086  x:  2.14701   0.09675   0.07967   0.40787   0.51218   0.57912   0.47905   0.65582   0.03593   0.12682   0.19153   0.64143   0.54112   0.00000   0.35028   0.40276   0.82260   0.72549   0.80522   0.81508   0.41779   0.36866   0.42684   0.11936   1.05210   0.40891   0.22772   0.09652   0.25585   0.06251   0.18442   0.18420   0.07334   0.91332   0.11531   1.27878   0.74923   2.03106   3.08880   3.25602   0.00099   1.00000  
 29 14.4526   7683.756354  x:  2.28754   0.15120   0.03856   0.46086   0.53618   0.58523   0.49474   0.73536   0.08544   0.07591   0.25216   0.62885   0.59082   0.02764   0.35235   0.44966   0.82886   0.83678   0.85679   0.85509   0.39026   0.34961   0.40453   0.19114   1.13332   0.36372   0.28192   0.05561   0.26321   0.07392   0.18818   0.19160   0.01596   1.07007   0.10242   1.33898   0.80823   2.02833   2.84664   3.19417   0.00097   1.00000  
 30 29.3498   7682.202440  x:  2.32316   0.14703   0.04335   0.47970   0.53782   0.58506   0.50164   0.74134   0.03864   0.09623   0.22640   0.60373   0.60824   0.06745   0.35803   0.43488   0.81403   0.88340   0.87688   0.84693   0.42102   0.36771   0.44312   0.22750   1.19056   0.33408   0.26011   0.05928   0.25267   0.07839   0.18637   0.18687   0.00440   1.12443   0.15705   1.38081   0.80612   2.02255   2.77154   3.20269   0.00096   1.00000  
 31 21.6663   7682.034719  x:  2.32572   0.15028   0.04199   0.48034   0.53953   0.58490   0.50250   0.73596   0.04026   0.09781   0.22191   0.61113   0.61218   0.06856   0.36220   0.42901   0.81287   0.88870   0.87713   0.84121   0.42097   0.36217   0.44588   0.22444   1.19880   0.34026   0.25939   0.05876   0.25238   0.07859   0.18654   0.18711   0.00000   1.12800   0.15838   1.38977   0.79679   2.02189   2.76921   3.19967   0.00096   1.00000  
 32  7.6723   7682.034719  x:  2.32572   0.15028   0.04199   0.48034   0.53953   0.58490   0.50250   0.73596   0.04026   0.09781   0.22191   0.61113   0.61218   0.06856   0.36220   0.42901   0.81287   0.88870   0.87713   0.84121   0.42097   0.36217   0.44588   0.22444   1.19880   0.34026   0.25939   0.05876   0.25238   0.07859   0.18654   0.18711   0.00000   1.12800   0.15838   1.38977   0.79679   2.02189   2.76921   3.19967   0.00096   1.00000  
 33  3.1315   7542.156492  x:  2.32573   0.15027   0.04203   0.48032   0.53953   0.58491   0.50250   0.73597   0.04028   0.09782   0.22192   0.61115   0.61218   0.06856   0.36222   0.42903   0.81288   0.88872   0.87714   0.84121   0.42097   0.36218   0.44588   0.22444   1.19880   0.34028   0.25930   0.05865   0.25237   0.07866   0.18657   0.18714   0.00001   1.12801   0.15838   1.38978   0.79680   2.02189   2.76923   3.19965   0.06927   1.00000  
 34 20381.4286   7489.971664  x:  2.36682   0.22365   0.14315   0.51850   0.59723   0.64481   0.56253   0.79408   0.13739   0.17643   0.28850   0.68841   0.66723   0.14370   0.43160   0.50249   0.86689   0.94576   0.93476   0.89441   0.48407   0.42964   0.51281   0.27861   1.24963   0.42265   0.24274   0.04122   0.30988   0.20337   0.27691   0.27625   0.59720   1.18261   0.21782   1.43836   0.85996   1.97464   3.05923   2.90758   0.08044   1.00000  
 35 292.2259   7465.570202  x:  2.42148   0.16658   0.08177   0.52187   0.62787   0.70932   0.61465   0.84902   0.07260   0.11568   0.28303   0.75604   0.69288   0.10772   0.46449   0.56756   0.92286   1.00766   0.99365   0.93333   0.49989   0.45398   0.53970   0.24085   1.30409   0.43711   0.19908   0.01400   0.26978   0.06149   0.20073   0.19799   0.59915   1.21087   0.22888   1.49812   0.90334   1.92541   3.25911   2.70395   0.08232   1.00000  
 36 108.0119   7459.584191  x:  2.45336   0.12957   0.05069   0.51876   0.63788   0.73870   0.63322   0.87103   0.03682   0.07972   0.27463   0.78372   0.70017   0.08019   0.47488   0.59771   0.94821   1.03612   1.02069   0.95061   0.50266   0.45578   0.54400   0.21934   1.33132   0.44060   0.20470   0.09083   0.26100   0.08104   0.18494   0.18396   0.57235   1.22251   0.22799   1.52946   0.92110   1.90215   3.34878   2.61188   0.08307   1.00000  
 37 180.7195   7456.005496  x:  2.49385   0.09092   0.05330   0.50738   0.63832   0.76039   0.63471   0.88047   0.03380   0.05487   0.26248   0.79823   0.69751   0.04571   0.47424   0.62222   0.96638   1.05765   1.04173   0.96524   0.49881   0.43968   0.53110   0.20537   1.35687   0.43878   0.17918   0.05377   0.26039   0.13348   0.21424   0.21765   0.52609   1.23120   0.21523   1.56211   0.93041   1.88243   3.40201   2.55508   0.08317   1.00000  
 38 70.8193   7454.265781  x:  2.56027   0.06435   0.10327   0.48309   0.62935   0.77874   0.61516   0.87699   0.08386   0.07789   0.25492   0.80180   0.68534   0.01602   0.46330   0.64822   0.98049   1.07538   1.06265   0.98520   0.49112   0.40786   0.50151   0.20522   1.38698   0.44003   0.20102   0.05578   0.26108   0.12613   0.21741   0.21604   0.50040   1.24244   0.18921   1.60693   0.93230   1.86381   3.42460   2.52580   0.08328   1.00000  
 39 36.5699   7453.149655  x:  2.60220   0.06315   0.10369   0.46553   0.62181   0.78675   0.60025   0.87190   0.07473   0.08794   0.25051   0.80115   0.67484   0.00000   0.45411   0.66033   0.98511   1.08101   1.07333   0.99420   0.48496   0.39615   0.49086   0.19870   1.40064   0.43675   0.20118   0.05486   0.26179   0.12659   0.21500   0.21297   0.51032   1.24918   0.17742   1.63335   0.93081   1.85834   3.42036   2.52548   0.08332   1.00000  
 40 33.7187   7451.587588  x:  2.78245   0.05411   0.08152   0.43894   0.61859   0.81528   0.55964   0.85858   0.07762   0.12376   0.26061   0.80220   0.64334   0.00000   0.41446   0.69292   0.98965   1.07533   1.10782   1.02605   0.49103   0.44697   0.52988   0.21013   1.43735   0.43807   0.19069   0.06989   0.24619   0.10565   0.23934   0.24598   0.50277   1.27004   0.15988   1.73092   0.90977   1.87017   3.39726   2.52755   0.08340   1.00000  
 41 27.4143   7449.956230  x:  3.00399   0.05987   0.07787   0.44135   0.63703   0.84960   0.54160   0.86015   0.09122   0.11783   0.27656   0.80847   0.62741   0.00000   0.37044   0.72363   0.99051   1.05797   1.14648   1.05463   0.49916   0.49981   0.57360   0.24221   1.46935   0.45182   0.19027   0.05636   0.27407   0.13837   0.21040   0.21650   0.48216   1.29568   0.16673   1.84052   0.88236   1.89457   3.36128   2.53611   0.08343   1.00000  
 42 43.6077   7448.031561  x:  3.28933   0.08047   0.09455   0.47790   0.67841   0.88807   0.57409   0.89463   0.07611   0.05409   0.29564   0.82478   0.65413   0.00000   0.33278   0.75401   0.99298   1.03124   1.19370   1.07413   0.49565   0.49669   0.57402   0.27042   1.48919   0.47014   0.21972   0.05622   0.27477   0.12599   0.24011   0.22751   0.46522   1.33102   0.21397   1.96491   0.85405   1.92625   3.29917   2.55919   0.08353   1.00000  
 43 38.2680   7446.592767  x:  3.53433   0.07157   0.08565   0.52326   0.71431   0.90710   0.63413   0.94036   0.06820   0.10079   0.32901   0.84568   0.71473   0.00000   0.33435   0.77817   1.00576   1.01391   1.23008   1.08381   0.51136   0.47137   0.55534   0.26982   1.48808   0.47680   0.20004   0.06129   0.26245   0.13811   0.23357   0.23992   0.43426   1.36063   0.26746   2.05395   0.83675   1.94776   3.23946   2.58052   0.08353   1.00000  
 44 40.8505   7445.978055  x:  3.64437   0.05846   0.07299   0.53078   0.70342   0.88920   0.66255   0.95516   0.07346   0.10439   0.30419   0.84902   0.73925   0.00000   0.37382   0.78685   1.03101   1.02804   1.23607   1.08300   0.53141   0.47811   0.56079   0.24896   1.47347   0.47540   0.20353   0.06212   0.30867   0.13040   0.24503   0.24700   0.41829   1.37637   0.27634   2.06962   0.83781   1.93891   3.20816   2.58673   0.08352   1.00000  
 45 14.4591   7445.184766  x:  3.78605   0.06662   0.08482   0.53594   0.67744   0.85020   0.69100   0.96412   0.07749   0.09213   0.25724   0.85103   0.76370   0.00000   0.44262   0.79069   1.07287   1.06149   1.23339   1.08131   0.55404   0.49777   0.57926   0.22961   1.45289   0.48458   0.20109   0.06065   0.27838   0.14541   0.24304   0.24508   0.39455   1.40000   0.27154   2.07083   0.84758   1.91584   3.16684   2.58865   0.08345   1.00000  
 46 21.7350   7444.496835  x:  3.90679   0.08580   0.06381   0.54895   0.66486   0.80676   0.68623   0.94631   0.05318   0.09761   0.28294   0.86297   0.76948   0.00000   0.49175   0.75755   1.09920   1.09961   1.20128   1.08230   0.53950   0.48583   0.58375   0.25757   1.44994   0.51117   0.22403   0.04718   0.27699   0.15294   0.24903   0.24821   0.34952   1.42287   0.24120   2.03483   0.87308   1.90708   3.15376   2.55064   0.08340   1.00000  
 47  9.7595   7443.944844  x:  3.99889   0.08391   0.05862   0.56164   0.66592   0.78618   0.67764   0.93094   0.05623   0.07658   0.30177   0.86893   0.75806   0.00000   0.51405   0.71996   1.10658   1.12740   1.16501   1.08169   0.51952   0.46763   0.58118   0.26774   1.45485   0.51525   0.18065   0.06142   0.28312   0.15004   0.24801   0.24931   0.32497   1.43977   0.21567   1.99438   0.89934   1.90638   3.13867   2.51720   0.08334   1.00000  
 48 17.5567   7443.383188  x:  4.08457   0.05648   0.06101   0.57152   0.68224   0.79926   0.67524   0.92691   0.04793   0.07076   0.29993   0.86412   0.72701   0.00000   0.51171   0.67321   1.08771   1.14352   1.11971   1.07864   0.50785   0.46661   0.57979   0.23867   1.46661   0.48257   0.19132   0.05371   0.27491   0.15563   0.23163   0.26201   0.30551   1.44959   0.20593   1.93811   0.92821   1.91291   3.12352   2.46857   0.08330   1.00000  
 49 11.3705   7443.085856  x:  4.12757   0.07299   0.06137   0.56452   0.68710   0.81914   0.67575   0.93087   0.04337   0.08108   0.28832   0.85788   0.71332   0.00000   0.50403   0.65438   1.06764   1.14637   1.10094   1.07526   0.50816   0.46875   0.57349   0.22298   1.47592   0.46655   0.18715   0.05225   0.27328   0.15941   0.25313   0.24218   0.28270   1.44829   0.21009   1.90444   0.93903   1.91149   3.11672   2.43151   0.08326   1.00000  
 50 12.2822   7442.715574  x:  4.16873   0.09522   0.04427   0.52690   0.67537   0.85337   0.67093   0.93916   0.04938   0.07955   0.26590   0.84843   0.71473   0.00000   0.49156   0.65493   1.03231   1.13974   1.09925   1.06452   0.51542   0.46480   0.55409   0.23080   1.48836   0.47484   0.18178   0.05182   0.27349   0.15995   0.23808   0.25843   0.25685   1.43223   0.22353   1.86310   0.93593   1.90078   3.09781   2.37934   0.08321   1.00000  
 51  8.0679   7442.445604  x:  4.19024   0.08477   0.05890   0.49969   0.66638   0.87182   0.66196   0.94151   0.03134   0.07973   0.26467   0.84581   0.72423   0.00000   0.48537   0.66683   1.01046   1.13254   1.10752   1.05625   0.51940   0.46731   0.54996   0.23737   1.49128   0.48535   0.17540   0.05279   0.27639   0.15937   0.23698   0.25883   0.24238   1.41551   0.22772   1.83819   0.92618   1.89554   3.07752   2.34446   0.08315   1.01471  
 52 12.1011   7442.100828  x:  4.21220   0.06381   0.04643   0.47197   0.66057   0.88720   0.64544   0.94049   0.03785   0.06966   0.27612   0.84782   0.73901   0.00000   0.47740   0.69358   0.99068   1.12517   1.12560   1.04701   0.51549   0.46227   0.54757   0.23062   1.48912   0.49185   0.17846   0.04882   0.26622   0.16423   0.24749   0.24272   0.23443   1.39245   0.22596   1.81570   0.90954   1.89195   3.04348   2.30205   0.08309   1.04883  
 53 14.6807   7441.464460  x:  4.24604   0.09410   0.05426   0.45983   0.67722   0.89210   0.61182   0.93143   0.04042   0.06308   0.29755   0.85457   0.74821   0.00000   0.45880   0.76244   0.98318   1.12017   1.16453   1.04034   0.49497   0.44945   0.55928   0.18540   1.46991   0.47756   0.17848   0.04772   0.26997   0.16356   0.23735   0.25186   0.20515   1.35574   0.20935   1.80579   0.87946   1.89120   2.97703   2.21135   0.08299   1.14745  
 54 12.0372   7440.242686  x:  4.29791   0.08831   0.04253   0.48870   0.72306   0.86629   0.58649   0.92110   0.02894   0.08214   0.24278   0.83533   0.69024   0.00000   0.39521   0.87332   1.00920   1.12058   1.20364   1.04947   0.47479   0.41574   0.54942   0.21042   1.43140   0.48246   0.17550   0.04705   0.26709   0.15865   0.23721   0.24547   0.17448   1.32596   0.20673   1.84615   0.86754   1.89243   2.82996   2.04143   0.08283   1.38165  
 55 14.5356   7438.306855  x:  4.39704   0.09714   0.05029   0.44299   0.64257   0.80232   0.62497   0.92444   0.03125   0.07428   0.28781   0.82194   0.66222   0.00000   0.26475   0.91399   1.05540   1.11424   1.21642   1.05678   0.48604   0.43552   0.49737   0.22157   1.42826   0.43040   0.17956   0.04673   0.26517   0.15082   0.22633   0.23532   0.13799   1.38925   0.21550   1.98551   0.92901   1.87996   2.57432   1.77582   0.08258   1.80146  
 56 16.6180   7436.758437  x:  4.51774   0.10031   0.05267   0.45600   0.62570   0.86089   0.61737   0.89481   0.03437   0.08541   0.25172   0.81088   0.70360   0.00000   0.28433   0.81055   1.03733   1.09208   1.22805   1.06422   0.50132   0.40539   0.50940   0.17511   1.50339   0.50150   0.18739   0.04687   0.26957   0.13681   0.22162   0.22539   0.13172   1.46826   0.13878   2.10699   0.93788   1.89441   2.34866   1.57726   0.08238   2.16845  
 57 13.8879   7435.960497  x:  4.60737   0.09901   0.05803   0.44528   0.63036   0.90720   0.57479   0.87336   0.03996   0.09151   0.25018   0.81317   0.69491   0.00000   0.38539   0.74996   1.02706   1.10730   1.23802   1.07038   0.46423   0.40332   0.50695   0.18633   1.55794   0.48144   0.19295   0.04853   0.27197   0.12823   0.21803   0.21970   0.13063   1.48555   0.19069   2.16255   0.93472   1.88331   2.22296   1.48137   0.08228   2.37580  
 58 16.5149   7435.673779  x:  4.65926   0.10172   0.05798   0.43633   0.64598   0.92345   0.57584   0.90076   0.03916   0.08894   0.26045   0.81912   0.68122   0.00000   0.42033   0.73387   1.02182   1.13780   1.21835   1.06721   0.48007   0.40782   0.49082   0.20983   1.57302   0.45511   0.19581   0.04969   0.27164   0.12400   0.21655   0.21671   0.13966   1.46812   0.16519   2.16556   0.89558   1.87846   2.18167   1.45371   0.08226   2.45706  
 59  7.7720   7435.462067  x:  4.73053   0.09960   0.06148   0.41498   0.65236   0.91294   0.56534   0.92857   0.04232   0.09180   0.26171   0.81300   0.68805   0.00000   0.40915   0.73091   1.01118   1.18476   1.16567   1.06497   0.47359   0.39566   0.50899   0.20464   1.56814   0.46957   0.19814   0.05007   0.27190   0.11870   0.21386   0.21365   0.15101   1.43608   0.17984   2.14803   0.87741   1.88149   2.16432   1.43499   0.08224   2.53125  
 60  4.5403   7435.371796  x:  4.77518   0.09847   0.06215   0.42207   0.65501   0.90475   0.55263   0.91661   0.04276   0.08913   0.26433   0.80790   0.69235   0.00000   0.40812   0.74052   0.99446   1.19028   1.14836   1.06807   0.48417   0.40888   0.48569   0.19683   1.55231   0.47952   0.19868   0.05022   0.27119   0.11539   0.21204   0.21138   0.15709   1.42225   0.18281   2.12914   0.88457   1.88177   2.16659   1.42943   0.08224   2.57053  
 61  3.3958   7435.268004  x:  4.83804   0.09732   0.06260   0.42644   0.64137   0.89822   0.57189   0.89917   0.04436   0.09011   0.26322   0.80070   0.68789   0.00000   0.41349   0.75736   0.96382   1.16723   1.14670   1.07404   0.47503   0.40285   0.49313   0.20613   1.52301   0.46914   0.19976   0.05030   0.27022   0.11144   0.20963   0.20832   0.16494   1.41151   0.16884   2.09407   0.90327   1.87921   2.18083   1.42931   0.08222   2.62670  
 62  3.0167   7435.197992  x:  4.87817   0.09694   0.06455   0.42660   0.63884   0.88722   0.57141   0.88997   0.04596   0.09161   0.26190   0.81804   0.67233   0.00000   0.40624   0.75315   0.97958   1.14608   1.16440   1.05103   0.48816   0.39441   0.49949   0.20681   1.51764   0.46820   0.20077   0.05021   0.26908   0.10886   0.20906   0.20684   0.16568   1.42207   0.17547   2.06053   0.89739   1.88331   2.20201   1.44404   0.08218   2.68181  
 63  1.6221   7435.116741  x:  4.91696   0.09594   0.06501   0.42998   0.64407   0.87824   0.57598   0.89408   0.04821   0.09611   0.25908   0.81143   0.67525   0.00000   0.39436   0.74136   1.00935   1.12891   1.18829   1.04286   0.46755   0.41129   0.49492   0.20835   1.51799   0.47027   0.20094   0.05011   0.26983   0.10680   0.20861   0.20652   0.16475   1.43237   0.17415   2.02645   0.88529   1.87910   2.23067   1.47249   0.08213   2.75544  
 64  3.3261   7435.025000  x:  4.94790   0.09795   0.06508   0.43865   0.64575   0.87322   0.56814   0.89910   0.04801   0.09284   0.26527   0.79039   0.68743   0.00000   0.39084   0.72960   1.03270   1.12354   1.20776   1.07234   0.48402   0.40847   0.50549   0.21480   1.52096   0.46167   0.20226   0.04961   0.26967   0.10534   0.20894   0.20661   0.15755   1.43145   0.17951   2.00840   0.88456   1.88033   2.26822   1.51800   0.08206   2.85109  
 65  3.2582   7434.879221  x:  4.97984   0.10417   0.06750   0.44653   0.64153   0.87538   0.57709   0.91284   0.05077   0.09418   0.26866   0.82433   0.68376   0.00000   0.40392   0.72856   1.03132   1.13620   1.21240   1.09911   0.48391   0.42329   0.51212   0.21558   1.51929   0.47478   0.20505   0.04850   0.27158   0.10493   0.21092   0.20925   0.13972   1.41692   0.18009   2.02179   0.90278   1.90314   2.32862   1.61035   0.08187   3.02029  
 66  3.8210   7434.799703  x:  4.99453   0.10622   0.06715   0.45667   0.64949   0.87758   0.58004   0.90593   0.05099   0.09452   0.27509   0.82293   0.68988   0.00000   0.40980   0.73478   1.01675   1.14696   1.20023   1.07492   0.48693   0.42782   0.52345   0.22006   1.51687   0.47472   0.20651   0.04786   0.27206   0.10393   0.21226   0.21027   0.12927   1.41944   0.18020   2.04864   0.90662   1.88291   2.36786   1.66071   0.08178   3.12048  
 67  4.3766   7434.771018  x:  4.99834   0.10639   0.06727   0.45267   0.64961   0.87023   0.58221   0.90023   0.05104   0.09387   0.27456   0.81117   0.69249   0.00000   0.41976   0.73830   1.00868   1.14578   1.19091   1.06528   0.48545   0.42803   0.52234   0.22046   1.51174   0.47193   0.20587   0.04730   0.27075   0.10334   0.21197   0.20956   0.12562   1.42858   0.18249   2.06453   0.89251   1.89954   2.39298   1.67329   0.08174   3.16492  
 68  2.2000   7434.757933  x:  4.99860   0.10565   0.06718   0.45243   0.64782   0.86409   0.58249   0.89811   0.05088   0.09343   0.27387   0.81463   0.69040   0.00000   0.42102   0.73382   1.00385   1.13708   1.18440   1.07242   0.48385   0.42720   0.52131   0.21791   1.50441   0.47254   0.20528   0.04701   0.27009   0.10303   0.21156   0.20922   0.12500   1.43158   0.18612   2.07298   0.87663   1.89298   2.40752   1.68088   0.08172   3.19554  
 69  1.1486   7434.706086  x:  4.99645   0.10789   0.06606   0.45813   0.63220   0.87629   0.57478   0.90229   0.05021   0.09291   0.27542   0.80995   0.68735   0.00000   0.41686   0.72210   1.02466   1.11319   1.18864   1.06110   0.48031   0.42521   0.51839   0.21641   1.48426   0.47027   0.20504   0.04557   0.26780   0.10154   0.21082   0.20826   0.12893   1.40477   0.18587   2.09608   0.87592   1.89562   2.46909   1.73446   0.08164   3.38492  
 70  0.8315   7434.589063  x:  4.98370   0.11412   0.06338   0.43644   0.66176   0.86127   0.58532   0.88970   0.04836   0.09367   0.27144   0.81629   0.69573   0.00000   0.39553   0.72913   1.02133   1.10651   1.23327   1.06573   0.48078   0.42596   0.51749   0.21797   1.49339   0.46083   0.20681   0.04307   0.26599   0.09942   0.21153   0.20843   0.13488   1.40923   0.18719   2.10646   0.88507   1.89978   2.58856   1.87497   0.08142   3.84073  
 71  3.9437   7434.553198  x:  4.97880   0.11590   0.06262   0.44516   0.65360   0.86535   0.58963   0.89614   0.04767   0.09364   0.28080   0.80775   0.68237   0.00000   0.39260   0.74354   1.01604   1.11180   1.24791   1.06845   0.48014   0.42518   0.51781   0.21192   1.50073   0.46879   0.20723   0.04241   0.26586   0.09887   0.21199   0.20889   0.13524   1.42455   0.19135   2.10103   0.88082   1.89884   2.62000   1.91746   0.08134   3.98776  
 72  5.4568   7434.537729  x:  4.97701   0.11641   0.06199   0.45577   0.64345   0.87035   0.58275   0.89905   0.04702   0.09469   0.27665   0.81328   0.68877   0.00000   0.38725   0.75268   1.01378   1.11565   1.24900   1.06954   0.47731   0.42537   0.51819   0.21556   1.50393   0.46240   0.20729   0.04229   0.26579   0.09872   0.21214   0.20891   0.13547   1.43584   0.19194   2.09594   0.87699   1.90112   2.63003   1.93052   0.08131   4.05739  
 73  2.5664   7434.439582  x:  4.97905   0.11952   0.06208   0.43356   0.66174   0.88451   0.56210   0.92243   0.04806   0.09353   0.27493   0.81113   0.68697   0.00000   0.38991   0.77698   1.02036   1.09404   1.25048   1.07300   0.47745   0.42075   0.51473   0.21617   1.49184   0.46497   0.20504   0.04217   0.26635   0.10086   0.21197   0.20905   0.12270   1.45204   0.18530   2.07812   0.89355   1.89569   2.62646   1.92447   0.08106   4.60612  
 74  1.0333   7434.261521  x:  4.98721   0.12289   0.06314   0.43809   0.64750   0.88031   0.58081   0.89096   0.04939   0.09476   0.26231   0.80219   0.68060   0.00000   0.36708   0.77189   1.00913   1.12046   1.30973   1.06800   0.47685   0.41333   0.50367   0.21246   1.50491   0.46189   0.19892   0.04210   0.26640   0.10376   0.21014   0.20808   0.10667   1.40377   0.18942   2.05744   0.87946   1.89408   2.62405   1.89499   0.08065   5.61357  
 75  9.8815   7434.235849  x:  4.98781   0.12232   0.06306   0.44209   0.64501   0.86596   0.56909   0.90803   0.04959   0.09550   0.25897   0.80016   0.67871   0.00000   0.36622   0.76009   0.99153   1.12667   1.33438   1.06187   0.47637   0.41268   0.50264   0.21262   1.49872   0.46021   0.19800   0.04227   0.26623   0.10390   0.20972   0.20776   0.10629   1.40153   0.18700   2.06013   0.88335   1.89344   2.62646   1.88926   0.08060   5.77365  
 76  3.1519   7434.072106  x:  4.96945   0.11888   0.06290   0.43297   0.64896   0.89606   0.57483   0.89226   0.04855   0.09574   0.26534   0.80561   0.68166   0.00000   0.37538   0.73175   0.99010   1.17401   1.40246   1.06600   0.48170   0.41452   0.50703   0.21559   1.44900   0.46825   0.19795   0.04542   0.26868   0.10531   0.21038   0.20880   0.12034   1.42991   0.18463   2.06580   0.87983   1.89648   2.60363   1.86784   0.08039   6.97853  
 77  2.2542   7433.835208  x:  4.94644   0.11332   0.06202   0.45083   0.64280   0.86655   0.58255   0.89640   0.04443   0.09428   0.26852   0.81267   0.69074   0.00000   0.41360   0.73814   0.99131   1.15593   1.45425   1.06356   0.48795   0.41850   0.51508   0.20704   1.51782   0.47701   0.19882   0.04947   0.27224   0.10599   0.21099   0.20910   0.14536   1.41899   0.17805   2.07707   0.88524   1.89574   2.56381   1.83045   0.08011   8.76793  
 78 19.4956   7433.563332  x:  5.10668   0.10383   0.06618   0.44892   0.65324   0.88187   0.57683   0.90939   0.04627   0.09009   0.28266   0.81941   0.68712   0.00000   0.39437   0.76647   1.02389   1.13285   1.74402   1.08024   0.47885   0.42265   0.51824   0.21159   1.50542   0.46641   0.21109   0.04465   0.26476   0.10043   0.21172   0.20645   0.13098   1.43204   0.18857   2.11550   0.88497   1.89980   2.48000   1.75207   0.07913  12.94313  
 79  1.7271   7433.430250  x:  5.17357   0.10645   0.06440   0.44462   0.64730   0.88419   0.58242   0.90390   0.04822   0.08791   0.27387   0.81406   0.69263   0.00000   0.41013   0.75352   1.00334   1.14065   1.99580   1.07385   0.48479   0.42179   0.51345   0.21251   1.52015   0.47135   0.20208   0.04507   0.26999   0.10579   0.21139   0.21295   0.13597   1.43150   0.18957   2.10734   0.88323   1.89798   2.49503   1.77855   0.07855  16.59505  
 80  1.7846   7433.396216  x:  5.21178   0.10698   0.06335   0.44466   0.64772   0.88302   0.58119   0.90450   0.04748   0.08770   0.27448   0.81354   0.69221   0.00000   0.41189   0.74965   0.99722   1.15085   2.09490   1.07392   0.48499   0.42102   0.51328   0.21126   1.51900   0.47269   0.20095   0.04554   0.27044   0.10610   0.21200   0.21192   0.13676   1.43163   0.18819   2.11069   0.88439   1.89817   2.39299   1.67417   0.07842  17.98119  
 81  2.5766   7433.337477  x:  5.29532   0.10966   0.06208   0.44832   0.65257   0.88164   0.57828   0.90631   0.04517   0.08875   0.27973   0.81898   0.69061   0.00000   0.40995   0.75619   1.00726   1.16147   2.37116   1.07872   0.48255   0.41906   0.51696   0.20745   1.51705   0.47399   0.20330   0.04624   0.26852   0.10378   0.21400   0.20490   0.13643   1.43199   0.18370   2.12132   0.88800   1.89962   2.39113   1.66516   0.07830  21.58705  
 82  2.3395   7433.285652  x:  5.31847   0.10970   0.06490   0.44920   0.65324   0.88914   0.58142   0.91104   0.04668   0.08925   0.27691   0.81882   0.69063   0.00000   0.40515   0.76202   1.01051   1.15054   2.70814   1.08265   0.48614   0.42410   0.51844   0.21112   1.51625   0.47170   0.20587   0.04547   0.26774   0.10441   0.21016   0.21404   0.13744   1.43673   0.18892   2.13154   0.88595   1.90103   2.34288   1.62376   0.07847  25.66571  
 83  1.8480   7433.213823  x:  5.25290   0.10884   0.06492   0.44330   0.64744   0.88693   0.58159   0.90510   0.04653   0.08651   0.27974   0.81500   0.69392   0.00000   0.41266   0.75032   0.99963   1.14626   3.23081   1.07846   0.48532   0.42319   0.51415   0.21157   1.52222   0.47342   0.20267   0.04559   0.27162   0.10698   0.21685   0.20949   0.13568   1.43570   0.18972   2.12028   0.88471   1.90009   2.32267   1.61086   0.07933  31.77128  
 84  1.9475   7433.166342  x:  5.17607   0.10913   0.06409   0.44605   0.65016   0.87949   0.57858   0.90352   0.04598   0.08675   0.28011   0.81534   0.69116   0.00000   0.41016   0.75084   0.99986   1.15379   3.72782   1.07738   0.48313   0.41971   0.51474   0.20842   1.51492   0.47371   0.20267   0.04594   0.26968   0.10505   0.21222   0.20922   0.13485   1.42783   0.18506   2.10824   0.88694   1.90022   2.24073   1.51776   0.08017  37.51636  
 85  3.5463   7433.150199  x:  5.09326   0.10935   0.06395   0.44776   0.65060   0.87749   0.57851   0.90352   0.04633   0.08794   0.27807   0.81503   0.68938   0.00000   0.40933   0.75178   1.00076   1.15109   3.87944   1.07633   0.48306   0.41971   0.51571   0.20787   1.50933   0.47216   0.20403   0.04553   0.26808   0.10390   0.21055   0.20973   0.13399   1.42372   0.18449   2.09746   0.88678   1.89988   2.27228   1.54452   0.08062  39.23858  
 86  1.8251   7433.144732  x:  5.03829   0.10974   0.06390   0.44710   0.64843   0.87816   0.57931   0.90318   0.04671   0.08817   0.27756   0.81381   0.68948   0.00000   0.40943   0.74893   0.99877   1.14592   4.09465   1.07542   0.48371   0.42089   0.51523   0.20899   1.50707   0.47137   0.20449   0.04510   0.26831   0.10406   0.21249   0.20908   0.13257   1.42333   0.18597   2.09079   0.88569   1.89955   2.25587   1.52839   0.08087  41.85587  
 87  2.0567   7433.141342  x:  5.01896   0.11009   0.06365   0.44588   0.64753   0.87639   0.57789   0.90088   0.04635   0.08722   0.27948   0.81290   0.68971   0.00000   0.41226   0.74505   0.99645   1.14598   4.27583   1.07400   0.48191   0.41948   0.51389   0.20910   1.50747   0.47175   0.20327   0.04547   0.26888   0.10367   0.21155   0.20936   0.13164   1.42250   0.18534   2.08688   0.88511   1.89916   2.26195   1.53361   0.08078  44.42608  
 88  0.9890   7433.141123  x:  5.01859   0.11010   0.06365   0.44586   0.64751   0.87636   0.57786   0.90084   0.04635   0.08720   0.27952   0.81289   0.68972   0.00146   0.41232   0.74498   0.99641   1.14598   4.27997   1.07397   0.48187   0.41946   0.51386   0.20910   1.50747   0.47176   0.20324   0.04548   0.26889   0.10367   0.21153   0.20936   0.13163   1.42248   0.18533   2.08681   0.88509   1.89915   2.26209   1.53373   0.08077  44.48487  
 89 11.6885   7433.135885  x:  5.02208   0.10966   0.06445   0.44727   0.64905   0.87631   0.57901   0.90232   0.04676   0.08589   0.27735   0.81199   0.69018   0.00318   0.41111   0.74693   0.99670   1.14893   4.65175   1.07215   0.48292   0.41983   0.51442   0.20812   1.50660   0.47073   0.20375   0.04515   0.26802   0.10413   0.21146   0.20815   0.13320   1.42196   0.18572   2.08997   0.88472   1.89878   2.26668   1.53802   0.08046  49.81774  
 90  1.9557   7433.133190  x:  5.03842   0.10976   0.06359   0.44709   0.64788   0.87722   0.57870   0.90275   0.04625   0.08638   0.27900   0.81291   0.69067   0.00307   0.41004   0.74659   0.99764   1.14841   4.98895   1.07269   0.48316   0.42031   0.51478   0.20892   1.50681   0.47144   0.20457   0.04535   0.26860   0.10318   0.21176   0.20954   0.13190   1.42373   0.18565   2.08929   0.88574   1.89913   2.26669   1.53772   0.08043  54.45733  
 91  2.2196   7433.129758  x:  5.04426   0.10917   0.06359   0.44714   0.64884   0.87807   0.57851   0.90222   0.04671   0.08677   0.27881   0.81331   0.68959   0.00166   0.41192   0.74665   0.99712   1.14740   5.73583   1.07474   0.48253   0.42030   0.51483   0.20938   1.50825   0.47166   0.20357   0.04524   0.26809   0.10445   0.21184   0.20906   0.13289   1.42378   0.18543   2.09168   0.88524   1.89966   2.28062   1.55316   0.08060  64.66838  
 92  2.9934   7433.128623  x:  5.04462   0.10944   0.06389   0.44652   0.64848   0.87699   0.57900   0.90288   0.04657   0.08735   0.27784   0.81320   0.69001   0.00165   0.41189   0.74793   0.99763   1.14864   6.24699   1.07424   0.48330   0.42014   0.51461   0.20851   1.50706   0.47142   0.20401   0.04534   0.26865   0.10370   0.21181   0.20903   0.13280   1.42291   0.18557   2.09127   0.88573   1.89898   2.27746   1.54987   0.08068  71.61649  
 93  3.8162   7433.127857  x:  5.04400   0.10995   0.06400   0.44713   0.64837   0.87720   0.57863   0.90251   0.04635   0.08718   0.27869   0.81328   0.69006   0.00173   0.41186   0.74672   0.99753   1.14803   6.99470   1.07370   0.48295   0.42012   0.51487   0.20896   1.50726   0.47153   0.20431   0.04522   0.26833   0.10398   0.21185   0.20917   0.13232   1.42355   0.18562   2.09073   0.88559   1.89922   2.28739   1.55979   0.08063  81.99960  
 94  3.9939   7433.127331  x:  5.03393   0.10978   0.06402   0.44691   0.64865   0.87740   0.57852   0.90232   0.04660   0.08704   0.27832   0.81314   0.68946   0.00162   0.41211   0.74683   0.99711   1.14742   8.08833   1.07455   0.48269   0.42020   0.51471   0.20899   1.50722   0.47137   0.20359   0.04544   0.26839   0.10395   0.21175   0.20903   0.13252   1.42295   0.18541   2.09078   0.88522   1.89942   2.28621   1.55836   0.08069  97.02025  
 95  5.4240   7433.126995  x:  5.03812   0.10963   0.06388   0.44660   0.64837   0.87703   0.57884   0.90256   0.04652   0.08714   0.27815   0.81305   0.68994   0.00155   0.41265   0.74700   0.99708   1.14815   9.01100   1.07395   0.48301   0.42016   0.51460   0.20874   1.50699   0.47138   0.20397   0.04529   0.26850   0.10387   0.21178   0.20902   0.13257   1.42290   0.18551   2.09029   0.88545   1.89901   2.29368   1.56595   0.08067  109.80056  
 96  8.0085   7433.126782  x:  5.03967   0.10955   0.06378   0.44715   0.64836   0.87689   0.57862   0.90242   0.04646   0.08741   0.27860   0.81333   0.68997   0.00150   0.41249   0.74661   0.99744   1.14805  10.75604   1.07366   0.48287   0.41998   0.51484   0.20899   1.50696   0.47158   0.20438   0.04513   0.26823   0.10400   0.21182   0.20916   0.13240   1.42328   0.18551   2.08969   0.88575   1.89910   2.29663   1.56894   0.08068  133.87279  
 97  7.7137   7433.126622  x:  5.03778   0.10954   0.06389   0.44688   0.64846   0.87720   0.57863   0.90249   0.04655   0.08729   0.27829   0.81323   0.68976   0.00137   0.41269   0.74684   0.99725   1.14785  12.12063   1.07408   0.48288   0.42013   0.51477   0.20899   1.50714   0.47144   0.20394   0.04536   0.26844   0.10384   0.21185   0.20911   0.13252   1.42314   0.18551   2.09048   0.88551   1.89916   2.30081   1.57325   0.08069  152.71593  
 98 11.8078   7433.126550  x:  5.03622   0.10964   0.06392   0.44659   0.64836   0.87707   0.57874   0.90248   0.04653   0.08726   0.27818   0.81311   0.68975   0.00134   0.41295   0.74686   0.99700   1.14789  13.16512   1.07414   0.48291   0.42017   0.51463   0.20882   1.50695   0.47136   0.20391   0.04532   0.26847   0.10391   0.21176   0.20902   0.13253   1.42286   0.18548   2.09024   0.88539   1.89907   2.30013   1.57244   0.08069  167.12502  
 99  9.0293   7433.126483  x:  5.03613   0.10970   0.06391   0.44672   0.64837   0.87694   0.57875   0.90245   0.04650   0.08734   0.27824   0.81316   0.68980   0.00125   0.41316   0.74676   0.99705   1.14790  15.50769   1.07401   0.48287   0.42008   0.51464   0.20884   1.50686   0.47141   0.20402   0.04527   0.26841   0.10394   0.21177   0.20904   0.13248   1.42287   0.18546   2.08991   0.88545   1.89903   2.30448   1.57679   0.08070  199.46575  
100 19.3547   7433.126445  x:  5.03727   0.10965   0.06390   0.44700   0.64846   0.87710   0.57862   0.90245   0.04652   0.08740   0.27832   0.81329   0.68976   0.00126   0.41288   0.74676   0.99732   1.14779  17.58825   1.07399   0.48284   0.42006   0.51479   0.20901   1.50706   0.47147   0.20402   0.04532   0.26840   0.10384   0.21187   0.20914   0.13244   1.42314   0.18549   2.09016   0.88556   1.89912   2.30528   1.57772   0.08069  228.18188  
101 12.8944   7433.126422  x:  5.03655   0.10962   0.06389   0.44674   0.64836   0.87705   0.57867   0.90244   0.04652   0.08739   0.27826   0.81321   0.68974   0.00119   0.41316   0.74675   0.99710   1.14784  19.20414   1.07406   0.48286   0.42012   0.51472   0.20891   1.50696   0.47141   0.20400   0.04529   0.26841   0.10390   0.21178   0.20907   0.13248   1.42297   0.18548   2.09007   0.88547   1.89906   2.30694   1.57933   0.08070  250.48779  
102 13.9777   7433.126410  x:  5.03586   0.10961   0.06389   0.44670   0.64838   0.87695   0.57876   0.90246   0.04653   0.08737   0.27821   0.81317   0.68978   0.00118   0.41330   0.74676   0.99703   1.14787  21.82908   1.07407   0.48285   0.42007   0.51463   0.20887   1.50685   0.47141   0.20399   0.04528   0.26842   0.10392   0.21178   0.20905   0.13252   1.42286   0.18546   2.08994   0.88545   1.89902   2.30734   1.57969   0.08070  286.71653  
103 10.8460   7433.126403  x:  5.03600   0.10962   0.06389   0.44675   0.64838   0.87699   0.57871   0.90244   0.04652   0.08740   0.27823   0.81321   0.68975   0.00115   0.41328   0.74674   0.99708   1.14784  23.35340   1.07406   0.48285   0.42008   0.51468   0.20891   1.50690   0.47142   0.20399   0.04530   0.26842   0.10390   0.21179   0.20907   0.13249   1.42292   0.18546   2.08997   0.88547   1.89904   2.30872   1.58111   0.08070  307.75779  
104 21.1860   7433.126401  x:  5.03626   0.10963   0.06389   0.44678   0.64837   0.87704   0.57865   0.90243   0.04652   0.08742   0.27825   0.81323   0.68972   0.00114   0.41325   0.74673   0.99712   1.14781  24.87782   1.07405   0.48285   0.42010   0.51473   0.20894   1.50696   0.47142   0.20400   0.04530   0.26841   0.10389   0.21180   0.20908   0.13247   1.42298   0.18547   2.09001   0.88548   1.89906   2.30940   1.58181   0.08070  328.79904  
105 15.9181   7433.126400  x:  5.03627   0.10963   0.06389   0.44677   0.64838   0.87703   0.57867   0.90244   0.04652   0.08742   0.27825   0.81323   0.68973   0.00114   0.41326   0.74673   0.99711   1.14781  25.01594   1.07406   0.48285   0.42010   0.51472   0.20893   1.50694   0.47142   0.20400   0.04530   0.26841   0.10390   0.21180   0.20908   0.13247   1.42296   0.18547   2.09001   0.88548   1.89905   2.30915   1.58156   0.08070  330.70519  
106  1.3796   7433.126400  x:  5.03627   0.10963   0.06389   0.44677   0.64838   0.87703   0.57867   0.90244   0.04652   0.08742   0.27825   0.81323   0.68973   0.00114   0.41326   0.74673   0.99711   1.14781  25.01594   1.07406   0.48285   0.42010   0.51472   0.20893   1.50694   0.47142   0.20400   0.04530   0.26841   0.10390   0.21180   0.20908   0.13247   1.42296   0.18547   2.09001   0.88548   1.89905   2.30915   1.58156   0.08070  330.70516  
107  5.7410   7433.126400  x:  5.03620   0.10963   0.06389   0.44676   0.64838   0.87702   0.57868   0.90244   0.04652   0.08742   0.27824   0.81322   0.68974   0.00113   0.41327   0.74674   0.99710   1.14782  25.01580   1.07406   0.48285   0.42009   0.51471   0.20892   1.50693   0.47142   0.20400   0.04530   0.26841   0.10390   0.21180   0.20907   0.13248   1.42295   0.18547   2.09000   0.88548   1.89905   2.30918   1.58158   0.08070  330.70334  
108  0.0039   7433.126400  x:  5.03617   0.10963   0.06389   0.44676   0.64838   0.87702   0.57868   0.90244   0.04652   0.08742   0.27824   0.81322   0.68974   0.00113   0.41327   0.74674   0.99711   1.14782  25.01582   1.07406   0.48285   0.42009   0.51471   0.20892   1.50693   0.47142   0.20400   0.04530   0.26842   0.10390   0.21180   0.20907   0.13248   1.42295   0.18547   2.09000   0.88548   1.89905   2.30919   1.58159   0.08070  330.70349  
109  0.0001   7433.126400  x:  5.03617   0.10963   0.06389   0.44676   0.64838   0.87702   0.57868   0.90244   0.04652   0.08742   0.27824   0.81323   0.68974   0.00113   0.41327   0.74674   0.99711   1.14782  25.01585   1.07407   0.48285   0.42009   0.51471   0.20892   1.50693   0.47142   0.20400   0.04530   0.26842   0.10390   0.21180   0.20907   0.13248   1.42295   0.18547   2.09000   0.88548   1.89905   2.30919   1.58159   0.08070  330.70423  
110  0.0002   7433.126400  x:  5.03619   0.10963   0.06389   0.44677   0.64838   0.87702   0.57868   0.90244   0.04652   0.08742   0.27824   0.81323   0.68974   0.00113   0.41327   0.74674   0.99711   1.14781  25.01579   1.07407   0.48285   0.42009   0.51471   0.20892   1.50693   0.47142   0.20400   0.04530   0.26842   0.10390   0.21180   0.20907   0.13248   1.42295   0.18547   2.09000   0.88548   1.89905   2.30920   1.58160   0.08070  330.70746  
111  0.0004   7433.126400  x:  5.03637   0.10964   0.06390   0.44677   0.64838   0.87701   0.57869   0.90245   0.04652   0.08742   0.27825   0.81322   0.68975   0.00113   0.41328   0.74673   0.99710   1.14781  25.01445   1.07406   0.48284   0.42008   0.51470   0.20893   1.50692   0.47142   0.20400   0.04530   0.26842   0.10390   0.21180   0.20908   0.13247   1.42295   0.18548   2.09004   0.88547   1.89905   2.30950   1.58192   0.08070  330.78411  
112  0.0457   7433.126399  x:  5.03610   0.10963   0.06389   0.44676   0.64838   0.87702   0.57868   0.90244   0.04652   0.08742   0.27824   0.81322   0.68974   0.00112   0.41330   0.74673   0.99710   1.14782  25.01293   1.07406   0.48285   0.42009   0.51471   0.20892   1.50693   0.47142   0.20400   0.04530   0.26842   0.10390   0.21180   0.20907   0.13248   1.42295   0.18547   2.08998   0.88548   1.89904   2.30986   1.58227   0.08070  330.86921  
113  0.0210   7433.126399  x:  5.03611   0.10963   0.06389   0.44676   0.64838   0.87701   0.57868   0.90244   0.04652   0.08743   0.27824   0.81323   0.68973   0.00112   0.41331   0.74673   0.99710   1.14781  25.01288   1.07407   0.48284   0.42009   0.51471   0.20892   1.50693   0.47142   0.20400   0.04530   0.26841   0.10390   0.21180   0.20907   0.13248   1.42295   0.18547   2.08999   0.88548   1.89905   2.30987   1.58228   0.08070  330.87230  
114  0.0019   7433.126399  x:  5.03611   0.10963   0.06389   0.44676   0.64838   0.87702   0.57868   0.90244   0.04652   0.08743   0.27824   0.81323   0.68973   0.00111   0.41331   0.74673   0.99710   1.14781  25.01281   1.07407   0.48284   0.42009   0.51471   0.20892   1.50693   0.47142   0.20400   0.04530   0.26842   0.10390   0.21180   0.20907   0.13248   1.42295   0.18547   2.08999   0.88548   1.89905   2.30987   1.58228   0.08070  330.87159  