

TREE # 1

  0  0.0000   9216.324448  x:  0.17444   0.02804   0.07307   0.00000   0.21220   0.15259   0.14764   0.15672   0.09176   0.01488   0.10164   0.09888   0.08304   0.02822   0.03654   0.11840   0.16638   0.13073   0.17006   0.12456   0.13600   0.08105   0.05011   0.02312   0.14692   0.15208   0.08109   0.04353   0.13235   0.02986   0.05286   0.04009   0.10565   0.11049   0.05181   0.16210   0.10351   2.00000   1.39835   0.16116   0.29812   1.40136  
  1 99.0000   8109.918649  x:  0.33797   0.14833   0.13406   0.32901   0.26338   0.21859   0.20651   0.22861   0.13426   0.09964   0.15893   0.22678   0.21335   0.09829   0.16501   0.18674   0.24292   0.24162   0.25560   0.23528   0.18625   0.17957   0.21784   0.13220   0.26935   0.19661   0.10888   0.05586   0.15025   0.08362   0.12642   0.14454   0.14694   0.24433   0.15027   0.28326   0.25587   1.99212   1.43150   0.12815   0.00000   1.40126  
  2 3559.4612   7956.090246  x:  0.52928   0.28904   0.20539   0.71383   0.32324   0.29580   0.27537   0.31272   0.18397   0.19877   0.22595   0.37639   0.36579   0.18024   0.31527   0.26669   0.33248   0.37135   0.35567   0.36482   0.24503   0.29481   0.41403   0.25980   0.41259   0.24869   0.14137   0.07027   0.17117   0.14649   0.21245   0.26669   0.19523   0.40089   0.26544   0.42500   0.43410   1.98289   1.47027   0.08953   0.00102   1.40114  
  3 19091.3820   7869.585419  x:  0.63196   0.27099   0.14933   0.70074   0.31915   0.31844   0.30834   0.36344   0.12225   0.15203   0.19026   0.39447   0.36882   0.14108   0.32144   0.29385   0.38369   0.43538   0.40411   0.39076   0.22618   0.26954   0.39060   0.22185   0.48265   0.24549   0.10255   0.00000   0.13940   0.06543   0.14275   0.18971   0.17876   0.44170   0.26908   0.50011   0.48209   1.98045   1.42293   0.13635   0.00101   1.40125  
  4 386.5119   7815.136658  x:  0.77709   0.23298   0.05694   0.66502   0.30848   0.34916   0.34535   0.42493   0.02275   0.07734   0.13827   0.41767   0.37067   0.08043   0.32286   0.32400   0.44692   0.51403   0.46713   0.42830   0.20756   0.23437   0.35155   0.15828   0.58225   0.24031   0.14562   0.12049   0.14735   0.02150   0.07632   0.09240   0.14104   0.49757   0.26118   0.59991   0.53956   1.97709   1.35757   0.20120   0.00099   1.40117  
  5 791.3714   7799.539939  x:  0.81956   0.21514   0.03361   0.64155   0.30344   0.35684   0.35229   0.43926   0.00000   0.05775   0.12671   0.42213   0.36981   0.06351   0.31875   0.32933   0.46214   0.53246   0.48317   0.44022   0.20996   0.22590   0.33618   0.13964   0.60974   0.23689   0.14326   0.12218   0.15706   0.05933   0.09571   0.09472   0.12360   0.51314   0.25105   0.62662   0.55036   1.97609   1.33658   0.22218   0.00098   1.40104  
  6 440.0926   7770.391529  x:  1.01001   0.11191   0.05478   0.48135   0.27820   0.38592   0.35634   0.47590   0.05357   0.04984   0.13113   0.43565   0.37730   0.03186   0.28474   0.33239   0.50580   0.58256   0.53895   0.51424   0.29382   0.22710   0.26705   0.10964   0.72637   0.23764   0.15179   0.15401   0.18622   0.00000   0.19413   0.19959   0.01251   0.58943   0.15800   0.72763   0.56281   1.96991   1.24319   0.31655   0.00096   1.39975  
  7 277.6424   7763.526769  x:  1.04176   0.09884   0.06715   0.44802   0.27778   0.39092   0.35504   0.47978   0.07177   0.05828   0.13936   0.43771   0.38068   0.03379   0.27884   0.33126   0.51105   0.58746   0.54729   0.52765   0.30793   0.23319   0.26206   0.11239   0.74309   0.24250   0.15366   0.15690   0.18847   0.01313   0.18079   0.19850   0.00000   0.60556   0.14092   0.74357   0.56168   1.96874   1.22729   0.33273   0.00096   1.39945  
  8 294.5669   7752.931203  x:  1.15321   0.12878   0.04301   0.28908   0.31736   0.41247   0.32655   0.46466   0.05936   0.06084   0.18848   0.44928   0.40340   0.05005   0.25297   0.30562   0.50230   0.56348   0.56396   0.57132   0.34701   0.29919   0.31591   0.14095   0.77104   0.26907   0.16653   0.15232   0.22895   0.00719   0.20021   0.17902   0.06773   0.69488   0.10196   0.79208   0.53716   1.96012   1.16810   0.39430   0.00094   1.39714  
  9 125.7780   7750.697252  x:  1.19122   0.11908   0.06283   0.26398   0.40616   0.42757   0.32706   0.46006   0.04684   0.03995   0.19289   0.45320   0.41655   0.04930   0.26052   0.30831   0.49627   0.54094   0.56501   0.57447   0.33994   0.28992   0.33063   0.15519   0.74911   0.27152   0.17165   0.15959   0.20079   0.01065   0.19777   0.20137   0.06904   0.71859   0.11533   0.80182   0.52617   1.95633   1.13388   0.43143   0.00094   1.39446  
 10 39.7093   7749.928055  x:  1.20725   0.10900   0.05489   0.25617   0.44638   0.43015   0.33469   0.46517   0.05175   0.06137   0.19965   0.45566   0.42406   0.05837   0.27479   0.32290   0.50073   0.53597   0.56520   0.57456   0.33968   0.28004   0.33372   0.15172   0.73066   0.26533   0.17008   0.16006   0.21763   0.00791   0.20654   0.19257   0.06237   0.72371   0.13154   0.80409   0.52306   1.95416   1.12114   0.44683   0.00094   1.39211  
 11 27.3575   7749.207299  x:  1.22456   0.11949   0.05477   0.25278   0.45807   0.42047   0.34833   0.47927   0.07201   0.04429   0.18862   0.45800   0.42880   0.04817   0.28998   0.34931   0.51611   0.54778   0.56393   0.56866   0.35011   0.28909   0.34518   0.16311   0.71325   0.27370   0.17683   0.15788   0.23803   0.00808   0.20582   0.19624   0.05926   0.72820   0.15121   0.80443   0.52246   1.95010   1.11496   0.46050   0.00094   1.38546  
 12 10.8907   7747.444491  x:  1.26082   0.15087   0.03372   0.28124   0.44154   0.39528   0.35764   0.49428   0.06940   0.05542   0.20384   0.48366   0.45154   0.05568   0.31954   0.38403   0.53841   0.57204   0.56143   0.57540   0.36793   0.31141   0.36971   0.17318   0.69880   0.28840   0.18730   0.16655   0.19938   0.01243   0.21562   0.20726   0.03897   0.73679   0.16963   0.80429   0.53107   1.94679   1.08186   0.51753   0.00093   1.36437  
 13 14.8941   7744.065079  x:  1.32655   0.20347   0.09324   0.39863   0.41934   0.39878   0.36758   0.50617   0.02363   0.05273   0.23583   0.53126   0.49322   0.07707   0.35213   0.39488   0.54375   0.59819   0.56307   0.61552   0.36977   0.31400   0.39546   0.20014   0.73310   0.30615   0.18185   0.17330   0.24208   0.01060   0.23066   0.20514   0.01578   0.77235   0.17847   0.81918   0.57672   1.94508   1.01854   0.63836   0.00091   1.31364  
 14 31.4638   7740.875230  x:  1.35185   0.19861   0.05593   0.49516   0.44819   0.47804   0.39971   0.52398   0.03652   0.06185   0.25196   0.54355   0.50986   0.08258   0.35868   0.37664   0.53398   0.61628   0.58432   0.65831   0.38977   0.32818   0.42796   0.20593   0.81140   0.29697   0.19279   0.17556   0.25308   0.01358   0.20964   0.24986   0.03902   0.82034   0.18269   0.85629   0.63499   1.95634   1.01945   0.69314   0.00090   1.26456  
 15 31.6925   7739.989538  x:  1.34114   0.17721   0.05580   0.52222   0.45902   0.49857   0.39370   0.51936   0.05678   0.06368   0.23091   0.53602   0.51063   0.07849   0.36637   0.37421   0.54264   0.62605   0.60810   0.66540   0.38876   0.33910   0.44601   0.22675   0.83551   0.29626   0.19682   0.17838   0.23783   0.01552   0.23862   0.22112   0.04917   0.84035   0.17441   0.87337   0.64565   1.96973   1.01451   0.71596   0.00089   1.24867  
 16 21.2668   7739.278395  x:  1.31518   0.15381   0.04653   0.53638   0.45503   0.49723   0.37830   0.51477   0.05518   0.07630   0.20590   0.53752   0.52033   0.07985   0.38340   0.37347   0.56421   0.63319   0.64394   0.66415   0.37737   0.34548   0.46271   0.24725   0.84235   0.28601   0.19752   0.17841   0.25045   0.01482   0.22743   0.23938   0.06076   0.86355   0.16116   0.89301   0.64051   1.99075   0.99823   0.75184   0.00089   1.23107  
 17 13.3866   7738.204019  x:  1.28585   0.15526   0.06557   0.51811   0.45043   0.48932   0.40739   0.55815   0.04859   0.09104   0.19926   0.56125   0.54224   0.08354   0.39155   0.36031   0.59561   0.63582   0.68671   0.66067   0.36765   0.32818   0.44893   0.25742   0.84619   0.28039   0.19770   0.18484   0.24160   0.01703   0.23458   0.24621   0.08837   0.90094   0.15717   0.93228   0.62537   2.01082   1.01264   0.77825   0.00089   1.19390  
 18 10.1084   7733.829474  x:  1.26552   0.14721   0.05890   0.52705   0.48040   0.47559   0.43555   0.60798   0.04655   0.06510   0.22807   0.63781   0.56745   0.05044   0.36874   0.30978   0.63217   0.62290   0.71885   0.66802   0.43766   0.37430   0.45427   0.22322   0.86281   0.29835   0.17676   0.18177   0.25555   0.01959   0.22652   0.21497   0.01567   0.96819   0.17410   1.03352   0.60717   2.03681   1.05765   0.91499   0.00088   1.02675  
 19 11.9897   7732.515708  x:  1.27253   0.15138   0.06003   0.52411   0.48326   0.47519   0.43263   0.60705   0.04751   0.06601   0.22663   0.63893   0.56429   0.05206   0.36756   0.31122   0.63675   0.62614   0.72142   0.67353   0.44056   0.37379   0.45009   0.21731   0.86844   0.30300   0.18083   0.17924   0.25556   0.02059   0.22527   0.21438   0.01245   0.97465   0.18037   1.04536   0.61026   2.03687   1.06632   0.93531   0.00088   1.00000  
 20 49.1811   7725.729025  x:  1.35863   0.13793   0.06460   0.49915   0.48333   0.49523   0.44900   0.61567   0.03606   0.07141   0.24138   0.62741   0.57202   0.04054   0.37683   0.35113   0.64565   0.65769   0.72957   0.69109   0.41690   0.37658   0.46747   0.22330   0.89826   0.30773   0.15947   0.18389   0.25413   0.02357   0.21896   0.21247   0.00000   0.98785   0.15780   1.06458   0.62006   2.01717   1.13742   1.03448   0.00087   1.00000  
 21 53.0836   7721.658780  x:  1.50681   0.09264   0.04247   0.51470   0.44790   0.50892   0.48348   0.66079   0.06928   0.07048   0.24485   0.63992   0.61108   0.01757   0.38249   0.32766   0.62266   0.65928   0.72043   0.67517   0.41565   0.35008   0.45483   0.26515   0.90865   0.26643   0.22926   0.14858   0.25363   0.03084   0.21544   0.19540   0.04924   0.97294   0.13072   1.04236   0.65700   2.00764   1.16612   1.18810   0.00087   1.00000  
 22 43.3582   7720.744298  x:  1.56135   0.08146   0.03564   0.51492   0.44844   0.51378   0.48099   0.67855   0.07223   0.05612   0.21282   0.65313   0.61408   0.06514   0.39344   0.30213   0.63122   0.65370   0.73562   0.66827   0.43649   0.35826   0.44212   0.27006   0.90538   0.26407   0.20996   0.15508   0.25216   0.03270   0.21203   0.19155   0.06467   0.94813   0.12134   1.02324   0.67006   2.01829   1.18404   1.21353   0.00087   1.00000  
 23 19.1333   7720.115945  x:  1.60601   0.09126   0.04138   0.51397   0.46200   0.51668   0.46166   0.68572   0.06753   0.08095   0.19008   0.66380   0.61716   0.04347   0.38782   0.27913   0.64554   0.65658   0.75768   0.64641   0.45154   0.36474   0.43391   0.26569   0.90661   0.27040   0.19416   0.16078   0.25160   0.03438   0.20886   0.19257   0.07652   0.92271   0.11808   1.00884   0.67980   2.03572   1.20179   1.22574   0.00087   1.00000  
 24 14.3242   7719.414664  x:  1.64039   0.07626   0.04344   0.50498   0.47333   0.51364   0.43813   0.68827   0.05428   0.08060   0.20092   0.68386   0.62217   0.03924   0.38228   0.27050   0.66606   0.66059   0.79290   0.65024   0.44456   0.36463   0.43557   0.26754   0.90866   0.28901   0.22121   0.14396   0.25492   0.03347   0.20728   0.18927   0.06647   0.90013   0.11906   1.00010   0.68077   2.05868   1.23925   1.22520   0.00086   1.00000  
 25  8.8853   7716.660348  x:  1.71882   0.10952   0.04282   0.48802   0.47306   0.51165   0.41004   0.68717   0.10167   0.05153   0.23721   0.70457   0.60710   0.02268   0.35848   0.27939   0.69353   0.66221   0.87260   0.71893   0.39961   0.34551   0.45753   0.23515   0.91950   0.23712   0.21015   0.14194   0.25210   0.03934   0.20335   0.18241   0.05626   0.88159   0.14457   1.01207   0.67204   2.12176   1.30865   1.30445   0.00086   1.00000  
 26  9.8121   7706.907305  x:  1.88339   0.12402   0.02183   0.46095   0.45774   0.54540   0.50100   0.71651   0.10168   0.09606   0.22019   0.67053   0.50820   0.00000   0.32992   0.33476   0.71128   0.63916   0.94767   0.85051   0.35630   0.32361   0.45999   0.23603   0.98436   0.37833   0.19274   0.12137   0.25360   0.05126   0.18634   0.18361   0.02536   0.93252   0.18549   1.10006   0.66583   2.19377   1.48080   1.61883   0.00085   1.00000  
 27 24.6270   7697.216825  x:  2.02364   0.09508   0.10146   0.40578   0.47218   0.58866   0.53471   0.69897   0.02485   0.12202   0.19349   0.62925   0.50903   0.01030   0.36889   0.43425   0.76557   0.71525   0.95063   0.87157   0.41950   0.39168   0.43153   0.12048   1.04824   0.34258   0.24644   0.06668   0.23564   0.06776   0.15975   0.16517   0.03721   1.05091   0.17254   1.24052   0.70520   2.13367   1.71192   1.92736   0.00084   1.00000  
 28 52.4261   7692.579007  x:  2.07055   0.09674   0.06544   0.37570   0.50789   0.58232   0.47385   0.66623   0.04628   0.09905   0.22387   0.63878   0.58581   0.02851   0.37113   0.45468   0.80899   0.80071   0.91033   0.82170   0.42646   0.33997   0.36680   0.15117   1.10816   0.36840   0.21181   0.06723   0.23486   0.07593   0.14937   0.15810   0.04153   1.11119   0.15757   1.34632   0.75114   2.04383   1.82922   2.06695   0.00083   1.00000  
 29 44.0815   7691.469942  x:  2.08389   0.11090   0.06289   0.35757   0.52932   0.56370   0.45817   0.70352   0.06019   0.10839   0.20614   0.64092   0.58072   0.05969   0.34889   0.42152   0.81707   0.84117   0.87500   0.78316   0.37840   0.33369   0.41173   0.14695   1.13247   0.36554   0.22256   0.06097   0.23761   0.07612   0.15233   0.16356   0.01386   1.10780   0.14110   1.39797   0.77554   2.00675   1.85383   2.10612   0.00083   1.00000  
 30 18.2195   7691.337140  x:  2.08892   0.11378   0.06225   0.35839   0.53630   0.55873   0.45333   0.71445   0.05439   0.10838   0.21908   0.63786   0.55572   0.05981   0.36199   0.41791   0.80480   0.85765   0.87678   0.77890   0.38303   0.33742   0.40709   0.16376   1.13073   0.35724   0.22292   0.06124   0.23823   0.07628   0.15270   0.16428   0.01371   1.09943   0.13684   1.41874   0.77738   2.00992   1.85816   2.11394   0.00083   1.00000  
 31  3.4992   7691.026275  x:  2.11271   0.10227   0.06657   0.36009   0.53090   0.55676   0.45025   0.71679   0.05643   0.10701   0.21564   0.63672   0.57321   0.05312   0.38840   0.41277   0.76145   0.88875   0.87696   0.79432   0.38845   0.33122   0.42184   0.15202   1.11139   0.37580   0.21663   0.06248   0.23815   0.07711   0.15512   0.16655   0.02586   1.08273   0.13574   1.47089   0.78093   2.03079   1.87559   2.13830   0.00082   1.00000  
 32  2.3255   7690.390016  x:  2.16748   0.12550   0.05680   0.38520   0.54171   0.58175   0.47245   0.70471   0.05820   0.11294   0.19472   0.64556   0.60201   0.05338   0.38949   0.42539   0.75958   0.90648   0.87675   0.81811   0.37430   0.35697   0.40365   0.16598   1.10610   0.37793   0.22668   0.05341   0.24163   0.07795   0.16201   0.16827   0.01639   1.07828   0.11024   1.52166   0.76263   2.04967   1.91085   2.19818   0.00082   1.00000  
 33  4.2743   7688.355025  x:  2.34345   0.09798   0.06545   0.43170   0.51742   0.62963   0.51618   0.68868   0.03724   0.12895   0.19299   0.66805   0.61461   0.05029   0.36648   0.46464   0.83908   0.89689   0.89702   0.83801   0.38977   0.37682   0.45001   0.22536   1.15956   0.37061   0.21068   0.05064   0.23991   0.08391   0.18378   0.18364   0.02019   1.12290   0.17840   1.60351   0.79555   2.05510   2.02074   2.41555   0.00081   1.00000  
 34 11.9320   7687.118462  x:  2.43289   0.11513   0.05929   0.48259   0.53615   0.63518   0.51581   0.72499   0.05090   0.11859   0.21305   0.66616   0.59971   0.04498   0.40503   0.49455   0.87629   0.88774   0.94370   0.84122   0.41609   0.34836   0.48950   0.19584   1.21214   0.40720   0.21411   0.04050   0.24252   0.08731   0.19633   0.19033   0.02833   1.19428   0.13588   1.58438   0.80912   2.04127   2.07751   2.55359   0.00080   1.00000  
 35 17.0708   7686.754734  x:  2.44165   0.11778   0.05658   0.47464   0.55047   0.62538   0.50750   0.75567   0.05527   0.11901   0.21126   0.67061   0.61225   0.03438   0.43013   0.49249   0.85583   0.89901   0.96127   0.86329   0.39713   0.37871   0.47414   0.19467   1.23728   0.41443   0.21061   0.03932   0.24409   0.08810   0.20058   0.19348   0.01762   1.23157   0.14768   1.54143   0.84884   2.03822   2.09246   2.59777   0.00080   1.00000  
 36  7.6427   7686.674972  x:  2.43746   0.12496   0.05525   0.46633   0.55695   0.62789   0.50980   0.75899   0.04936   0.12153   0.20177   0.67711   0.61608   0.03314   0.42943   0.49015   0.84935   0.91804   0.96166   0.87883   0.41025   0.36835   0.48111   0.20447   1.24227   0.40913   0.21264   0.03727   0.24439   0.08832   0.20045   0.19246   0.00877   1.23929   0.14793   1.52155   0.85640   2.04186   2.09669   2.60796   0.00080   1.00000  
 37  3.6886   7686.634545  x:  2.43593   0.12343   0.05725   0.46437   0.56062   0.63507   0.51893   0.75438   0.05070   0.11931   0.20968   0.68023   0.61323   0.03630   0.42383   0.48561   0.85407   0.94108   0.96149   0.87784   0.40940   0.37097   0.48064   0.19991   1.24155   0.41461   0.21237   0.03759   0.24582   0.08850   0.20152   0.19374   0.01407   1.23710   0.14952   1.51067   0.85730   2.04713   2.09462   2.62052   0.00080   1.00000  
 38  1.2334   7686.146295  x:  2.50249   0.12763   0.05706   0.44900   0.55728   0.64200   0.52518   0.76354   0.05263   0.11439   0.21567   0.65955   0.61958   0.03191   0.42290   0.46543   0.84999   0.95920   0.98383   0.88641   0.41492   0.37508   0.47381   0.19290   1.26072   0.41834   0.21118   0.02528   0.24874   0.09211   0.19767   0.19510   0.00869   1.19142   0.17018   1.52128   0.81569   1.99897   2.17168   2.70002   0.00081   1.00000  
 39  0.5190   7685.556931  x:  2.59687   0.11974   0.05699   0.42770   0.55767   0.62568   0.51964   0.77011   0.05887   0.10885   0.21726   0.68466   0.59619   0.02591   0.40352   0.49194   0.84845   0.95394   0.94046   0.88049   0.40908   0.37295   0.46168   0.18380   1.25718   0.41824   0.20064   0.01424   0.25016   0.09580   0.19294   0.19729   0.01150   1.19136   0.14729   1.54379   0.83426   2.03605   2.28488   2.77615   0.00083   1.00000  
 40  6.2135   7685.497845  x:  2.60405   0.12692   0.05631   0.42400   0.55523   0.62997   0.52110   0.77258   0.05690   0.10597   0.22398   0.66417   0.60304   0.02885   0.39733   0.49174   0.85184   0.95041   0.94503   0.87464   0.41219   0.37167   0.46126   0.18567   1.24497   0.41852   0.20128   0.01312   0.25071   0.09585   0.19295   0.19748   0.00294   1.19206   0.14233   1.54790   0.85298   2.04596   2.29439   2.78430   0.00083   1.00000  
 41  2.5340   7685.413673  x:  2.60907   0.12863   0.05594   0.42069   0.55179   0.63718   0.52184   0.77031   0.05970   0.10644   0.22297   0.67568   0.59438   0.02624   0.38530   0.49448   0.84930   0.94696   0.96120   0.87943   0.41194   0.37135   0.46023   0.18653   1.21709   0.42064   0.19935   0.01497   0.25105   0.09603   0.19350   0.19848   0.00217   1.18946   0.13063   1.55094   0.87558   2.02431   2.30407   2.79231   0.00083   1.00000  
 42  0.8043   7684.949266  x:  2.63408   0.13369   0.05728   0.40992   0.55458   0.63055   0.52521   0.77190   0.06194   0.10235   0.22500   0.67672   0.59790   0.02823   0.38460   0.49955   0.84308   0.94264   0.95515   0.87145   0.41681   0.37113   0.45861   0.18764   1.22647   0.41775   0.19477   0.02055   0.25199   0.09635   0.19486   0.20107   0.00000   1.17476   0.12845   1.54388   0.87537   2.03047   2.33208   2.81434   0.00084   1.00000  
 43  0.7409   7684.949266  x:  2.63408   0.13369   0.05728   0.40992   0.55458   0.63055   0.52521   0.77190   0.06194   0.10235   0.22500   0.67672   0.59790   0.02823   0.38460   0.49955   0.84308   0.94264   0.95515   0.87145   0.41681   0.37113   0.45861   0.18764   1.22647   0.41775   0.19477   0.02055   0.25199   0.09635   0.19486   0.20107   0.00000   1.17476   0.12845   1.54388   0.87537   2.03047   2.33208   2.81434   0.00084   1.00000  
 44  3.8366   7532.630450  x:  2.63408   0.13369   0.05729   0.40992   0.55458   0.63055   0.52521   0.77190   0.06194   0.10236   0.22500   0.67673   0.59790   0.02824   0.38461   0.49954   0.84308   0.94264   0.95515   0.87145   0.41681   0.37114   0.45861   0.18765   1.22647   0.41775   0.19480   0.02061   0.25199   0.09637   0.19487   0.20107   0.00000   1.17476   0.12845   1.54387   0.87537   2.03047   2.33208   2.81434   0.07033   1.00000  
 45 26033.4720   7491.427329  x:  2.65673   0.20177   0.11763   0.45697   0.60216   0.67130   0.56609   0.81056   0.12300   0.16293   0.27727   0.72397   0.64474   0.09680   0.43080   0.54190   0.88053   0.97708   0.99230   0.91347   0.46729   0.42168   0.50853   0.23516   1.26437   0.46382   0.27154   0.16251   0.30704   0.16726   0.25499   0.25294   0.50668   1.21341   0.17969   1.57166   0.91447   1.99472   2.55358   2.59276   0.07782   1.00000  
 46 296.9491   7464.794633  x:  2.69144   0.16309   0.08765   0.48863   0.64105   0.72509   0.61335   0.85793   0.09278   0.13368   0.29123   0.77850   0.68210   0.09005   0.46259   0.59035   0.92914   1.02401   1.03988   0.95294   0.49988   0.45676   0.54464   0.23032   1.31320   0.47335   0.19121   0.01844   0.27790   0.07638   0.22766   0.22638   0.53361   1.24046   0.19865   1.61017   0.94296   1.94932   2.76001   2.38655   0.07961   1.00000  
 47 118.7199   7454.794586  x:  2.72921   0.10326   0.04587   0.50141   0.66085   0.76714   0.64111   0.88983   0.04136   0.08036   0.28260   0.81392   0.70088   0.05325   0.47664   0.62914   0.96766   1.06172   1.07829   0.98097   0.51203   0.46264   0.55440   0.21186   1.35616   0.46960   0.20089   0.08386   0.26897   0.11528   0.20417   0.20686   0.46083   1.25794   0.20212   1.64639   0.95872   1.91081   2.91631   2.23052   0.08034   1.00000  
 48 125.9247   7452.926498  x:  2.77817   0.08092   0.10422   0.48490   0.64923   0.78268   0.62241   0.88565   0.06316   0.06766   0.26041   0.80987   0.68990   0.00927   0.46430   0.65161   0.98323   1.07716   1.09831   0.99718   0.49881   0.41933   0.51714   0.21371   1.38685   0.45706   0.21179   0.06851   0.27103   0.12781   0.22957   0.22625   0.44955   1.26927   0.18553   1.67897   0.95291   1.88523   2.95052   2.19617   0.08049   1.00000  
 49 30.1350   7452.365839  x:  2.79379   0.07748   0.10467   0.47835   0.64461   0.78612   0.61533   0.88308   0.06052   0.07180   0.25639   0.80817   0.68569   0.00000   0.45981   0.65729   0.98661   1.07979   1.10377   1.00169   0.49540   0.41024   0.50914   0.21082   1.39441   0.45165   0.21423   0.06920   0.26990   0.12327   0.22473   0.22081   0.45486   1.27225   0.18164   1.68879   0.95018   1.88008   2.95319   2.19338   0.08052   1.00000  
 50 33.3312   7451.474063  x:  2.87296   0.06861   0.07688   0.45266   0.62598   0.79903   0.58316   0.86974   0.05382   0.10571   0.25144   0.80226   0.66481   0.00000   0.43668   0.67886   0.99658   1.08090   1.12690   1.02115   0.48842   0.40759   0.50373   0.19946   1.42246   0.43139   0.19576   0.05876   0.26836   0.14638   0.23172   0.23435   0.46490   1.28251   0.16680   1.73376   0.93087   1.87191   2.95944   2.18620   0.08060   1.00000  
 51 30.1164   7450.319629  x:  3.03544   0.07585   0.06898   0.43359   0.61146   0.82270   0.53992   0.85301   0.08597   0.11004   0.25149   0.79427   0.63367   0.00000   0.38711   0.70904   1.00426   1.06509   1.16600   1.04543   0.48618   0.45457   0.53687   0.21957   1.46294   0.43003   0.19426   0.07662   0.26488   0.12164   0.23596   0.23742   0.45324   1.29909   0.15065   1.81596   0.88595   1.88057   2.96189   2.18207   0.08067   1.00000  
 52 24.1551   7449.257990  x:  3.21756   0.08931   0.08153   0.43825   0.61779   0.84725   0.52923   0.85529   0.06314   0.07426   0.26161   0.79413   0.62614   0.00000   0.33861   0.73355   1.00670   1.03890   1.20598   1.05552   0.47687   0.47493   0.55248   0.23998   1.48926   0.44428   0.19554   0.06000   0.27840   0.14767   0.22225   0.22276   0.45477   1.31701   0.16408   1.89993   0.84512   1.90087   2.94744   2.19468   0.08074   1.00000  
 53 29.6325   7447.766468  x:  3.51714   0.08008   0.08824   0.47216   0.64946   0.88057   0.56206   0.88645   0.03520   0.09090   0.30812   0.80861   0.65934   0.00000   0.28415   0.77040   1.01163   0.99634   1.26558   1.05913   0.47645   0.46082   0.54080   0.24759   1.50797   0.46695   0.21328   0.06542   0.26686   0.13271   0.24720   0.24475   0.43242   1.34377   0.21114   2.02557   0.79767   1.93768   2.91687   2.22145   0.08081   1.00000  
 54 36.8209   7447.117961  x:  3.67266   0.07139   0.08417   0.48943   0.66425   0.89078   0.59053   0.90755   0.07544   0.10093   0.31792   0.81849   0.68189   0.00000   0.27594   0.79249   1.02005   0.98403   1.29288   1.05888   0.48718   0.44847   0.53177   0.23862   1.50783   0.47357   0.20502   0.06813   0.27751   0.14384   0.23566   0.23541   0.41806   1.35800   0.23456   2.08401   0.78659   1.94931   2.89758   2.23854   0.08084   1.00000  
 55 41.4782   7446.325974  x:  3.86359   0.07991   0.07979   0.48769   0.66170   0.88008   0.62884   0.92939   0.08022   0.07717   0.27297   0.82865   0.70125   0.00000   0.31382   0.82348   1.04641   0.99844   1.31619   1.05699   0.51148   0.45128   0.53729   0.21005   1.48661   0.47479   0.19744   0.07727   0.29143   0.13341   0.25138   0.25229   0.40841   1.37727   0.24586   2.13750   0.80639   1.93969   2.86567   2.26730   0.08087   1.00000  
 56 20.2323   7445.751568  x:  4.01829   0.08785   0.10365   0.48316   0.65739   0.85886   0.64896   0.93624   0.07185   0.10459   0.24947   0.83941   0.71822   0.00000   0.36007   0.84119   1.07163   1.02396   1.32416   1.06029   0.53134   0.46537   0.55320   0.21393   1.46578   0.49003   0.21792   0.07033   0.28004   0.14659   0.24784   0.24559   0.38373   1.39285   0.23770   2.16674   0.83702   1.92508   2.84618   2.28344   0.08088   1.00000  
 57 24.6879   7445.148628  x:  4.19122   0.07112   0.08718   0.48577   0.66427   0.82513   0.63834   0.91823   0.07198   0.09056   0.28358   0.85879   0.73142   0.00000   0.40176   0.82294   1.09291   1.07601   1.29886   1.07246   0.51859   0.44618   0.55673   0.25404   1.45351   0.50791   0.22350   0.06834   0.29965   0.14526   0.25892   0.24463   0.36307   1.41178   0.19479   2.16406   0.89747   1.91243   2.83306   2.29176   0.08087   1.00000  
 58 11.1487   7444.862801  x:  4.27668   0.07991   0.09187   0.49390   0.67529   0.81994   0.63469   0.91344   0.07459   0.08002   0.29340   0.85961   0.72603   0.00000   0.40918   0.79847   1.09283   1.10146   1.27284   1.07889   0.50982   0.43792   0.55400   0.25478   1.45671   0.50044   0.21140   0.07524   0.27374   0.14889   0.24600   0.25669   0.35473   1.42124   0.17888   2.14743   0.92802   1.91053   2.83228   2.28948   0.08087   1.00000  
 59 12.6004   7444.391124  x:  4.42257   0.09225   0.10551   0.50511   0.69211   0.82868   0.63394   0.91501   0.07029   0.08941   0.29096   0.84632   0.70129   0.00000   0.40610   0.73770   1.07419   1.13706   1.21285   1.08706   0.50398   0.43952   0.54625   0.23139   1.47437   0.47211   0.21473   0.07443   0.29212   0.14523   0.25202   0.24814   0.32886   1.43289   0.17043   2.09524   0.97078   1.91546   2.84429   2.27074   0.08086   1.00000  
 60 13.9558   7444.084846  x:  4.51159   0.06321   0.09754   0.48872   0.67808   0.84241   0.63191   0.92021   0.07547   0.08194   0.27409   0.83516   0.69397   0.00000   0.41112   0.70222   1.05075   1.14651   1.18163   1.08210   0.51074   0.44174   0.53413   0.23387   1.49426   0.47799   0.22775   0.06603   0.27688   0.14800   0.25544   0.24455   0.32385   1.42923   0.18313   2.04268   0.97256   1.91563   2.85161   2.25788   0.08085   1.00000  
 61  9.0629   7443.769432  x:  4.60154   0.06853   0.10501   0.46063   0.65192   0.85802   0.62199   0.92316   0.06909   0.08541   0.26993   0.83014   0.70662   0.00000   0.43042   0.68238   1.02437   1.14559   1.16671   1.06837   0.51455   0.43099   0.51900   0.24156   1.51359   0.49168   0.20784   0.07457   0.28624   0.14206   0.24297   0.25108   0.30663   1.41345   0.19039   1.97545   0.94543   1.90573   2.86567   2.23659   0.08084   1.00000  
 62  9.9231   7443.531346  x:  4.66294   0.08436   0.10002   0.45632   0.64850   0.86512   0.60713   0.91869   0.07332   0.07856   0.27372   0.83166   0.71567   0.00000   0.44702   0.69083   1.01156   1.14004   1.17005   1.05474   0.50516   0.41763   0.51863   0.22787   1.51623   0.48389   0.21347   0.07049   0.27477   0.14369   0.25666   0.23431   0.29638   1.39425   0.18269   1.92412   0.91004   1.89469   2.87559   2.22005   0.08083   1.00000  
 63  7.8353   7443.334241  x:  4.70729   0.07517   0.09926   0.46462   0.65722   0.86440   0.59419   0.91113   0.07380   0.07769   0.27063   0.83027   0.71123   0.00000   0.45292   0.71038   1.00779   1.13311   1.17744   1.04399   0.49404   0.41143   0.52459   0.21836   1.50887   0.47213   0.22697   0.06352   0.27941   0.14015   0.24123   0.24667   0.29080   1.37784   0.17801   1.88821   0.88439   1.88778   2.88187   2.20741   0.08083   1.00000  
 64  8.4551   7443.077589  x:  4.75572   0.05358   0.10735   0.47726   0.67019   0.85437   0.58418   0.90129   0.06663   0.08356   0.25714   0.82318   0.69200   0.00000   0.44283   0.74375   1.01127   1.12242   1.18906   1.03488   0.48088   0.40614   0.52638   0.22544   1.49148   0.46426   0.20699   0.07091   0.27701   0.13613   0.24354   0.23518   0.28632   1.36286   0.18453   1.85786   0.87056   1.88205   2.88722   2.19277   0.08083   1.00000  
 65  7.3731   7442.547177  x:  4.84311   0.08142   0.08225   0.47155   0.66276   0.82260   0.58863   0.89207   0.06832   0.08775   0.24037   0.80947   0.65942   0.00000   0.38085   0.80727   1.02687   1.09742   1.21492   1.02867   0.47365   0.39141   0.49787   0.25323   1.45482   0.45995   0.21282   0.06312   0.27230   0.12919   0.23560   0.23171   0.26278   1.35350   0.20541   1.83440   0.88335   1.87863   2.90546   2.15295   0.08083   1.00000  
 66  7.0619   7441.775566  x:  4.95126   0.06690   0.09423   0.43151   0.61901   0.79097   0.60649   0.88791   0.06147   0.07699   0.26981   0.80654   0.67297   0.00000   0.27708   0.86585   1.04343   1.06306   1.25579   1.02881   0.49244   0.40328   0.48561   0.22755   1.41805   0.43555   0.21114   0.05846   0.26661   0.11996   0.22273   0.21795   0.24613   1.35605   0.17879   1.83915   0.91277   1.87831   2.91238   2.11383   0.08084   1.00000  
 67  9.8754   7441.048249  x:  5.02642   0.07184   0.08066   0.43661   0.63939   0.84226   0.59236   0.88024   0.05738   0.08940   0.23396   0.80640   0.69859   0.00000   0.23844   0.86329   1.04820   1.06581   1.30442   1.04761   0.49504   0.38033   0.50784   0.19428   1.45710   0.49944   0.20949   0.05398   0.26887   0.11097   0.21595   0.21129   0.22603   1.37659   0.14096   1.91502   0.93622   1.87433   2.88818   2.10383   0.08082   1.00000  
 68  4.7323   7440.340510  x:  5.08841   0.07787   0.07805   0.42992   0.65169   0.90558   0.56737   0.88423   0.05607   0.09089   0.25254   0.82219   0.69803   0.00000   0.28297   0.85386   1.06257   1.10593   1.36254   1.06925   0.47747   0.40169   0.50447   0.19570   1.53357   0.47554   0.21399   0.05108   0.27150   0.10269   0.20991   0.20523   0.19723   1.40694   0.19096   2.02287   0.94839   1.86873   2.84408   2.11214   0.08079   1.00000  
 69  8.0123   7440.142772  x:  5.10159   0.08017   0.07299   0.43530   0.65802   0.91621   0.58209   0.91038   0.05116   0.09264   0.25095   0.82699   0.68666   0.00000   0.29739   0.85188   1.07041   1.12713   1.36329   1.07183   0.49224   0.40283   0.49711   0.21998   1.56019   0.45424   0.21346   0.05047   0.27226   0.10205   0.20864   0.20335   0.19191   1.42081   0.16950   2.05760   0.91973   1.87902   2.83028   2.11555   0.08077   1.00000  
 70  5.8431   7440.071311  x:  5.10367   0.08090   0.07266   0.43564   0.65147   0.89616   0.57990   0.92343   0.05147   0.09418   0.24821   0.82469   0.69342   0.00000   0.29490   0.85284   1.07589   1.14330   1.33970   1.06964   0.48324   0.39325   0.51400   0.21956   1.56904   0.45208   0.21299   0.05021   0.27191   0.10153   0.20835   0.20313   0.18708   1.43832   0.18039   2.07932   0.89440   1.88154   2.82841   2.11240   0.08075   1.00000  
 71  2.1602   7440.025791  x:  5.10385   0.08156   0.07277   0.44446   0.65094   0.88105   0.57028   0.91961   0.05070   0.09258   0.24996   0.82189   0.69465   0.00000   0.29862   0.85501   1.07427   1.14740   1.32168   1.06757   0.48765   0.40227   0.49954   0.21074   1.56854   0.46103   0.21185   0.05013   0.27164   0.10155   0.20841   0.20314   0.18226   1.45048   0.18323   2.09737   0.87663   1.87893   2.82811   2.10846   0.08073   1.00000  
 72  1.8322   7439.900177  x:  5.10461   0.08342   0.07338   0.44387   0.63885   0.88018   0.58483   0.89709   0.05159   0.09200   0.25340   0.80618   0.68090   0.00000   0.32399   0.85239   1.03727   1.11609   1.29412   1.06774   0.47229   0.39767   0.50160   0.21145   1.54452   0.45857   0.21022   0.04984   0.26947   0.10273   0.20960   0.20418   0.16497   1.45254   0.17582   2.15035   0.86778   1.87636   2.82759   2.09276   0.08061   1.00000  
 73  0.9730   7439.807154  x:  5.11153   0.08820   0.07383   0.44159   0.64254   0.88262   0.56791   0.88390   0.05072   0.09251   0.24447   0.81903   0.68882   0.00000   0.32075   0.84354   1.03221   1.10847   1.28554   1.05580   0.48896   0.39153   0.50640   0.22066   1.53197   0.44433   0.20920   0.04953   0.26819   0.10451   0.21119   0.20551   0.15338   1.43541   0.17989   2.16941   0.87172   1.88669   2.82027   2.08628   0.08051   1.00000  
 74  1.4581   7439.652968  x:  5.13266   0.09629   0.07155   0.42992   0.65127   0.88471   0.56363   0.90477   0.05339   0.09722   0.24681   0.82069   0.68598   0.00000   0.30679   0.82704   1.05472   1.11783   1.29407   1.04413   0.46883   0.41105   0.50286   0.21948   1.52128   0.45531   0.20725   0.04931   0.26833   0.10700   0.21394   0.20925   0.14011   1.39936   0.17640   2.16575   0.87636   1.88992   2.79615   2.08538   0.08035   1.00000  
 75  1.6630   7439.564809  x:  5.15148   0.10104   0.06973   0.43680   0.65027   0.87805   0.56324   0.90896   0.05179   0.09549   0.26160   0.80372   0.67386   0.00000   0.30827   0.81933   1.06472   1.11644   1.30682   1.06358   0.48817   0.40579   0.51574   0.21612   1.52213   0.46340   0.20655   0.04880   0.26877   0.10834   0.21506   0.21080   0.13360   1.40090   0.18282   2.14319   0.87713   1.88717   2.77775   2.08816   0.08026   1.00000  
 76  2.0235   7439.490453  x:  5.17409   0.10395   0.06446   0.44975   0.64545   0.86829   0.57208   0.89830   0.05072   0.09867   0.25361   0.81375   0.68437   0.00000   0.31416   0.81617   1.05999   1.10324   1.31164   1.08283   0.48013   0.41555   0.51755   0.22069   1.52805   0.46000   0.20489   0.04836   0.26931   0.10842   0.21491   0.21140   0.13355   1.43055   0.18191   2.10989   0.87853   1.89847   2.76178   2.08921   0.08019   1.00000  
 77  1.8463   7439.473430  x:  5.18103   0.10457   0.06234   0.44962   0.64633   0.87080   0.57462   0.89585   0.05019   0.09976   0.25722   0.81721   0.67934   0.00000   0.31692   0.81882   1.05590   1.09979   1.30305   1.06551   0.48157   0.41649   0.52132   0.22072   1.52887   0.46155   0.20431   0.04785   0.26927   0.10807   0.21452   0.21120   0.13584   1.43941   0.18109   2.10413   0.88202   1.89332   2.75781   2.08826   0.08017   1.00000  
 78  0.8655   7439.466912  x:  5.18187   0.10461   0.06204   0.44555   0.64866   0.87128   0.57256   0.89710   0.04982   0.09930   0.25875   0.81447   0.67899   0.00000   0.32316   0.81984   1.05396   1.09904   1.29438   1.06516   0.48189   0.41629   0.52120   0.21903   1.52326   0.46321   0.20386   0.04750   0.26889   0.10736   0.21375   0.21056   0.13812   1.43457   0.18103   2.10416   0.88245   1.90178   2.75740   2.08469   0.08017   1.00000  
 79  0.4168   7439.461511  x:  5.17932   0.10487   0.06110   0.44530   0.65063   0.87109   0.57261   0.89850   0.04950   0.09896   0.25851   0.81380   0.68171   0.00000   0.32457   0.81613   1.05072   1.09795   1.28598   1.06934   0.48230   0.41766   0.52102   0.22053   1.51663   0.46181   0.20356   0.04720   0.26880   0.10684   0.21322   0.21028   0.14012   1.42667   0.18200   2.10505   0.88043   1.89620   2.75520   2.08180   0.08017   1.00000  
 80  0.5082   7439.452833  x:  5.16047   0.10538   0.06278   0.45002   0.64371   0.86615   0.57647   0.89590   0.04964   0.09891   0.25837   0.82124   0.67607   0.00000   0.32629   0.80514   1.04920   1.09881   1.28568   1.06775   0.48226   0.41628   0.52117   0.21774   1.51152   0.46351   0.20314   0.04705   0.26855   0.10576   0.21268   0.20994   0.14105   1.41934   0.18354   2.10334   0.87724   1.89743   2.75005   2.07316   0.08016   1.00000  
 81  0.2921   7439.435530  x:  5.11332   0.10694   0.06448   0.45507   0.64071   0.86166   0.58069   0.89159   0.04983   0.09820   0.25716   0.80809   0.68342   0.00000   0.32857   0.79298   1.04992   1.09837   1.28726   1.05697   0.48196   0.41768   0.51974   0.21921   1.50841   0.45950   0.20256   0.04665   0.26848   0.10442   0.21238   0.20972   0.14029   1.41736   0.18367   2.09535   0.87723   1.89922   2.73701   2.05539   0.08013   1.00000  
 82  0.9109   7439.415113  x:  5.04802   0.10915   0.06926   0.44483   0.65066   0.86369   0.58075   0.89857   0.05052   0.09646   0.25853   0.81293   0.68393   0.00000   0.32906   0.79658   1.04794   1.08983   1.27825   1.05962   0.48383   0.41762   0.51903   0.21816   1.50771   0.46006   0.20296   0.04681   0.26915   0.10332   0.21277   0.21036   0.13606   1.42521   0.18491   2.07882   0.88020   1.89749   2.71495   2.03758   0.08008   1.00000  
 83  1.2751   7439.412760  x:  5.03846   0.10958   0.06942   0.44940   0.64548   0.86779   0.58012   0.90005   0.05040   0.09628   0.25910   0.81313   0.68488   0.00000   0.32830   0.80211   1.04649   1.09204   1.27460   1.06066   0.48371   0.41788   0.51898   0.21835   1.50859   0.46050   0.20311   0.04676   0.26934   0.10340   0.21287   0.21048   0.13544   1.42344   0.18483   2.07642   0.88246   1.89801   2.71039   2.03500   0.08008   1.00000  
 84  0.3576   7439.405066  x:  4.99625   0.10983   0.06753   0.44733   0.64792   0.86027   0.58180   0.89928   0.05076   0.09554   0.25905   0.81286   0.68516   0.00000   0.32803   0.80472   1.03180   1.10140   1.27656   1.05960   0.48438   0.41720   0.51799   0.21799   1.51223   0.46132   0.20358   0.04598   0.26905   0.10389   0.21266   0.21006   0.13393   1.41821   0.18468   2.07093   0.88426   1.89785   2.69041   2.01276   0.08007   1.00000  
 85  0.1734   7439.393478  x:  4.92966   0.10947   0.06429   0.44581   0.64502   0.86460   0.58016   0.89676   0.05163   0.09452   0.25869   0.81291   0.68390   0.00000   0.33167   0.79484   1.04242   1.09802   1.27156   1.05801   0.48312   0.41463   0.51594   0.21845   1.50357   0.46139   0.20432   0.04478   0.26814   0.10463   0.21219   0.20915   0.13163   1.42079   0.18473   2.06149   0.88058   1.89675   2.65879   1.97475   0.08007   1.00000  
 86  0.7958   7439.392530  x:  4.92391   0.10939   0.06404   0.44711   0.64433   0.86187   0.57870   0.89887   0.05155   0.09445   0.25832   0.81291   0.68368   0.00000   0.33325   0.79404   1.04405   1.09336   1.27050   1.05748   0.48278   0.41442   0.51585   0.21830   1.50680   0.46103   0.20430   0.04474   0.26807   0.10463   0.21211   0.20903   0.13158   1.41888   0.18402   2.06142   0.88230   1.89629   2.65509   1.97032   0.08007   1.00000  
 87  0.2559   7439.390892  x:  4.91193   0.10922   0.06419   0.44613   0.64547   0.86138   0.58176   0.89367   0.05106   0.09450   0.25835   0.81265   0.68344   0.00000   0.33318   0.79565   1.04709   1.09296   1.26789   1.05811   0.48284   0.41453   0.51608   0.21780   1.51039   0.46095   0.20380   0.04526   0.26805   0.10453   0.21199   0.20897   0.13185   1.41593   0.18403   2.06096   0.88164   1.89605   2.64114   1.95665   0.08010   1.00000  
 88  0.0976   7439.385774  x:  4.87529   0.10784   0.06419   0.44689   0.64484   0.86183   0.57623   0.89572   0.04960   0.09535   0.25740   0.81134   0.68134   0.00000   0.33335   0.79607   1.04372   1.09445   1.26989   1.05794   0.48158   0.41457   0.51664   0.21807   1.50584   0.45913   0.20192   0.04702   0.26771   0.10413   0.21146   0.20883   0.13272   1.41815   0.18223   2.06025   0.88142   1.89468   2.59636   1.90979   0.08017   1.00569  
 89  0.5510   7439.372561  x:  4.85705   0.10474   0.06527   0.44667   0.64601   0.86205   0.57644   0.89398   0.04979   0.09514   0.25731   0.81069   0.68075   0.00000   0.33141   0.80087   1.04326   1.09059   1.26971   1.05890   0.48215   0.41685   0.51918   0.21589   1.50292   0.45844   0.20433   0.04475   0.26804   0.10439   0.21168   0.20867   0.13323   1.41709   0.18243   2.06139   0.88217   1.89479   2.40928   1.72159   0.08055   1.14758  
 90  0.0823   7439.361164  x:  4.85666   0.10632   0.06456   0.44622   0.64555   0.86005   0.57732   0.89532   0.05170   0.08849   0.26064   0.81129   0.68335   0.00000   0.33331   0.79919   1.04239   1.09178   1.26582   1.05952   0.48379   0.41554   0.51740   0.21789   1.50295   0.46096   0.20272   0.04630   0.26805   0.10377   0.21203   0.20926   0.13259   1.41590   0.18327   2.05767   0.88289   1.89610   2.22186   1.53503   0.08094   1.26999  
 91  0.1793   7439.359631  x:  4.85967   0.10803   0.06525   0.44599   0.64564   0.85988   0.57709   0.89567   0.05091   0.08666   0.26108   0.81110   0.68323   0.00000   0.33448   0.79821   1.04221   1.09338   1.26416   1.05972   0.48404   0.41525   0.51648   0.21763   1.50357   0.46011   0.20295   0.04598   0.26787   0.10448   0.21176   0.20879   0.13251   1.41581   0.18289   2.05608   0.88277   1.89589   2.20874   1.52164   0.08096   1.25862  
 92  0.0239   7439.358989  x:  4.85732   0.10941   0.06474   0.44576   0.64536   0.85986   0.57670   0.89496   0.05054   0.08683   0.26068   0.81091   0.68251   0.00000   0.33467   0.79829   1.04168   1.09345   1.26371   1.05953   0.48400   0.41526   0.51620   0.21766   1.50325   0.45968   0.20359   0.04597   0.26776   0.10382   0.21176   0.20904   0.13150   1.41522   0.18230   2.05511   0.88284   1.89560   2.17102   1.48257   0.08100   1.22389  
 93  0.0251   7439.355590  x:  4.84195   0.11117   0.06451   0.44579   0.64527   0.86042   0.57672   0.89483   0.05078   0.08838   0.26015   0.81128   0.68246   0.00000   0.33416   0.79836   1.04183   1.09213   1.26477   1.05949   0.48392   0.41549   0.51661   0.21765   1.50254   0.46015   0.20335   0.04618   0.26758   0.10477   0.21183   0.20893   0.13219   1.41448   0.18227   2.05661   0.88274   1.89556   2.00034   1.31201   0.08115   1.00000  
 94  0.0640   7439.354361  x:  4.84654   0.10911   0.06501   0.44593   0.64544   0.85960   0.57700   0.89537   0.05104   0.08725   0.26099   0.81112   0.68314   0.00000   0.33405   0.79799   1.04180   1.09244   1.26387   1.05944   0.48395   0.41536   0.51665   0.21759   1.50245   0.46041   0.20295   0.04593   0.26794   0.10451   0.21172   0.20880   0.13188   1.41480   0.18276   2.05482   0.88285   1.89586   1.92610   1.23835   0.08122   1.00000  
 95  0.0693   7439.354238  x:  4.84893   0.10869   0.06508   0.44594   0.64547   0.85952   0.57704   0.89545   0.05107   0.08689   0.26114   0.81108   0.68321   0.00000   0.33417   0.79797   1.04179   1.09265   1.26369   1.05950   0.48401   0.41534   0.51659   0.21760   1.50260   0.46037   0.20299   0.04590   0.26796   0.10440   0.21175   0.20883   0.13193   1.41495   0.18282   2.05470   0.88288   1.89591   1.94673   1.25912   0.08120   1.00000  
 96  0.1374   7439.353880  x:  4.84899   0.10807   0.06497   0.44597   0.64527   0.85959   0.57703   0.89530   0.05100   0.08672   0.26104   0.81091   0.68286   0.00000   0.33485   0.79739   1.04142   1.09328   1.26324   1.05949   0.48407   0.41527   0.51616   0.21767   1.50307   0.45991   0.20353   0.04593   0.26776   0.10399   0.21196   0.20912   0.13230   1.41503   0.18265   2.05430   0.88290   1.89578   1.91942   1.23204   0.08115   1.00000  
 97  0.0195   7439.353283  x:  4.86338   0.10846   0.06499   0.44596   0.64557   0.85986   0.57711   0.89513   0.05065   0.08605   0.26128   0.81115   0.68299   0.00000   0.33486   0.79849   1.04158   1.09359   1.26318   1.05976   0.48420   0.41544   0.51623   0.21787   1.50313   0.46016   0.20323   0.04598   0.26780   0.10407   0.21172   0.20888   0.13143   1.41546   0.18266   2.05557   0.88326   1.89578   1.88286   1.19437   0.08098   1.00000  
 98  0.0181   7439.353081  x:  4.86620   0.10856   0.06510   0.44585   0.64566   0.86003   0.57705   0.89558   0.05102   0.08541   0.26160   0.81119   0.68333   0.00000   0.33421   0.79941   1.04222   1.09341   1.26380   1.06019   0.48447   0.41542   0.51638   0.21764   1.50359   0.46022   0.20322   0.04593   0.26790   0.10427   0.21183   0.20893   0.13235   1.41558   0.18285   2.05665   0.88304   1.89598   1.86145   1.17392   0.08093   1.00000  
 99  0.0264   7439.353079  x:  4.86619   0.10853   0.06511   0.44588   0.64568   0.86001   0.57709   0.89559   0.05104   0.08540   0.26161   0.81121   0.68337   0.00000   0.33431   0.79939   1.04223   1.09342   1.26379   1.06020   0.48448   0.41543   0.51642   0.21767   1.50355   0.46027   0.20322   0.04594   0.26787   0.10428   0.21184   0.20893   0.13233   1.41561   0.18287   2.05675   0.88304   1.89598   1.86127   1.17381   0.08093   1.00000  
100  0.0003   7439.353079  x:  4.86618   0.10853   0.06511   0.44588   0.64568   0.86001   0.57710   0.89559   0.05104   0.08540   0.26161   0.81121   0.68337   0.00000   0.33431   0.79940   1.04223   1.09342   1.26380   1.06020   0.48448   0.41543   0.51642   0.21768   1.50355   0.46027   0.20322   0.04594   0.26787   0.10428   0.21184   0.20893   0.13233   1.41561   0.18288   2.05675   0.88305   1.89598   1.86131   1.17386   0.08093   1.00000  
101  0.0001   7439.353079  x:  4.86618   0.10853   0.06511   0.44588   0.64568   0.86001   0.57710   0.89559   0.05104   0.08540   0.26161   0.81121   0.68337   0.00000   0.33431   0.79940   1.04223   1.09342   1.26380   1.06020   0.48448   0.41543   0.51642   0.21768   1.50355   0.46027   0.20322   0.04594   0.26787   0.10428   0.21184   0.20893   0.13233   1.41561   0.18288   2.05675   0.88305   1.89598   1.86131   1.17386   0.08093   1.00000  