

TREE # 1

  0  0.0000   9220.102228  x:  0.17444   0.02804   0.07307   0.00000   0.21220   0.15259   0.14764   0.15672   0.09176   0.01488   0.10164   0.09888   0.08304   0.02822   0.03654   0.11840   0.16638   0.13073   0.17006   0.12456   0.13600   0.08105   0.05011   0.02312   0.14692   0.15208   0.08109   0.04353   0.13235   0.02986   0.05286   0.04009   0.10565   0.11049   0.05181   0.16210   0.10351   2.00000   1.39835   0.16116   0.29812   1.40136  
  1 99.0000   8102.436304  x:  0.33864   0.14901   0.13392   0.33286   0.26380   0.21889   0.20671   0.22890   0.13379   0.10632   0.15875   0.22721   0.21386   0.09844   0.16541   0.18690   0.24322   0.24201   0.25599   0.23555   0.18610   0.17996   0.21837   0.13507   0.27090   0.19629   0.10943   0.05621   0.15032   0.08371   0.12682   0.14481   0.14721   0.24517   0.15018   0.28366   0.25634   1.99212   1.43190   0.12835   0.00000   1.40075  
  2 3569.1665   7944.291983  x:  0.55197   0.30614   0.21293   0.76517   0.33083   0.30501   0.28345   0.32268   0.18838   0.22506   0.23293   0.39391   0.38380   0.18965   0.33280   0.27589   0.34306   0.38657   0.36763   0.37974   0.25117   0.30844   0.43691   0.28047   0.43197   0.25372   0.14624   0.07265   0.17366   0.15364   0.22288   0.28082   0.20120   0.42014   0.27796   0.44159   0.45487   1.98188   1.47549   0.08572   0.00133   1.39996  
  3 19390.2307   7855.443750  x:  0.65651   0.28879   0.15544   0.75573   0.32822   0.32952   0.31819   0.37548   0.12501   0.16944   0.19430   0.41082   0.38585   0.15003   0.34002   0.30484   0.39600   0.45214   0.41787   0.40458   0.22904   0.28116   0.41217   0.24105   0.50900   0.25172   0.10669   0.00000   0.14135   0.06883   0.14921   0.19990   0.18633   0.46204   0.28210   0.51848   0.50379   1.97921   1.42408   0.13658   0.00132   1.39962  
  4 377.5114   7800.184227  x:  0.79938   0.25385   0.06436   0.72829   0.31938   0.36127   0.35610   0.43740   0.02606   0.08405   0.13896   0.43182   0.38641   0.09062   0.34325   0.33620   0.45943   0.53058   0.48106   0.43920   0.20629   0.24434   0.37291   0.17831   0.61313   0.24810   0.14148   0.12087   0.14894   0.01752   0.07818   0.09925   0.15257   0.51761   0.27589   0.61759   0.56131   1.97610   1.35412   0.20584   0.00129   1.39899  
  5 832.0692   7784.304466  x:  0.84236   0.23703   0.03897   0.70833   0.31466   0.36948   0.36406   0.45274   0.00000   0.06009   0.12487   0.43596   0.38515   0.07287   0.34003   0.34245   0.47565   0.55018   0.49793   0.45024   0.20674   0.23454   0.35716   0.15876   0.64225   0.24521   0.13953   0.12454   0.15899   0.05905   0.09227   0.09471   0.13659   0.53339   0.26717   0.64527   0.57335   1.97525   1.33117   0.22853   0.00129   1.39879  
  6 493.2739   7757.528545  x:  1.00802   0.14732   0.03110   0.58058   0.28978   0.39498   0.37018   0.48680   0.01058   0.04057   0.11586   0.44599   0.38864   0.03613   0.31155   0.34657   0.51642   0.59718   0.54820   0.50975   0.27774   0.22899   0.29203   0.12367   0.74285   0.24290   0.14458   0.14806   0.18725   0.00599   0.20937   0.20058   0.04281   0.59719   0.19146   0.73567   0.58821   1.97130   1.24222   0.31702   0.00126   1.39733  
  7 277.8453   7741.967302  x:  1.09203   0.10439   0.06391   0.49853   0.28368   0.40778   0.36930   0.49979   0.05360   0.06976   0.13335   0.45057   0.39613   0.03689   0.29611   0.34535   0.53318   0.61429   0.57170   0.54402   0.31476   0.23781   0.26989   0.12657   0.78798   0.25194   0.15091   0.15746   0.19633   0.02348   0.19542   0.20311   0.00000   0.63556   0.14561   0.77915   0.58786   1.96916   1.19728   0.36218   0.00125   1.39611  
  8 317.5953   7730.142642  x:  1.21683   0.12489   0.02712   0.31980   0.31987   0.43180   0.33913   0.48404   0.02981   0.06498   0.18557   0.46648   0.42296   0.05429   0.26554   0.31496   0.52501   0.59047   0.59148   0.59442   0.36464   0.32003   0.33690   0.16557   0.81027   0.27655   0.17164   0.15248   0.22201   0.02334   0.19113   0.20655   0.05884   0.73573   0.09544   0.83535   0.55983   1.96156   1.13377   0.42754   0.00123   1.39204  
  9 117.0813   7728.161508  x:  1.25669   0.12646   0.06701   0.28475   0.39576   0.44411   0.33916   0.48196   0.02452   0.04541   0.18269   0.46796   0.43317   0.05523   0.26965   0.31612   0.52102   0.57440   0.59412   0.59977   0.35786   0.30491   0.34292   0.17934   0.78928   0.27595   0.16722   0.16110   0.20946   0.02470   0.20798   0.20287   0.06925   0.76194   0.11188   0.84899   0.55314   1.95752   1.11218   0.45110   0.00123   1.38851  
 10 42.0748   7727.181534  x:  1.28003   0.11302   0.04419   0.27138   0.45076   0.44852   0.34425   0.48455   0.02823   0.06649   0.19208   0.47244   0.44354   0.06201   0.28252   0.32792   0.52220   0.56516   0.59393   0.60068   0.35624   0.29208   0.34880   0.17517   0.76407   0.26636   0.16456   0.16418   0.21105   0.02391   0.20807   0.20925   0.06099   0.77232   0.12899   0.85418   0.54765   1.95639   1.10088   0.46464   0.00122   1.38443  
 11 33.1169   7726.794424  x:  1.29393   0.11025   0.03837   0.27270   0.46358   0.44245   0.34971   0.48987   0.03870   0.05412   0.18377   0.47328   0.44601   0.05472   0.29204   0.34086   0.52769   0.56754   0.59216   0.59620   0.36044   0.29758   0.35923   0.18485   0.74921   0.27212   0.17413   0.15913   0.22437   0.02410   0.19857   0.21789   0.04915   0.77588   0.13401   0.85359   0.54283   1.95577   1.09790   0.47110   0.00122   1.37863  
 12 11.6478   7725.741179  x:  1.34297   0.14542   0.03722   0.28124   0.44778   0.41046   0.35947   0.50488   0.04428   0.06620   0.17800   0.48112   0.45397   0.05519   0.32304   0.37432   0.54665   0.58439   0.58726   0.59111   0.36446   0.30719   0.37035   0.19311   0.72335   0.28522   0.18501   0.16010   0.21877   0.02389   0.22185   0.20296   0.03392   0.78731   0.15024   0.85207   0.53996   1.95394   1.08616   0.49906   0.00122   1.35131  
 13  9.7969   7723.432156  x:  1.42790   0.17798   0.04949   0.35468   0.42211   0.39972   0.37047   0.51119   0.01475   0.05664   0.21464   0.51679   0.48325   0.06638   0.35145   0.38136   0.54661   0.59365   0.57585   0.60513   0.36754   0.31421   0.39152   0.19822   0.72750   0.28978   0.16022   0.17693   0.20709   0.03204   0.19585   0.24416   0.00507   0.81629   0.16510   0.85494   0.55896   1.95383   1.06015   0.56659   0.00121   1.28072  
 14 17.9394   7719.975843  x:  1.51359   0.18521   0.04312   0.47338   0.43314   0.46081   0.39668   0.51974   0.03242   0.05609   0.24116   0.54376   0.50777   0.07662   0.36184   0.36525   0.53543   0.61425   0.57530   0.64835   0.38052   0.31677   0.41692   0.22432   0.80090   0.29681   0.16690   0.17154   0.26549   0.02647   0.22431   0.21754   0.00966   0.86423   0.18326   0.88021   0.61584   1.95732   1.05608   0.63995   0.00118   1.16200  
 15 33.4910   7718.075613  x:  1.50948   0.16821   0.03317   0.52392   0.45291   0.50395   0.39758   0.52076   0.03274   0.07405   0.21274   0.53925   0.51167   0.07900   0.37354   0.37037   0.55039   0.64173   0.60945   0.67315   0.38686   0.33977   0.44744   0.24783   0.84579   0.29058   0.21113   0.16825   0.21540   0.03652   0.23008   0.23341   0.02493   0.88704   0.17544   0.90402   0.64404   1.96952   1.03910   0.69341   0.00117   1.09649  
 16 31.0009   7716.621983  x:  1.45414   0.16104   0.05263   0.54814   0.46261   0.52067   0.39094   0.53296   0.01779   0.10349   0.17898   0.54584   0.53192   0.08150   0.39766   0.38864   0.58575   0.67164   0.66933   0.68884   0.38703   0.35578   0.47683   0.26547   0.86655   0.26474   0.19278   0.17742   0.25036   0.03487   0.23120   0.24491   0.05277   0.90791   0.15915   0.93544   0.65937   1.98685   0.99685   0.76359   0.00117   1.04051  
 17 24.1036   7715.632715  x:  1.39293   0.15712   0.04677   0.54328   0.46983   0.51486   0.41608   0.57497   0.02374   0.09309   0.20049   0.58313   0.56517   0.07592   0.40218   0.38910   0.60846   0.67869   0.70308   0.69622   0.40011   0.34800   0.47662   0.28554   0.87813   0.28963   0.18714   0.18487   0.24393   0.03729   0.23941   0.24495   0.05957   0.92547   0.15746   0.96868   0.66579   1.99491   0.97844   0.79839   0.00116   1.00000  
 18 14.8284   7713.958693  x:  1.35053   0.20748   0.05232   0.53308   0.48952   0.48869   0.40651   0.58563   0.04605   0.07777   0.20842   0.60645   0.56012   0.08335   0.39095   0.37746   0.62983   0.67812   0.70211   0.73483   0.43093   0.35757   0.45570   0.22946   0.89544   0.28855   0.22707   0.16734   0.25522   0.04152   0.22515   0.25098   0.03203   0.96183   0.20693   1.03861   0.70480   1.98653   0.94985   0.85130   0.00116   1.00000  
 19  7.3351   7712.111832  x:  1.35730   0.21179   0.05505   0.52666   0.50251   0.49039   0.41000   0.58463   0.03983   0.07693   0.21224   0.60490   0.55487   0.07969   0.38914   0.38220   0.63871   0.68303   0.70048   0.74742   0.43344   0.37581   0.46538   0.21585   0.90805   0.30070   0.21556   0.16898   0.25364   0.04178   0.22784   0.24025   0.00000   0.97412   0.20554   1.05617   0.71047   1.97915   0.95366   0.86173   0.00115   1.00000  
 20 10.9931   7701.780335  x:  1.55625   0.28773   0.04971   0.41798   0.51763   0.54408   0.44581   0.59208   0.00000   0.12486   0.22309   0.55791   0.54847   0.03671   0.39032   0.43488   0.68312   0.75026   0.74031   0.79953   0.36055   0.32140   0.44313   0.25370   1.03260   0.36375   0.20232   0.15282   0.27669   0.05259   0.18798   0.25788   0.00000   1.11922   0.20559   1.16925   0.74361   1.93894   1.01495   0.94208   0.00112   1.00000  
 21 31.2819   7689.487822  x:  1.88924   0.25216   0.00754   0.42339   0.46326   0.59653   0.45432   0.61842   0.08085   0.07543   0.22405   0.59965   0.59440   0.03618   0.41388   0.44453   0.66657   0.78624   0.78815   0.79662   0.36291   0.27475   0.43510   0.29324   1.09905   0.26780   0.20635   0.12998   0.24536   0.06973   0.19221   0.17334   0.00000   1.23175   0.14643   1.22742   0.73898   1.97074   0.96575   1.15059   0.00111   1.00000  
 22 49.4281   7685.025806  x:  2.05371   0.15869   0.05555   0.40179   0.44572   0.60033   0.48223   0.70511   0.03832   0.08310   0.21355   0.66350   0.60175   0.08434   0.41742   0.42594   0.67891   0.79883   0.83000   0.75532   0.38614   0.30689   0.40145   0.25029   1.09421   0.24479   0.26194   0.09967   0.26031   0.07289   0.17717   0.16879   0.00000   1.21046   0.15252   1.24159   0.74184   2.01637   0.99351   1.17116   0.00109   1.00000  
 23 39.1894   7683.200234  x:  2.14168   0.11971   0.05283   0.40554   0.44626   0.57774   0.45180   0.73584   0.07090   0.10089   0.18825   0.67807   0.58932   0.06749   0.38448   0.39797   0.69620   0.81183   0.85423   0.71989   0.40034   0.30935   0.39229   0.22676   1.08964   0.29543   0.23306   0.11392   0.25664   0.08015   0.16328   0.19060   0.00000   1.16029   0.18290   1.25534   0.75500   2.05347   0.99256   1.18090   0.00109   1.00000  
 24 24.9218   7682.774488  x:  2.17179   0.12731   0.05210   0.41140   0.45869   0.56381   0.43584   0.73765   0.07866   0.09018   0.21108   0.67244   0.59213   0.07069   0.36669   0.39002   0.72513   0.81884   0.88749   0.74410   0.38559   0.30033   0.39960   0.22194   1.08126   0.29698   0.24172   0.11023   0.25931   0.08019   0.16390   0.19213   0.00000   1.10399   0.16696   1.27113   0.74925   2.05950   0.99361   1.17695   0.00109   1.00000  
 25  8.4045   7682.540086  x:  2.18947   0.14438   0.05011   0.41039   0.46150   0.57087   0.45288   0.74020   0.07480   0.09584   0.20858   0.66643   0.59570   0.05621   0.35721   0.38034   0.73099   0.80529   0.90720   0.75771   0.40046   0.31051   0.39588   0.23548   1.07478   0.28706   0.23741   0.11143   0.25815   0.08169   0.16162   0.19037   0.00000   1.06503   0.17190   1.28605   0.75586   2.05628   0.98687   1.17670   0.00109   1.00000  
 26  5.3341   7682.204841  x:  2.20466   0.13628   0.04712   0.40778   0.45422   0.57582   0.45699   0.72415   0.06933   0.09479   0.19691   0.67230   0.59534   0.07298   0.37213   0.38755   0.73363   0.78256   0.91635   0.77690   0.40099   0.30982   0.39870   0.24595   1.07582   0.31014   0.23621   0.10836   0.26024   0.08169   0.16328   0.18633   0.00000   1.04332   0.17809   1.30604   0.77422   2.04679   0.96547   1.17652   0.00109   1.00000  
 27  3.2683   7680.259969  x:  2.27881   0.13434   0.06517   0.40046   0.45520   0.59922   0.48576   0.68796   0.08792   0.10778   0.19807   0.72281   0.61368   0.01066   0.40926   0.44703   0.75426   0.74352   0.92631   0.78656   0.37570   0.31722   0.44696   0.19255   1.10105   0.33470   0.24800   0.09127   0.25605   0.08561   0.16935   0.18562   0.03016   1.04930   0.14173   1.39040   0.83126   2.00849   0.87312   1.12282   0.00108   1.00000  
 28  6.5223   7677.255909  x:  2.35460   0.15004   0.06040   0.42296   0.49952   0.60069   0.51126   0.69947   0.09008   0.10111   0.19983   0.71808   0.59130   0.02699   0.41795   0.48801   0.79886   0.78073   0.91016   0.81500   0.39983   0.34166   0.43369   0.18403   1.12725   0.34915   0.22722   0.08799   0.25030   0.09266   0.16778   0.18562   0.00000   1.10743   0.09972   1.45459   0.84436   2.00367   0.77187   1.06119   0.00107   1.00000  
 29 16.7472   7675.373983  x:  2.42030   0.12113   0.07017   0.43564   0.52430   0.58442   0.49535   0.73195   0.05665   0.10891   0.23618   0.67922   0.59619   0.02012   0.39204   0.48323   0.82893   0.85591   0.89433   0.83868   0.39685   0.37506   0.47204   0.21065   1.16881   0.36041   0.22934   0.07270   0.25259   0.09364   0.18378   0.16350   0.01846   1.16556   0.15711   1.49821   0.85670   2.02844   0.65727   1.03374   0.00106   1.00000  
 30 22.7037   7675.141125  x:  2.42874   0.12850   0.06945   0.42231   0.52451   0.59308   0.49977   0.74826   0.06748   0.10185   0.22459   0.67233   0.61020   0.03400   0.40042   0.47221   0.82196   0.87540   0.90043   0.85066   0.39411   0.37592   0.49066   0.19490   1.18408   0.36086   0.22101   0.07484   0.24991   0.09507   0.18337   0.16583   0.02161   1.16648   0.17334   1.49271   0.84574   2.02925   0.64812   1.02585   0.00106   1.00000  
 31  7.6428   7675.018169  x:  2.43365   0.13469   0.07155   0.42215   0.53117   0.59866   0.49654   0.75300   0.06407   0.10726   0.21866   0.67661   0.62271   0.02593   0.41219   0.46006   0.81112   0.89039   0.90387   0.85903   0.39612   0.37478   0.49527   0.18326   1.19720   0.37363   0.22640   0.06997   0.25214   0.09488   0.18318   0.16468   0.00000   1.16216   0.17811   1.48167   0.82806   2.02574   0.63606   1.02875   0.00106   1.00000  
 32  5.5851   7674.770471  x:  2.43648   0.14392   0.06549   0.42913   0.54639   0.60106   0.48955   0.74300   0.05839   0.10665   0.22039   0.69351   0.60153   0.02949   0.42665   0.46157   0.81531   0.89602   0.91069   0.86053   0.40962   0.38039   0.46460   0.19522   1.20157   0.38176   0.22435   0.06917   0.25416   0.09531   0.18027   0.16450   0.00000   1.15885   0.16652   1.47178   0.81984   2.02268   0.63353   1.03033   0.00106   1.00000  
 33  2.2723   7674.645332  x:  2.43929   0.13591   0.06480   0.43787   0.54545   0.58992   0.51000   0.74438   0.05552   0.11034   0.21726   0.67959   0.59877   0.03183   0.42033   0.46248   0.82351   0.89090   0.89446   0.87532   0.41053   0.37440   0.46024   0.20039   1.19166   0.38288   0.22572   0.06868   0.25506   0.09563   0.17888   0.16901   0.00000   1.16130   0.15155   1.47227   0.82712   2.01611   0.62836   1.03356   0.00106   1.00000  
 34  2.1877   7674.189519  x:  2.47317   0.11480   0.06335   0.42627   0.54948   0.58330   0.49988   0.73077   0.05161   0.10297   0.21590   0.66697   0.63533   0.01572   0.43560   0.47165   0.84417   0.91316   0.89778   0.90365   0.43590   0.37229   0.44590   0.20656   1.19373   0.37144   0.21663   0.06332   0.24886   0.09885   0.17608   0.16964   0.00000   1.17366   0.14955   1.47475   0.85317   2.00753   0.62826   1.00552   0.00106   1.00000  
 35  1.4330   7673.033672  x:  2.57426   0.11854   0.05986   0.40678   0.57189   0.61456   0.51342   0.75650   0.05772   0.10674   0.22182   0.67023   0.62348   0.00619   0.44965   0.47762   0.86550   0.94800   0.92793   0.91469   0.40900   0.38959   0.45075   0.21152   1.23164   0.37564   0.20869   0.04216   0.24750   0.10347   0.18206   0.18397   0.06554   1.19548   0.13323   1.49817   0.89565   2.03149   0.57185   0.98379   0.00107   1.00000  
 36  6.4870   7672.293883  x:  2.63789   0.12431   0.05994   0.40218   0.58224   0.63797   0.52473   0.77604   0.05800   0.11271   0.22457   0.67537   0.59961   0.00962   0.44380   0.48778   0.87509   0.96241   0.95280   0.90534   0.39942   0.38801   0.46927   0.21309   1.26051   0.37978   0.20552   0.02829   0.24741   0.10605   0.18649   0.19221   0.00000   1.20905   0.12593   1.52983   0.90036   2.04031   0.53537   0.97324   0.00107   1.00000  
 37 13.1357   7672.166749  x:  2.64922   0.12564   0.06087   0.41129   0.58023   0.64181   0.52272   0.77359   0.05115   0.11594   0.21598   0.67411   0.60417   0.02207   0.41820   0.49972   0.88050   0.95487   0.96285   0.88781   0.41506   0.37445   0.47956   0.21126   1.26423   0.38211   0.20549   0.02516   0.24676   0.10630   0.18683   0.19012   0.00676   1.21713   0.12401   1.55267   0.88412   2.03314   0.53586   0.96829   0.00107   1.00000  
 38  4.4345   7672.131714  x:  2.65194   0.12310   0.05983   0.41670   0.57804   0.64230   0.52433   0.76992   0.05344   0.11557   0.21411   0.67130   0.61262   0.02558   0.40994   0.50624   0.87827   0.95186   0.96629   0.88422   0.40652   0.38375   0.47059   0.21090   1.26555   0.38237   0.20479   0.02514   0.24662   0.10631   0.18765   0.19099   0.00714   1.21933   0.12859   1.56440   0.87030   2.02889   0.53582   0.96784   0.00107   1.00000  
 39  2.2602   7672.094750  x:  2.65249   0.11804   0.06172   0.41919   0.57256   0.64092   0.52766   0.76764   0.05399   0.11414   0.21939   0.66881   0.60328   0.02091   0.41580   0.51391   0.86838   0.95207   0.96761   0.89130   0.40981   0.38110   0.47178   0.21098   1.26642   0.37909   0.20304   0.02643   0.24595   0.10651   0.18782   0.19219   0.01126   1.21814   0.13681   1.57747   0.85252   2.03579   0.53945   0.96637   0.00107   1.00000  
 40  0.7601   7671.858406  x:  2.65750   0.12508   0.05952   0.42193   0.57355   0.63742   0.51537   0.77326   0.05151   0.11685   0.20372   0.67620   0.61734   0.02553   0.41564   0.50744   0.84837   0.95355   0.94199   0.88712   0.40943   0.37591   0.46907   0.21986   1.25535   0.37473   0.19757   0.03078   0.24650   0.10475   0.19358   0.19443   0.00566   1.20809   0.11893   1.61067   0.85095   2.08023   0.56532   0.97123   0.00108   1.00000  
 41  0.5883   7671.260626  x:  2.67007   0.12781   0.05908   0.43396   0.56815   0.65178   0.50699   0.78770   0.06018   0.10731   0.22391   0.65471   0.61803   0.04684   0.42416   0.47277   0.84119   0.97312   0.95001   0.82857   0.42876   0.36589   0.46850   0.21992   1.23691   0.37278   0.19439   0.04239   0.25196   0.10169   0.21058   0.20822   0.00000   1.18815   0.11730   1.59195   0.85759   2.03534   0.59385   1.01524   0.00112   1.00000  
 42  2.2814   7671.260626  x:  2.67007   0.12781   0.05908   0.43396   0.56815   0.65178   0.50699   0.78770   0.06018   0.10731   0.22391   0.65471   0.61803   0.04684   0.42416   0.47277   0.84119   0.97312   0.95001   0.82857   0.42876   0.36589   0.46850   0.21992   1.23691   0.37278   0.19439   0.04239   0.25196   0.10169   0.21058   0.20822   0.00000   1.18815   0.11730   1.59195   0.85759   2.03534   0.59385   1.01524   0.00112   1.00000  
 43  4.2956   7522.778416  x:  2.67008   0.12782   0.05908   0.43396   0.56815   0.65178   0.50699   0.78770   0.06017   0.10731   0.22391   0.65472   0.61803   0.04684   0.42415   0.47277   0.84119   0.97312   0.95001   0.82859   0.42875   0.36590   0.46850   0.21992   1.23691   0.37278   0.19440   0.04237   0.25196   0.10168   0.21056   0.20820   0.00001   1.18816   0.11731   1.59195   0.85759   2.03534   0.59385   1.01524   0.06885   1.00000  
 44 22328.5334   7482.955689  x:  2.69654   0.21501   0.12200   0.48057   0.61828   0.69527   0.55955   0.83165   0.12100   0.17235   0.28195   0.71699   0.66808   0.11971   0.46929   0.52605   0.88525   1.01109   0.99379   0.88675   0.48172   0.42714   0.52395   0.27097   1.28140   0.41635   0.26610   0.10170   0.31206   0.15925   0.25452   0.25407   0.66267   1.23461   0.18507   1.62234   0.90863   1.99074   0.85381   0.75679   0.07955   1.00000  
 45 291.4336   7466.286944  x:  2.72423   0.17596   0.08541   0.49627   0.64138   0.73306   0.59669   0.86522   0.08545   0.13846   0.28410   0.76122   0.68938   0.10232   0.48553   0.56646   0.92225   1.04456   1.03102   0.92150   0.49941   0.44836   0.54443   0.25439   1.32006   0.40483   0.21055   0.00000   0.28295   0.08585   0.22499   0.22324   0.66850   1.25256   0.19870   1.65052   0.93014   1.95442   0.99944   0.61120   0.08074   1.00000  
 46 103.8311   7458.568190  x:  2.75060   0.13336   0.04999   0.50747   0.65909   0.76583   0.62663   0.89296   0.04935   0.10252   0.28150   0.79777   0.70534   0.07987   0.49697   0.60170   0.95438   1.07357   1.06362   0.95101   0.51193   0.46178   0.55795   0.23634   1.35515   0.39424   0.18222   0.04738   0.26042   0.04782   0.20103   0.19788   0.64198   1.26678   0.20693   1.67613   0.94699   1.92274   1.12377   0.48645   0.08157   1.00000  
 47 263.4159   7454.950917  x:  2.77015   0.10426   0.03962   0.51008   0.66576   0.78350   0.63850   0.90532   0.03323   0.07988   0.27584   0.81510   0.71058   0.06032   0.49956   0.62211   0.97217   1.08936   1.08240   0.96786   0.51546   0.46132   0.55825   0.22609   1.37695   0.38584   0.18192   0.04529   0.25891   0.11042   0.20049   0.19899   0.61576   1.27424   0.20725   1.69264   0.95425   1.90438   1.18901   0.42068   0.08193   1.00000  
 48 139.1983   7453.274879  x:  2.80637   0.07585   0.08982   0.49881   0.66040   0.79676   0.63080   0.90464   0.06618   0.06934   0.26139   0.81945   0.70316   0.02862   0.48870   0.64337   0.98695   1.10131   1.10161   0.98728   0.50870   0.43596   0.53387   0.22475   1.40408   0.37795   0.21900   0.04057   0.26353   0.10122   0.21506   0.21171   0.59849   1.28138   0.19500   1.71582   0.95362   1.88645   1.22059   0.38717   0.08208   1.00000  
 49 36.5706   7451.952131  x:  2.84909   0.05960   0.09313   0.47833   0.64857   0.80567   0.61391   0.89704   0.05339   0.07376   0.25001   0.81858   0.68968   0.00000   0.47172   0.66177   0.99758   1.10748   1.11967   1.00437   0.49749   0.41019   0.50925   0.21057   1.42835   0.36517   0.22103   0.03988   0.26435   0.10024   0.20992   0.20376   0.61495   1.28778   0.18316   1.74117   0.94908   1.87535   1.22084   0.38388   0.08214   1.00000  
 50 28.1576   7451.005136  x:  2.93545   0.04923   0.09141   0.45012   0.63283   0.82037   0.58353   0.88244   0.06614   0.12953   0.24922   0.81855   0.66721   0.00000   0.43975   0.69202   1.01303   1.10895   1.15139   1.03585   0.49199   0.40444   0.49808   0.20285   1.46763   0.36007   0.19110   0.04421   0.25219   0.10432   0.21539   0.21406   0.61687   1.29722   0.16362   1.78795   0.93423   1.86768   1.22173   0.37582   0.08223   1.00000  
 51 31.8409   7449.667936  x:  3.11442   0.07720   0.07403   0.42515   0.62272   0.84910   0.54375   0.86485   0.06282   0.14479   0.24287   0.81751   0.62979   0.00000   0.36934   0.73590   1.03026   1.09335   1.20820   1.07342   0.48872   0.45270   0.53212   0.21749   1.52589   0.37738   0.22245   0.03972   0.27471   0.10192   0.20102   0.20866   0.60306   1.31538   0.14739   1.87685   0.89883   1.87732   1.20874   0.37197   0.08228   1.00000  
 52 24.4156   7448.513981  x:  3.30058   0.08923   0.07715   0.43339   0.63600   0.87837   0.53796   0.86820   0.05528   0.10370   0.24893   0.82057   0.62361   0.00000   0.30339   0.77081   1.04075   1.06962   1.26258   1.08912   0.48374   0.47013   0.54890   0.23560   1.56521   0.39353   0.20620   0.04267   0.25609   0.10205   0.24240   0.22040   0.59938   1.33556   0.16171   1.96253   0.86937   1.89651   1.17700   0.38468   0.08234   1.00000  
 53 31.9324   7447.078056  x:  3.55837   0.07972   0.09242   0.46881   0.66895   0.91274   0.56458   0.89408   0.08305   0.08760   0.29092   0.83191   0.65731   0.00000   0.23755   0.81463   1.05367   1.03548   1.33344   1.09471   0.49151   0.46428   0.54996   0.25367   1.59617   0.40080   0.19338   0.04666   0.25732   0.11557   0.20757   0.20849   0.58530   1.36378   0.20026   2.07260   0.83872   1.92606   1.12470   0.40926   0.08237   1.00000  
 54 43.2440   7446.049068  x:  3.75995   0.06434   0.07626   0.49277   0.68911   0.92845   0.60116   0.92369   0.06833   0.11329   0.31993   0.84315   0.69677   0.00000   0.21903   0.84887   1.06715   1.01522   1.38482   1.09054   0.50727   0.45623   0.54583   0.24830   1.59993   0.38924   0.22084   0.04423   0.28435   0.10691   0.22428   0.23612   0.56339   1.38603   0.23266   2.15080   0.82526   1.94559   1.08447   0.42633   0.08239   1.00000  
 55 43.2062   7445.223910  x:  3.93765   0.07800   0.10254   0.49741   0.68794   0.91891   0.63603   0.94971   0.05350   0.13921   0.29501   0.84882   0.72297   0.00000   0.26468   0.88237   1.09003   1.02249   1.41854   1.08337   0.52938   0.46644   0.55211   0.24771   1.57588   0.38591   0.23509   0.04456   0.27331   0.11388   0.24353   0.20505   0.53844   1.40929   0.24446   2.20415   0.83424   1.94160   1.04697   0.43959   0.08237   1.00000  
 56 20.6875   7444.484830  x:  4.10497   0.08727   0.10684   0.49464   0.67917   0.89855   0.65965   0.96648   0.06256   0.12763   0.25008   0.85398   0.73667   0.00000   0.32343   0.90585   1.11401   1.04423   1.43664   1.07653   0.54421   0.47401   0.56139   0.24527   1.54434   0.38612   0.22598   0.04759   0.27698   0.11623   0.22462   0.23945   0.52032   1.43377   0.24241   2.24444   0.85407   1.93051   1.01089   0.44970   0.08236   1.00000  
 57 28.9442   7443.937827  x:  4.23420   0.07338   0.07594   0.49699   0.67675   0.87266   0.65648   0.96263   0.09666   0.11036   0.24742   0.86462   0.74151   0.00000   0.36518   0.89733   1.12635   1.07337   1.42328   1.07761   0.53958   0.46489   0.56583   0.25323   1.51903   0.39966   0.22078   0.04822   0.29996   0.11723   0.24262   0.22339   0.50293   1.45381   0.22171   2.25833   0.88016   1.92326   0.99102   0.44469   0.08233   1.00000  
 58 15.3848   7443.160971  x:  4.41816   0.06314   0.06362   0.50855   0.68381   0.83644   0.63712   0.94493   0.09323   0.10167   0.28306   0.88006   0.74321   0.00000   0.41010   0.85179   1.13043   1.11872   1.37441   1.08518   0.51649   0.44594   0.56947   0.27053   1.49027   0.42172   0.24622   0.04576   0.26476   0.11996   0.23577   0.23168   0.46992   1.48121   0.18041   2.25711   0.92209   1.91529   0.97464   0.42126   0.08225   1.00000  
 59 19.5257   7442.468184  x:  4.58663   0.07140   0.09937   0.51915   0.69292   0.81734   0.62320   0.93094   0.06598   0.09889   0.30879   0.88298   0.73327   0.00000   0.43344   0.78858   1.11994   1.15638   1.30849   1.09267   0.49969   0.43609   0.56923   0.27298   1.47590   0.41854   0.22810   0.04828   0.29443   0.11995   0.23400   0.23611   0.42774   1.50131   0.15415   2.23885   0.95763   1.91045   0.97025   0.38651   0.08217   1.00000  
 60 23.9304   7441.516182  x:  4.79911   0.06659   0.10144   0.51667   0.69320   0.82957   0.62817   0.92912   0.08421   0.09696   0.28887   0.85834   0.69696   0.00000   0.43765   0.68648   1.08054   1.19200   1.19641   1.09773   0.51214   0.44760   0.55455   0.24164   1.48788   0.36482   0.23730   0.04854   0.27947   0.12436   0.23493   0.22990   0.37885   1.51017   0.17354   2.18236   0.98630   1.91062   0.96545   0.33543   0.08203   1.00000  
 61 16.9450   7440.961714  x:  4.90729   0.06243   0.09464   0.48506   0.67018   0.85676   0.63661   0.93549   0.07829   0.10106   0.26539   0.84014   0.70317   0.00000   0.45349   0.65144   1.04789   1.19304   1.15291   1.08584   0.51962   0.43196   0.52011   0.27124   1.52045   0.40281   0.23715   0.04744   0.28045   0.12558   0.23154   0.23014   0.34080   1.48560   0.19110   2.11689   0.96258   1.90706   0.96421   0.29336   0.08193   1.00000  
 62  9.7934   7440.359360  x:  4.99587   0.07322   0.09850   0.45566   0.65247   0.88526   0.61814   0.92766   0.08855   0.08316   0.27868   0.83671   0.73600   0.00000   0.48344   0.66827   1.01865   1.17889   1.15409   1.06159   0.50130   0.42437   0.52539   0.25283   1.55060   0.37982   0.23851   0.04802   0.27658   0.12824   0.23319   0.22880   0.30071   1.43044   0.17170   2.01989   0.89625   1.89597   0.95534   0.25006   0.08179   1.00000  
 63  8.2759   7439.961203  x:  5.02737   0.05366   0.10303   0.47977   0.68083   0.88231   0.58679   0.91024   0.08486   0.09162   0.25819   0.82984   0.70889   0.00000   0.47691   0.71696   1.01597   1.16266   1.18000   1.05091   0.48349   0.41352   0.53289   0.25482   1.54694   0.37734   0.24068   0.04787   0.27766   0.12927   0.23092   0.22778   0.26956   1.39822   0.19448   1.95675   0.87971   1.88712   0.94276   0.21983   0.08168   1.00000  
 64  5.6786   7439.688052  x:  5.03331   0.09282   0.09426   0.48377   0.68308   0.86612   0.58520   0.91237   0.09131   0.09204   0.25659   0.83126   0.69059   0.00000   0.43891   0.75519   1.02307   1.14743   1.20990   1.05098   0.48212   0.39352   0.51144   0.25587   1.53377   0.37105   0.24280   0.04793   0.27558   0.13058   0.23125   0.22726   0.23637   1.39432   0.19893   1.92664   0.89238   1.88089   0.93496   0.19095   0.08157   1.00000  
 65  5.8481   7439.202386  x:  5.02236   0.07691   0.10389   0.45889   0.65117   0.83000   0.60305   0.92598   0.08760   0.08720   0.26288   0.83226   0.68062   0.00000   0.34668   0.80514   1.03833   1.11632   1.26307   1.05365   0.49884   0.40987   0.49873   0.26134   1.50470   0.36657   0.24326   0.04869   0.27358   0.13325   0.23052   0.22595   0.19574   1.40621   0.17612   1.89869   0.92769   1.87793   0.90620   0.15186   0.08138   1.00000  
 66  7.9978   7438.949084  x:  4.99835   0.08339   0.10472   0.45026   0.64539   0.84697   0.59944   0.91129   0.08944   0.09620   0.24203   0.81688   0.71829   0.00000   0.31911   0.79843   1.05224   1.11407   1.28383   1.05811   0.47775   0.39538   0.52516   0.24895   1.51064   0.37397   0.24463   0.04858   0.27287   0.13424   0.23086   0.22464   0.17202   1.43267   0.18417   1.94139   0.94442   1.87966   0.88107   0.13072   0.08126   1.00000  
 67  2.8249   7438.507702  x:  4.94724   0.09193   0.10252   0.46731   0.66699   0.90006   0.59116   0.88930   0.08454   0.09765   0.23830   0.81165   0.71865   0.00000   0.33744   0.77842   1.07931   1.12411   1.31508   1.06563   0.49738   0.41087   0.49827   0.24629   1.54269   0.37422   0.24444   0.04916   0.27499   0.13487   0.23145   0.22479   0.13917   1.47575   0.16238   2.05560   0.92317   1.89041   0.82044   0.10395   0.08107   1.00000  
 68  4.6276   7438.251547  x:  4.92599   0.09427   0.10340   0.45170   0.65540   0.90636   0.59247   0.90543   0.08115   0.09608   0.26250   0.82831   0.68786   0.00000   0.36029   0.77582   1.08735   1.13458   1.32001   1.07412   0.48086   0.41052   0.50805   0.26478   1.57075   0.35795   0.24317   0.04993   0.27725   0.13485   0.23065   0.22534   0.12226   1.48587   0.19429   2.12584   0.90765   1.88618   0.78064   0.08952   0.08094   1.00000  
 69  5.1632   7437.996696  x:  4.93391   0.09711   0.09822   0.46359   0.66267   0.87636   0.59200   0.94719   0.07394   0.10438   0.24547   0.84411   0.68160   0.00000   0.34814   0.78904   1.07298   1.14010   1.29293   1.07778   0.48498   0.39124   0.52971   0.26972   1.59788   0.35300   0.23996   0.04976   0.27651   0.13291   0.22872   0.22318   0.12251   1.46956   0.17460   2.17205   0.87803   1.88874   0.74606   0.06466   0.08084   1.00000  
 70  2.6457   7437.558247  x:  4.97974   0.10290   0.09016   0.47151   0.65609   0.82348   0.54665   0.95511   0.06145   0.10243   0.24675   0.82792   0.71297   0.00000   0.33484   0.82885   1.04097   1.13929   1.26468   1.07380   0.48848   0.42307   0.50092   0.25649   1.62196   0.35401   0.23095   0.04885   0.27493   0.12764   0.22408   0.21965   0.12737   1.43662   0.19505   2.21539   0.87711   1.88910   0.69407   0.00935   0.08067   1.00000  
 71  3.7635   7437.004971  x:  5.06437   0.10362   0.07470   0.46154   0.64873   0.85409   0.58350   0.91518   0.04687   0.10586   0.26299   0.76979   0.68022   0.00000   0.32794   0.85878   1.00837   1.11531   1.27931   1.07081   0.47798   0.41587   0.51051   0.25292   1.58906   0.35491   0.21845   0.04749   0.27199   0.12002   0.21666   0.21310   0.14585   1.41678   0.17632   2.20840   0.88765   1.90510   0.63253  -0.06433   0.08047   1.00000  
 72  3.7276   7436.808465  x:  5.09958   0.10425   0.07110   0.44909   0.64717   0.87512   0.57802   0.88766   0.04047   0.11064   0.25070   0.81809   0.67896   0.00000   0.31254   0.84307   1.01457   1.10250   1.29494   1.06690   0.48894   0.41208   0.51293   0.26004   1.56417   0.34748   0.21426   0.04740   0.27074   0.11752   0.21389   0.21053   0.15311   1.42735   0.18354   2.18195   0.87952   1.90287   0.60691  -0.08520   0.08038   1.00000  
 73  4.0014   7436.747482  x:  5.11148   0.10501   0.06848   0.44890   0.65332   0.87579   0.57348   0.90739   0.04110   0.11420   0.24875   0.81654   0.67744   0.00000   0.30754   0.82228   1.04438   1.10195   1.31051   1.06631   0.47424   0.42113   0.50840   0.25484   1.56357   0.35215   0.21306   0.04727   0.27109   0.11672   0.21348   0.20986   0.15549   1.44349   0.18402   2.15545   0.86782   1.89631   0.59824  -0.08746   0.08035   1.00000  
 74  1.9099   7436.725915  x:  5.11535   0.10543   0.06783   0.44965   0.65196   0.87287   0.56499   0.91288   0.04013   0.11245   0.25155   0.80930   0.67797   0.00000   0.30986   0.81446   1.05875   1.10068   1.31830   1.06888   0.48552   0.41543   0.51425   0.25686   1.56996   0.35015   0.21248   0.04724   0.27104   0.11620   0.21346   0.20975   0.15521   1.45038   0.18611   2.14206   0.86841   1.89945   0.59658  -0.08643   0.08033   1.00000  
 75  1.5666   7436.698269  x:  5.11759   0.10729   0.06533   0.45756   0.65101   0.87153   0.57056   0.91090   0.04148   0.11303   0.24752   0.81515   0.68187   0.00000   0.31743   0.81271   1.06496   1.09388   1.32214   1.07526   0.48020   0.41821   0.51510   0.26373   1.59039   0.34447   0.21176   0.04731   0.27146   0.11544   0.21370   0.20973   0.15292   1.45259   0.18083   2.12280   0.88710   1.90813   0.59671  -0.07710   0.08028   1.00000  
 76  0.5720   7436.665565  x:  5.11828   0.11011   0.06367   0.46193   0.65263   0.87347   0.57751   0.90563   0.04444   0.11191   0.25195   0.81901   0.68128   0.00000   0.31884   0.81436   1.06358   1.09443   1.31906   1.07415   0.48550   0.41829   0.52065   0.25577   1.59847   0.35319   0.21150   0.04703   0.27191   0.11431   0.21452   0.20977   0.14855   1.45479   0.18008   2.10671   0.89799   1.88969   0.59874  -0.06472   0.08021   1.00000  
 77  0.7848   7436.583854  x:  5.11586   0.11476   0.06031   0.44975   0.65831   0.87365   0.57793   0.89926   0.05210   0.10915   0.25422   0.81764   0.68282   0.00000   0.31908   0.82221   1.05633   1.11572   1.30646   1.06607   0.48427   0.41678   0.52207   0.24998   1.56343   0.35992   0.20853   0.04619   0.26967   0.11079   0.21398   0.20758   0.13701   1.46062   0.18444   2.08201   0.88960   1.90832   0.62934  -0.04884   0.08002   1.00000  
 78  0.8706   7436.563529  x:  5.11385   0.11541   0.05704   0.45296   0.65568   0.87276   0.57440   0.89940   0.05328   0.10881   0.25179   0.81116   0.68638   0.00000   0.31966   0.81516   1.05110   1.10999   1.30750   1.06762   0.48200   0.41676   0.52090   0.26091   1.54744   0.35184   0.20721   0.04613   0.26889   0.10963   0.21360   0.20688   0.13450   1.45645   0.18282   2.08164   0.88564   1.89913   0.64080  -0.04548   0.07997   1.00000  
 79  1.2255   7436.554415  x:  5.11013   0.11534   0.05770   0.45668   0.64918   0.86945   0.57198   0.90043   0.05437   0.10824   0.25067   0.81253   0.68280   0.00000   0.32341   0.80571   1.05034   1.09789   1.31095   1.06656   0.48081   0.41507   0.52034   0.25459   1.54001   0.35568   0.20685   0.04580   0.26807   0.10898   0.21314   0.20624   0.13373   1.44813   0.18273   2.08530   0.88564   1.90086   0.64904  -0.04526   0.07994   1.00000  
 80  0.7045   7436.546453  x:  5.09943   0.11581   0.05851   0.45505   0.65000   0.86527   0.57599   0.89450   0.05415   0.10828   0.25097   0.81150   0.68204   0.00000   0.32275   0.80193   1.06283   1.09247   1.30549   1.05612   0.48042   0.41488   0.52006   0.25570   1.53921   0.35472   0.20653   0.04561   0.26740   0.10819   0.21306   0.20609   0.13347   1.43907   0.18233   2.08871   0.88538   1.90014   0.65833  -0.04039   0.07990   1.00000  
 81  0.3211   7436.524640  x:  5.05543   0.11673   0.06278   0.45232   0.65623   0.86142   0.58218   0.89280   0.05174   0.10619   0.25287   0.81119   0.68570   0.00000   0.32811   0.80143   1.06594   1.08715   1.29503   1.07300   0.48085   0.41634   0.51956   0.25363   1.53427   0.35845   0.20705   0.04512   0.26701   0.10608   0.21352   0.20703   0.13164   1.43856   0.18450   2.08560   0.88204   1.89922   0.68044  -0.01470   0.07976   1.00000  
 82  0.4243   7436.505135  x:  5.01373   0.11738   0.06599   0.45772   0.65217   0.86582   0.57719   0.90157   0.04974   0.10758   0.25406   0.81220   0.68437   0.00000   0.33111   0.80090   1.05335   1.09343   1.29573   1.06028   0.47934   0.41719   0.52046   0.25538   1.53478   0.35922   0.20714   0.04469   0.26634   0.10410   0.21392   0.20775   0.13045   1.44813   0.18215   2.08232   0.88764   1.89918   0.70220   0.00815   0.07963   1.00000  
 83  1.1400   7436.503664  x:  5.00845   0.11749   0.06605   0.45826   0.65219   0.86232   0.57963   0.89937   0.04970   0.10784   0.25368   0.81196   0.68439   0.00000   0.33042   0.79730   1.05077   1.09877   1.30039   1.06046   0.47973   0.41733   0.52032   0.25534   1.53629   0.35921   0.20723   0.04464   0.26640   0.10397   0.21394   0.20779   0.13072   1.44562   0.18282   2.08231   0.88633   1.89934   0.70363   0.00984   0.07961   1.00000  
 84  0.1774   7436.494970  x:  4.96165   0.11702   0.06436   0.45684   0.64986   0.86786   0.57574   0.90339   0.05042   0.10823   0.25329   0.81198   0.68325   0.00000   0.33113   0.79431   1.05214   1.10058   1.29415   1.06214   0.48100   0.41649   0.51839   0.25477   1.53686   0.35958   0.20845   0.04417   0.26726   0.10336   0.21400   0.20794   0.13413   1.43643   0.18290   2.08606   0.88679   1.89988   0.70934   0.01884   0.07944   1.00000  
 85  0.0954   7436.492413  x:  4.94817   0.11641   0.06368   0.45509   0.65052   0.86339   0.57646   0.90094   0.05073   0.10833   0.25260   0.81103   0.68210   0.00000   0.33324   0.79384   1.04945   1.09515   1.29181   1.05981   0.48061   0.41570   0.51763   0.25420   1.53935   0.35904   0.20856   0.04399   0.26732   0.10313   0.21382   0.20777   0.13488   1.44268   0.18321   2.08689   0.88296   1.89958   0.71240   0.01942   0.07939   1.00000  
 86  0.3988   7436.491978  x:  4.94718   0.11631   0.06360   0.45766   0.64750   0.86319   0.57704   0.89978   0.05053   0.10843   0.25251   0.81084   0.68204   0.00000   0.33297   0.79442   1.05013   1.09560   1.29056   1.06001   0.48027   0.41564   0.51751   0.25408   1.53929   0.35900   0.20856   0.04395   0.26736   0.10316   0.21376   0.20773   0.13469   1.44355   0.18357   2.08595   0.88138   1.89965   0.71195   0.01850   0.07937   1.00000  
 87  0.0578   7436.487275  x:  4.94378   0.11540   0.06292   0.45573   0.64943   0.86261   0.57493   0.89930   0.04912   0.10887   0.25139   0.80925   0.68152   0.00000   0.33305   0.79269   1.04729   1.09550   1.28811   1.05815   0.47960   0.41513   0.51708   0.25379   1.53879   0.35786   0.20834   0.04356   0.26761   0.10410   0.21302   0.20736   0.13107   1.44050   0.18282   2.07559   0.88296   1.89883   0.70188   0.00392   0.07914   1.00000  
 88  0.0469   7436.481437  x:  4.95094   0.11362   0.06393   0.45640   0.65001   0.86433   0.57611   0.89940   0.05028   0.10805   0.25160   0.81035   0.68279   0.00000   0.33278   0.79410   1.04997   1.09674   1.29267   1.05877   0.48005   0.41575   0.51874   0.25526   1.53607   0.35569   0.20772   0.04327   0.26710   0.10603   0.21294   0.20704   0.13487   1.44439   0.18331   2.07974   0.88375   1.89885   0.68540  -0.01215   0.07880   1.00000  
 89  0.0130   7436.475677  x:  5.01666   0.11518   0.06250   0.45769   0.65124   0.86470   0.57825   0.90182   0.04959   0.10778   0.25323   0.81207   0.68388   0.00000   0.33233   0.79903   1.05255   1.09726   1.29614   1.06073   0.48066   0.41608   0.51863   0.25601   1.54151   0.35793   0.20818   0.04284   0.26666   0.10520   0.21407   0.20764   0.13467   1.44617   0.18377   2.09128   0.88460   1.89983   0.67955  -0.01438   0.07835   1.00000  
 90  0.0282   7436.473863  x:  5.04418   0.11556   0.06383   0.45674   0.65065   0.86619   0.57690   0.90150   0.05015   0.10834   0.25248   0.81165   0.68307   0.00000   0.33043   0.79927   1.05279   1.09728   1.29751   1.06112   0.48062   0.41598   0.51835   0.25573   1.54302   0.35641   0.20853   0.04321   0.26724   0.10496   0.21382   0.20764   0.13447   1.44687   0.18389   2.09218   0.88371   1.89967   0.68229  -0.01048   0.07821   1.00000  
 91  0.0245   7436.473693  x:  5.04640   0.11521   0.06368   0.45667   0.65092   0.86641   0.57670   0.90152   0.05003   0.10820   0.25210   0.81170   0.68321   0.00000   0.33037   0.79956   1.05273   1.09819   1.29755   1.06120   0.48064   0.41602   0.51856   0.25571   1.54294   0.35676   0.20851   0.04344   0.26756   0.10480   0.21361   0.20765   0.13481   1.44719   0.18369   2.09339   0.88363   1.89975   0.68465  -0.00889   0.07820   1.00000  
 92  0.0028   7436.473635  x:  5.04514   0.11507   0.06365   0.45668   0.65081   0.86640   0.57680   0.90148   0.05002   0.10825   0.25231   0.81171   0.68327   0.00000   0.33037   0.79949   1.05280   1.09791   1.29768   1.06117   0.48061   0.41599   0.51851   0.25567   1.54292   0.35668   0.20843   0.04371   0.26735   0.10476   0.21367   0.20759   0.13481   1.44715   0.18369   2.09282   0.88371   1.89971   0.68456  -0.00902   0.07819   1.00000  
 93  0.0008   7436.473631  x:  5.04472   0.11514   0.06366   0.45674   0.65084   0.86636   0.57682   0.90152   0.05002   0.10823   0.25226   0.81171   0.68321   0.00000   0.33041   0.79951   1.05279   1.09790   1.29762   1.06116   0.48062   0.41601   0.51850   0.25570   1.54297   0.35664   0.20835   0.04374   0.26737   0.10475   0.21366   0.20762   0.13477   1.44714   0.18376   2.09287   0.88370   1.89969   0.68392  -0.00961   0.07819   1.00000  
 94  0.0009   7436.473631  x:  5.04466   0.11517   0.06365   0.45674   0.65084   0.86636   0.57681   0.90152   0.05002   0.10823   0.25226   0.81171   0.68322   0.00000   0.33042   0.79950   1.05278   1.09790   1.29761   1.06116   0.48061   0.41601   0.51850   0.25572   1.54297   0.35662   0.20836   0.04375   0.26737   0.10475   0.21366   0.20762   0.13477   1.44714   0.18375   2.09289   0.88369   1.89970   0.68365  -0.00989   0.07819   1.00000  
 95  0.0003   7436.473631  x:  5.04467   0.11517   0.06365   0.45674   0.65084   0.86636   0.57681   0.90152   0.05002   0.10823   0.25226   0.81171   0.68322   0.00000   0.33042   0.79949   1.05278   1.09790   1.29761   1.06116   0.48062   0.41601   0.51850   0.25572   1.54297   0.35662   0.20836   0.04375   0.26737   0.10475   0.21366   0.20761   0.13477   1.44714   0.18375   2.09288   0.88369   1.89970   0.68363  -0.00992   0.07819   1.00000  
 96  0.0000   7436.473631  x:  5.04467   0.11517   0.06365   0.45674   0.65084   0.86636   0.57681   0.90152   0.05002   0.10823   0.25226   0.81171   0.68322   0.00000   0.33042   0.79949   1.05278   1.09790   1.29761   1.06116   0.48062   0.41601   0.51850   0.25572   1.54297   0.35662   0.20836   0.04375   0.26737   0.10475   0.21366   0.20761   0.13477   1.44714   0.18375   2.09288   0.88369   1.89970   0.68362  -0.00992   0.07819   1.00000  