

TREE # 1

  0  0.0000   9224.362737  x:  0.17444   0.02804   0.07307   0.00000   0.21220   0.15259   0.14764   0.15672   0.09176   0.01488   0.10164   0.09888   0.08304   0.02822   0.03654   0.11840   0.16638   0.13073   0.17006   0.12456   0.13600   0.08105   0.05011   0.02312   0.14692   0.15208   0.08109   0.04353   0.13235   0.02986   0.05286   0.04009   0.10565   0.11049   0.05181   0.16210   0.10351   2.00000   1.39835   0.16116   0.29812   1.40136  
  1 99.0000   8118.477771  x:  0.33962   0.14976   0.13441   0.33069   0.26378   0.22000   0.20899   0.22887   0.13440   0.10764   0.15920   0.22805   0.21453   0.09888   0.16617   0.18729   0.24365   0.24267   0.25651   0.23623   0.18626   0.18039   0.21959   0.13317   0.27040   0.19713   0.10925   0.05582   0.15041   0.08408   0.12717   0.14547   0.14727   0.24564   0.15118   0.28448   0.25727   1.99212   1.43241   0.12851   0.00000   1.40005  
  2 3554.6959   7968.069455  x:  0.52953   0.28967   0.20491   0.71080   0.32306   0.29750   0.27953   0.31182   0.18340   0.21425   0.22536   0.37655   0.36568   0.18010   0.31519   0.26649   0.33249   0.37137   0.35590   0.36460   0.24404   0.29458   0.41441   0.25968   0.41236   0.24891   0.14160   0.06993   0.17116   0.14639   0.21258   0.26659   0.19512   0.40100   0.26541   0.42518   0.43403   1.98305   1.47156   0.09098   0.00101   1.39854  
  3 19417.8178   7878.882543  x:  0.63208   0.27168   0.14906   0.69840   0.31926   0.32311   0.32163   0.37004   0.12218   0.15997   0.18831   0.39407   0.36913   0.14176   0.32177   0.29319   0.38351   0.43532   0.40477   0.38994   0.22280   0.26901   0.39122   0.22211   0.48231   0.24627   0.10275   0.00000   0.13970   0.06553   0.14304   0.18995   0.17852   0.44180   0.26912   0.50019   0.48212   1.98102   1.42694   0.14108   0.00100   1.39387  
  4 391.9570   7822.213451  x:  0.77875   0.23324   0.05543   0.66398   0.30807   0.35781   0.36841   0.44258   0.02160   0.07282   0.13323   0.41689   0.37157   0.08138   0.32376   0.32295   0.44693   0.51453   0.46873   0.42724   0.20110   0.23328   0.35238   0.15821   0.58286   0.24139   0.14755   0.12502   0.14870   0.02241   0.07652   0.09241   0.13983   0.49836   0.26101   0.60084   0.54026   1.97826   1.36465   0.21238   0.00098   1.38620  
  5 803.8692   7806.868850  x:  0.81989   0.21544   0.03302   0.64095   0.30267   0.36592   0.37653   0.45932   0.00000   0.05256   0.12189   0.42088   0.37087   0.06552   0.31959   0.32765   0.46126   0.53193   0.48407   0.43875   0.20426   0.22538   0.33742   0.14022   0.60934   0.23788   0.14462   0.12632   0.15844   0.05957   0.09767   0.09668   0.12220   0.51340   0.25049   0.62643   0.55026   1.97748   1.34553   0.23468   0.00098   1.38349  
  6 420.5153   7776.592216  x:  1.01989   0.10465   0.05731   0.47161   0.27191   0.39717   0.37861   0.51143   0.05985   0.06637   0.13024   0.43384   0.38010   0.03637   0.28283   0.32878   0.50499   0.58213   0.54091   0.51685   0.30251   0.22890   0.26454   0.10891   0.73116   0.23661   0.15144   0.16194   0.18771   0.00000   0.19109   0.19765   0.00164   0.59356   0.14859   0.73086   0.56062   1.97190   1.25515   0.34494   0.00095   1.36661  
  7 271.1399   7775.311355  x:  1.02482   0.10281   0.05912   0.46639   0.27179   0.39791   0.37821   0.51230   0.06248   0.06799   0.13146   0.43414   0.38061   0.03660   0.28185   0.32854   0.50574   0.58282   0.54216   0.51888   0.30479   0.22988   0.26381   0.10938   0.73372   0.23736   0.15168   0.16236   0.18807   0.00240   0.18874   0.19723   0.00000   0.59614   0.14597   0.73332   0.56039   1.97173   1.25294   0.34779   0.00095   1.36607  
  8 284.9929   7768.155283  x:  1.07030   0.11280   0.05020   0.40406   0.28542   0.40482   0.36058   0.50734   0.05533   0.07066   0.15003   0.43928   0.38927   0.04199   0.27099   0.31830   0.50252   0.57388   0.54899   0.53689   0.32077   0.25573   0.28433   0.12150   0.74602   0.24846   0.15767   0.15950   0.20661   0.00000   0.19505   0.18928   0.02609   0.63250   0.12897   0.75316   0.55058   1.96845   1.23266   0.37730   0.00095   1.35809  
  9 136.6831   7765.549235  x:  1.10875   0.10358   0.06167   0.36725   0.36905   0.41415   0.34520   0.48994   0.03863   0.05553   0.15445   0.44964   0.40872   0.04820   0.28105   0.31786   0.49580   0.55140   0.55251   0.54541   0.31166   0.24799   0.30979   0.13793   0.72792   0.25087   0.16406   0.16542   0.17072   0.00225   0.19567   0.20689   0.00902   0.65448   0.13827   0.76481   0.54200   1.96457   1.21004   0.42328   0.00094   1.33711  
 10 46.5220   7764.432869  x:  1.12833   0.10545   0.06561   0.34786   0.41977   0.41064   0.35104   0.48553   0.04758   0.06814   0.15222   0.45319   0.41727   0.04864   0.29614   0.33040   0.49960   0.54508   0.55449   0.54467   0.30803   0.23053   0.30936   0.13700   0.71063   0.24328   0.16236   0.16492   0.20017   0.00000   0.19870   0.20432   0.00424   0.66147   0.16197   0.77103   0.54232   1.96053   1.20782   0.45045   0.00094   1.31404  
 11 34.7780   7763.535399  x:  1.14158   0.11657   0.05287   0.32755   0.44410   0.38680   0.37572   0.48991   0.06755   0.07062   0.14263   0.45602   0.41598   0.03680   0.31519   0.35362   0.51417   0.55208   0.55478   0.53716   0.32393   0.25456   0.31484   0.13706   0.69608   0.24828   0.16783   0.16882   0.18793   0.00211   0.20607   0.20579   0.00282   0.66458   0.18815   0.77243   0.54250   1.95465   1.22528   0.48699   0.00094   1.26249  
 12 18.9280   7763.246539  x:  1.14262   0.11728   0.05240   0.32840   0.44405   0.38303   0.37731   0.48985   0.06664   0.06868   0.14501   0.45808   0.41697   0.03873   0.31793   0.35547   0.51568   0.55321   0.55473   0.53804   0.32476   0.25610   0.31550   0.13827   0.69595   0.25073   0.16847   0.16842   0.18965   0.00195   0.20566   0.20618   0.00000   0.66493   0.18908   0.77173   0.54244   1.95392   1.22932   0.49622   0.00094   1.24946  
 13 23.5429   7759.265954  x:  1.16562   0.14857   0.07596   0.36451   0.43596   0.35940   0.38103   0.48885   0.06169   0.06237   0.16452   0.47393   0.43169   0.03234   0.33453   0.36643   0.52480   0.57172   0.54700   0.55377   0.33343   0.24203   0.31393   0.14246   0.71475   0.26048   0.17010   0.17461   0.18445   0.00474   0.21215   0.21285   0.01297   0.69009   0.19928   0.77086   0.55437   1.94319   1.30583   0.66800   0.00094   1.00000  
 14 81.4359   7752.566670  x:  1.22439   0.12952   0.06659   0.51120   0.45384   0.42279   0.37080   0.49592   0.04333   0.11336   0.18004   0.50021   0.47320   0.02742   0.36465   0.38010   0.53034   0.61745   0.53932   0.61698   0.37280   0.29672   0.41189   0.11488   0.78782   0.23099   0.17338   0.17888   0.20105   0.00812   0.21238   0.21658   0.00000   0.75407   0.20769   0.79279   0.61715   1.92406   1.64315   1.22899   0.00092   1.00000  
 15 86.8969   7747.015624  x:  1.27585   0.10379   0.06646   0.60055   0.48491   0.53664   0.38290   0.53178   0.04332   0.11598   0.13273   0.51009   0.49477   0.05844   0.38622   0.38902   0.54126   0.65175   0.58760   0.66574   0.37720   0.30835   0.44776   0.20173   0.85902   0.28767   0.21208   0.17046   0.22417   0.00943   0.22636   0.23317   0.01736   0.80789   0.20914   0.85121   0.67533   1.92752   2.01784   1.67714   0.00089   1.00000  
 16 137.9374   7745.035097  x:  1.29512   0.13358   0.02858   0.61668   0.47538   0.57717   0.38583   0.54483   0.05736   0.12892   0.15552   0.54120   0.52136   0.08370   0.39460   0.38443   0.55195   0.64494   0.65663   0.65373   0.35770   0.31256   0.43338   0.22785   0.84600   0.26082   0.18960   0.18787   0.21224   0.01089   0.22563   0.24899   0.01368   0.81715   0.19218   0.90299   0.67652   1.97362   2.14119   1.82081   0.00088   1.00000  
 17 39.1073   7743.904926  x:  1.30967   0.14714   0.04776   0.63526   0.46123   0.59057   0.38093   0.54378   0.06935   0.11451   0.13546   0.55392   0.52937   0.06884   0.39014   0.37464   0.56284   0.63435   0.69655   0.62885   0.34632   0.33732   0.44250   0.24674   0.82381   0.25149   0.18133   0.19004   0.22820   0.01056   0.23122   0.23999   0.00000   0.82329   0.17923   0.93995   0.67006   2.01621   2.19463   1.91525   0.00089   1.00000  
 18 31.5377   7741.832155  x:  1.34883   0.11063   0.03859   0.64657   0.43396   0.57992   0.37809   0.52989   0.06132   0.15187   0.13987   0.56041   0.52362   0.05910   0.36429   0.34865   0.60438   0.60880   0.72566   0.61676   0.35265   0.32185   0.44875   0.23001   0.78880   0.29000   0.23556   0.16440   0.22414   0.01233   0.22823   0.24002   0.00859   0.84205   0.20106   1.00011   0.65112   2.08735   2.30515   2.07078   0.00089   1.00000  
 19 15.9162   7736.292279  x:  1.45380   0.07565   0.10766   0.58245   0.43357   0.56857   0.42101   0.53482   0.03160   0.12362   0.15148   0.55223   0.49119   0.10391   0.32060   0.32564   0.67972   0.57973   0.74594   0.68778   0.37701   0.31372   0.47495   0.13011   0.78130   0.31303   0.19423   0.17419   0.22018   0.01616   0.22233   0.22303   0.03170   0.88698   0.21486   1.08049   0.57781   2.15271   2.68122   2.37938   0.00087   1.00000  
 20 32.0500   7724.390017  x:  1.57849   0.08843   0.06751   0.46217   0.45994   0.57990   0.40388   0.51736   0.02868   0.11185   0.16988   0.51623   0.48960   0.03604   0.27244   0.34987   0.69121   0.59720   0.72041   0.74889   0.39332   0.30745   0.46111   0.16597   0.88636   0.32007   0.15487   0.16718   0.24413   0.02273   0.16524   0.23376   0.00000   0.90985   0.20115   1.13305   0.51931   2.14941   3.21687   2.92490   0.00087   1.00000  
 21 70.6940   7724.390017  x:  1.57849   0.08843   0.06751   0.46217   0.45994   0.57990   0.40388   0.51736   0.02868   0.11185   0.16988   0.51623   0.48960   0.03604   0.27244   0.34987   0.69121   0.59720   0.72041   0.74889   0.39332   0.30745   0.46111   0.16597   0.88636   0.32007   0.15487   0.16718   0.24413   0.02273   0.16524   0.23376   0.00000   0.90985   0.20115   1.13305   0.51931   2.14941   3.21687   2.92490   0.00087   1.00000  
 22 164.4866   7570.515284  x:  1.57853   0.08847   0.06750   0.46212   0.45991   0.57988   0.40390   0.51741   0.02867   0.11183   0.16988   0.51625   0.48961   0.03604   0.27247   0.34990   0.69122   0.59726   0.72043   0.74889   0.39328   0.30742   0.46106   0.16597   0.88640   0.32007   0.15481   0.16698   0.24409   0.02300   0.16524   0.23365   0.00004   0.90987   0.20115   1.13307   0.51937   2.14938   3.21682   2.92494   0.06891   1.00000  
 23 25542.4432   7520.880151  x:  1.63420   0.17673   0.11329   0.47253   0.48968   0.60738   0.46388   0.58898   0.08354   0.15491   0.22462   0.57444   0.53749   0.10104   0.33747   0.41608   0.73706   0.67213   0.77577   0.78316   0.41632   0.34220   0.47181   0.21035   0.94556   0.36754   0.17090   0.08614   0.27388   0.26653   0.21555   0.21828   0.48983   0.95989   0.24753   1.17564   0.60090   2.09745   3.39301   2.74971   0.07768   1.00000  
 24 391.7014   7496.202595  x:  1.69165   0.16236   0.09387   0.47057   0.50734   0.63520   0.50884   0.64591   0.06596   0.12987   0.23365   0.62090   0.56482   0.09269   0.36909   0.46509   0.77811   0.73739   0.82383   0.80649   0.42514   0.36244   0.47405   0.20388   1.00021   0.37998   0.16180   0.00000   0.23651   0.16785   0.18890   0.18012   0.50246   0.98520   0.25041   1.22046   0.65462   2.04745   3.48935   2.65475   0.07894   1.00000  
 25 144.5352   7480.977268  x:  1.75813   0.14528   0.07217   0.46786   0.52679   0.66637   0.55803   0.70897   0.04636   0.10094   0.24298   0.67226   0.59485   0.08170   0.40376   0.51986   0.82408   0.81049   0.87777   0.83263   0.43470   0.38401   0.47575   0.19625   1.06239   0.39430   0.16433   0.03265   0.20088   0.06115   0.16284   0.14237   0.51562   1.01375   0.25281   1.27161   0.71481   1.99059   3.59814   2.54759   0.08052   1.00000  
 26 677.7020   7470.740692  x:  1.84915   0.10140   0.04673   0.45562   0.53906   0.69551   0.58793   0.75831   0.02349   0.05407   0.23484   0.71165   0.61207   0.03891   0.42168   0.56936   0.86664   0.87986   0.93012   0.85628   0.43713   0.38673   0.46496   0.17681   1.13132   0.39427   0.20106   0.03496   0.22994   0.11052   0.19393   0.21532   0.43609   1.03930   0.23617   1.33309   0.76826   1.92678   3.68598   2.46217   0.08113   1.00000  
 27 127.4019   7466.893546  x:  1.95901   0.08237   0.09988   0.43590   0.54140   0.70952   0.57642   0.77180   0.11103   0.07459   0.23000   0.72097   0.61164   0.00720   0.41779   0.60039   0.88971   0.92238   0.96598   0.87945   0.43640   0.36586   0.44150   0.18217   1.19013   0.39179   0.18189   0.03876   0.25527   0.14161   0.19252   0.18918   0.38428   1.06396   0.20313   1.39210   0.80013   1.87513   3.69731   2.45385   0.08115   1.00000  
 28 62.8455   7465.625210  x:  1.98932   0.08347   0.09804   0.42828   0.54026   0.71141   0.56951   0.77165   0.10625   0.07805   0.22735   0.72063   0.60833   0.00000   0.41441   0.60559   0.89291   0.92907   0.97384   0.88423   0.43371   0.36147   0.43804   0.17965   1.20209   0.38899   0.17782   0.03937   0.25425   0.14446   0.19292   0.18592   0.38694   1.07083   0.19587   1.40702   0.80582   1.86635   3.68897   2.46308   0.08111   1.00000  
 29 53.7391   7461.826569  x:  2.22944   0.08018   0.11323   0.40517   0.55415   0.72735   0.51942   0.76592   0.10018   0.15480   0.23954   0.72183   0.59021   0.00000   0.38685   0.63253   0.90661   0.95204   1.02599   0.92856   0.44236   0.38559   0.46579   0.20613   1.27709   0.39668   0.24450   0.03300   0.26157   0.09881   0.20490   0.24431   0.41237   1.12389   0.15344   1.51394   0.82798   1.84071   3.62609   2.53436   0.08141   1.00000  
 30 70.8623   7458.284754  x:  2.50444   0.03113   0.09639   0.45149   0.61632   0.76544   0.52352   0.78962   0.07949   0.15290   0.27197   0.75060   0.60133   0.00000   0.35702   0.64666   0.91461   0.94265   1.07763   0.97295   0.47635   0.46568   0.55579   0.25626   1.32778   0.43670   0.25094   0.03501   0.28817   0.13043   0.18271   0.21526   0.40106   1.18425   0.16831   1.62238   0.82740   1.89235   3.54835   2.62522   0.08138   1.00000  
 31 42.4783   7456.301250  x:  2.68990   0.07342   0.10142   0.49724   0.65916   0.79574   0.55524   0.81949   0.08535   0.12423   0.29133   0.77641   0.62755   0.00000   0.34812   0.65545   0.92474   0.93055   1.11014   1.00210   0.49358   0.48540   0.58623   0.28309   1.34656   0.46152   0.21749   0.03876   0.28632   0.12458   0.23883   0.23129   0.38342   1.22684   0.19997   1.68880   0.81722   1.94415   3.49663   2.68789   0.08140   1.00000  
 32 55.9339   7455.113728  x:  2.80521   0.09529   0.10327   0.52571   0.66966   0.81412   0.59923   0.84525   0.09440   0.10547   0.29875   0.79462   0.66265   0.00000   0.36662   0.66509   0.94419   0.92214   1.12799   1.02242   0.49768   0.45094   0.56033   0.27894   1.33777   0.46427   0.24409   0.03787   0.28821   0.12773   0.20193   0.25020   0.37586   1.25535   0.23833   1.72193   0.80025   1.98574   3.46186   2.73309   0.08135   1.00000  
 33 27.3052   7454.526432  x:  2.86657   0.06495   0.09611   0.53525   0.65521   0.81843   0.62473   0.85036   0.09112   0.12610   0.29785   0.79968   0.68487   0.00000   0.39589   0.67217   0.96732   0.91834   1.13137   1.03595   0.50627   0.43298   0.54123   0.26389   1.31681   0.46124   0.25542   0.03694   0.29503   0.12499   0.22902   0.23836   0.36979   1.27069   0.26260   1.73241   0.78087   2.00494   3.45343   2.75147   0.08133   1.00000  
 34 15.1829   7453.815820  x:  2.94858   0.05935   0.11270   0.54029   0.61034   0.81434   0.64110   0.83201   0.07684   0.13993   0.26771   0.79014   0.69626   0.00000   0.44429   0.67636   1.01049   0.91816   1.12053   1.04815   0.51813   0.45182   0.54999   0.24571   1.27907   0.46455   0.22612   0.03996   0.29063   0.13104   0.21594   0.25971   0.34767   1.29297   0.27803   1.73866   0.74239   2.00020   3.47115   2.75561   0.08137   1.00000  
 35  9.8153   7453.174833  x:  3.02097   0.08473   0.10765   0.54754   0.57656   0.80909   0.64223   0.80668   0.07247   0.11625   0.24368   0.77940   0.69186   0.00000   0.46827   0.66695   1.03976   0.91725   1.09972   1.04696   0.51047   0.46043   0.55826   0.24379   1.25559   0.47435   0.25390   0.03716   0.29924   0.13462   0.22329   0.23626   0.31833   1.31123   0.27781   1.74330   0.71349   1.98088   3.50008   2.75288   0.08138   1.00000  
 36 12.5969   7451.988824  x:  3.12845   0.06926   0.05300   0.56964   0.55926   0.80342   0.63294   0.77170   0.09344   0.08821   0.26908   0.77528   0.67854   0.00000   0.47199   0.63293   1.05796   0.91222   1.05478   1.02325   0.47884   0.43684   0.55125   0.25502   1.24481   0.48304   0.24813   0.03748   0.27500   0.13774   0.22226   0.25102   0.27992   1.33050   0.26344   1.74924   0.69557   1.94410   3.55908   2.74758   0.08146   1.00000  
 37 11.8649   7450.819034  x:  3.21872   0.06453   0.08031   0.58482   0.57274   0.80327   0.63360   0.76991   0.04266   0.08866   0.30190   0.77954   0.66354   0.00000   0.45850   0.60028   1.04784   0.91046   1.01977   0.98938   0.44917   0.40956   0.53243   0.25576   1.25333   0.47196   0.23679   0.03747   0.29892   0.13637   0.21905   0.25330   0.22993   1.33547   0.24730   1.75107   0.71060   1.92393   3.62127   2.74560   0.08153   1.00000  
 38 15.2655   7449.449971  x:  3.29469   0.08241   0.06581   0.55664   0.59649   0.80430   0.64505   0.81980   0.04192   0.10783   0.27152   0.78299   0.63720   0.00000   0.43869   0.60033   1.00161   0.93366   1.01740   0.95815   0.47007   0.43504   0.52265   0.21113   1.28948   0.42124   0.24728   0.03849   0.27916   0.15339   0.22029   0.25475   0.16359   1.31547   0.23310   1.74382   0.76974   1.94108   3.67506   2.77473   0.08146   1.00000  
 39 11.0476   7448.745490  x:  3.31483   0.06585   0.06628   0.51743   0.59822   0.79999   0.63496   0.84090   0.04290   0.07595   0.23913   0.78430   0.64348   0.00000   0.43770   0.62365   0.97618   0.95725   1.04408   0.96074   0.48012   0.43470   0.51574   0.22442   1.31444   0.43606   0.24271   0.03830   0.29733   0.14423   0.22433   0.26720   0.14830   1.29873   0.22987   1.73574   0.80059   1.94906   3.68737   2.81022   0.08146   1.00000  
 40 11.6018   7448.240727  x:  3.31690   0.08367   0.05289   0.49049   0.60373   0.79804   0.61660   0.84634   0.03144   0.08892   0.25006   0.79130   0.67721   0.00000   0.44144   0.65391   0.96624   0.98139   1.08164   0.98354   0.48354   0.42798   0.52171   0.23815   1.33221   0.46566   0.24124   0.03925   0.29536   0.15495   0.22290   0.26535   0.11685   1.28743   0.22927   1.73024   0.81300   1.94231   3.69650   2.84160   0.08138   1.00000  
 41 11.1318   7447.739184  x:  3.31118   0.08005   0.06753   0.49384   0.62960   0.80953   0.59798   0.84085   0.03413   0.07066   0.26956   0.79642   0.70049   0.00000   0.42972   0.68578   0.97815   1.00835   1.12361   1.01754   0.47245   0.42818   0.54706   0.19654   1.34058   0.46103   0.24746   0.03923   0.28882   0.15556   0.22819   0.26585   0.11285   1.29511   0.22752   1.73659   0.81059   1.91065   3.69880   2.88895   0.08141   1.00000  
 42  6.9804   7447.187084  x:  3.30701   0.08960   0.04599   0.51110   0.65242   0.83242   0.60391   0.84330   0.03797   0.08494   0.25885   0.79464   0.68714   0.00000   0.39878   0.71056   1.01036   1.02967   1.15506   1.04489   0.47169   0.42692   0.54833   0.18815   1.35334   0.45861   0.23549   0.03912   0.32260   0.14520   0.22376   0.26802   0.11550   1.32612   0.23282   1.76296   0.80658   1.88149   3.71336   2.93766   0.08152   1.00000  
 43  7.4339   7446.237853  x:  3.30773   0.08198   0.05762   0.52925   0.66590   0.86876   0.62467   0.85183   0.02424   0.09788   0.23389   0.79398   0.65339   0.00000   0.34334   0.74197   1.07066   1.05442   1.20035   1.07322   0.47413   0.42407   0.52967   0.21836   1.38413   0.46642   0.23946   0.03940   0.28813   0.15112   0.22738   0.26182   0.11753   1.38945   0.23701   1.82205   0.80522   1.85391   3.74534   3.01996   0.08160   1.00000  
 44 17.1696   7444.468669  x:  3.36220   0.08993   0.06155   0.46812   0.58126   0.89416   0.63198   0.85814   0.03072   0.08898   0.28357   0.82863   0.65847   0.00000   0.28002   0.76076   1.15887   1.05141   1.28075   1.05011   0.46488   0.44816   0.52163   0.22347   1.45563   0.43363   0.22829   0.03860   0.28796   0.13963   0.22411   0.24728   0.13566   1.50331   0.21236   1.96702   0.83419   1.90407   3.84189   3.15193   0.08180   1.00000  
 45 12.4388   7443.092295  x:  3.48474   0.09050   0.06000   0.48108   0.61538   0.86790   0.57104   0.84877   0.03210   0.09838   0.23166   0.81543   0.68540   0.00000   0.32361   0.76792   1.14527   1.01110   1.32302   1.00718   0.48250   0.39500   0.53406   0.18536   1.49466   0.46327   0.21810   0.03650   0.26976   0.12723   0.21675   0.23027   0.16213   1.50878   0.18649   2.08188   0.88164   1.94004   3.95957   3.22526   0.08211   1.00000  
 46  9.1132   7442.099639  x:  3.63423   0.08999   0.05416   0.45284   0.63719   0.82871   0.59760   0.90189   0.03617   0.09372   0.24291   0.79695   0.69081   0.00000   0.38310   0.77523   1.06801   1.00284   1.30942   1.01535   0.45600   0.42326   0.50890   0.20334   1.48775   0.45155   0.21121   0.03553   0.26069   0.11823   0.21385   0.21659   0.18850   1.42253   0.17282   2.12340   0.87512   1.87167   4.03155   3.30485   0.08221   1.00000  
 47  8.3559   7441.645989  x:  3.74276   0.09234   0.05735   0.43158   0.63144   0.82688   0.58473   0.89584   0.03426   0.08540   0.25741   0.82069   0.67032   0.00000   0.35920   0.78291   1.03197   1.08027   1.25427   1.05226   0.48934   0.40298   0.50967   0.20321   1.47890   0.44649   0.20664   0.03482   0.25629   0.11205   0.20978   0.20926   0.20152   1.36222   0.19706   2.09405   0.86735   1.88050   4.08428   3.33535   0.08232   1.00000  
 48  6.0818   7441.491940  x:  3.79178   0.09058   0.05680   0.43195   0.63328   0.84308   0.58966   0.89251   0.03634   0.09181   0.25052   0.81563   0.68214   0.00000   0.34450   0.79013   1.02451   1.12210   1.23804   1.04501   0.46296   0.41169   0.50335   0.19679   1.47415   0.46243   0.20529   0.03461   0.25477   0.11033   0.20918   0.20809   0.20624   1.35466   0.18107   2.05600   0.87082   1.89850   4.10346   3.35267   0.08233   1.00000  
 49  4.3492   7441.341831  x:  3.85335   0.09167   0.05553   0.43961   0.63111   0.86403   0.58907   0.88312   0.03630   0.08973   0.25831   0.79695   0.69150   0.00000   0.34621   0.79580   1.01652   1.13972   1.24894   1.01817   0.48063   0.41265   0.50055   0.20761   1.47372   0.45259   0.20515   0.03458   0.25534   0.10843   0.20921   0.20655   0.20421   1.37913   0.17985   1.98384   0.89423   1.88612   4.12433   3.38321   0.08233   1.00000  
 50  2.9331   7441.179730  x:  3.92320   0.09169   0.05522   0.43465   0.63114   0.86064   0.59158   0.88912   0.04041   0.09538   0.25287   0.81903   0.66741   0.00000   0.35084   0.79338   1.01429   1.12095   1.27180   1.03094   0.46466   0.39986   0.51700   0.21088   1.48221   0.45042   0.20361   0.03483   0.25476   0.10821   0.20904   0.20564   0.19707   1.41207   0.17644   1.90484   0.91017   1.88389   4.15962   3.41799   0.08232   1.00000  
 51  3.3949   7441.050438  x:  3.97647   0.09305   0.05529   0.43878   0.63873   0.84446   0.58227   0.89328   0.04089   0.09285   0.25190   0.82996   0.67060   0.00000   0.33522   0.78998   1.03021   1.09780   1.28019   1.04601   0.47901   0.41275   0.49215   0.20355   1.49709   0.45713   0.20202   0.03488   0.25656   0.10740   0.20818   0.20485   0.19238   1.41777   0.16194   1.87593   0.90389   1.88293   4.19480   3.45091   0.08234   1.00000  
 52  2.8327   7440.785199  x:  4.08329   0.09338   0.05848   0.43559   0.64201   0.82127   0.57326   0.90564   0.04683   0.09836   0.24436   0.80540   0.68859   0.00000   0.29205   0.79155   1.07331   1.06534   1.28418   1.05044   0.47074   0.41727   0.49340   0.20161   1.52698   0.45735   0.20208   0.03500   0.25826   0.10506   0.20812   0.20593   0.17540   1.39903   0.19949   1.87573   0.90664   1.87646   4.27299   3.52888   0.08236   1.00000  
 53  4.5721   7440.423289  x:  4.21194   0.09866   0.06019   0.44221   0.64547   0.83222   0.58630   0.91340   0.05183   0.10101   0.25094   0.78810   0.67566   0.00000   0.28416   0.81650   1.11037   1.05418   1.29871   1.04088   0.48269   0.39447   0.51916   0.21691   1.53402   0.44446   0.20131   0.03583   0.26372   0.10400   0.20878   0.20643   0.15396   1.36074   0.16887   1.92241   0.88451   1.88895   4.37584   3.64511   0.08239   1.00000  
 54  6.6877   7440.132182  x:  4.31008   0.10344   0.06373   0.45058   0.64768   0.86166   0.57548   0.88429   0.05886   0.10659   0.25247   0.81597   0.65370   0.00000   0.29996   0.82713   1.08866   1.06136   1.30985   1.03213   0.47487   0.41182   0.50131   0.22007   1.51037   0.44949   0.20147   0.03658   0.26826   0.10393   0.20941   0.20826   0.12893   1.36083   0.18625   1.99332   0.89086   1.88953   4.45990   3.74742   0.08238   1.00000  
 55  6.7718   7440.012217  x:  4.34892   0.10264   0.06484   0.44562   0.64236   0.86985   0.58473   0.88520   0.06088   0.10965   0.24308   0.81697   0.67224   0.00000   0.29256   0.80835   1.04968   1.06957   1.29935   1.04692   0.48343   0.40668   0.50821   0.21732   1.49469   0.45561   0.20155   0.03682   0.26948   0.10362   0.20978   0.20911   0.12002   1.39305   0.18000   2.03100   0.88990   1.87970   4.49960   3.79069   0.08239   1.00000  
 56  4.2936   7439.978879  x:  4.36054   0.10305   0.06468   0.44698   0.64776   0.85824   0.57901   0.89139   0.06062   0.10764   0.24855   0.80178   0.66962   0.00000   0.30661   0.80104   1.04107   1.08539   1.29159   1.05739   0.48110   0.40878   0.50642   0.21926   1.49866   0.45243   0.20126   0.03699   0.27034   0.10374   0.20994   0.20896   0.11603   1.41276   0.18104   2.04014   0.88661   1.88875   4.51426   3.80656   0.08238   1.00000  
 57  1.6966   7439.955197  x:  4.37312   0.10360   0.06499   0.45002   0.64989   0.85014   0.57618   0.89807   0.06020   0.10925   0.24606   0.81254   0.67444   0.00000   0.32202   0.78996   1.04268   1.09895   1.27640   1.04867   0.48167   0.40957   0.51143   0.21981   1.51268   0.45276   0.20227   0.03718   0.27151   0.10381   0.21076   0.20926   0.11572   1.41998   0.18235   2.04156   0.88092   1.88495   4.52331   3.83151   0.08236   1.00000  
 58  0.9516   7439.911247  x:  4.41269   0.10511   0.06581   0.44886   0.64439   0.86813   0.58155   0.89214   0.05838   0.10848   0.25050   0.80668   0.67348   0.00000   0.34346   0.76551   1.04379   1.09665   1.26063   1.05983   0.48301   0.41238   0.51431   0.21133   1.53080   0.46282   0.20344   0.03740   0.27214   0.10359   0.21115   0.20847   0.11726   1.41096   0.18142   2.03788   0.88984   1.88554   4.56009   3.88125   0.08236   1.00000  
 59  0.9110   7439.849246  x:  4.48165   0.10601   0.06493   0.44561   0.64875   0.87225   0.57321   0.88276   0.05423   0.10821   0.24431   0.80972   0.68638   0.00000   0.34797   0.75673   1.04159   1.09081   1.25574   1.06757   0.47523   0.41610   0.51622   0.22329   1.51714   0.44263   0.20401   0.03797   0.27090   0.10304   0.21093   0.20601   0.12054   1.40229   0.17670   2.03233   0.89285   1.89237   4.63055   3.94668   0.08240   1.00000  
 60  1.9908   7439.752733  x:  4.59626   0.10726   0.06616   0.43395   0.64718   0.85411   0.56804   0.88961   0.04970   0.10797   0.25522   0.80524   0.67655   0.00000   0.33616   0.76586   1.02881   1.08436   1.26091   1.04711   0.47444   0.41629   0.51987   0.21368   1.47717   0.45655   0.20600   0.03854   0.26888   0.10206   0.21034   0.20270   0.12459   1.39907   0.17725   2.02459   0.88547   1.89478   4.74493   4.05257   0.08243   1.00000  
 61  4.4069   7439.742692  x:  4.60937   0.10699   0.06627   0.44199   0.63915   0.85048   0.57215   0.88335   0.04858   0.10843   0.25484   0.80425   0.67646   0.00000   0.33365   0.77656   1.01729   1.08144   1.26178   1.04572   0.47247   0.41606   0.51958   0.21237   1.48652   0.45492   0.20585   0.03862   0.26852   0.10176   0.21011   0.20241   0.12526   1.39930   0.17916   2.02335   0.87718   1.89609   4.76265   4.06632   0.08244   1.00000  
 62  0.8397   7439.711341  x:  4.66200   0.10922   0.06503   0.43275   0.64911   0.85090   0.58051   0.87428   0.04922   0.10634   0.25659   0.80478   0.67797   0.00000   0.33829   0.79295   1.02450   1.07304   1.24012   1.04630   0.47566   0.41404   0.51837   0.21477   1.48813   0.45753   0.20550   0.03982   0.26500   0.10331   0.20969   0.20505   0.12400   1.40849   0.17999   2.02321   0.87749   1.89620   4.85934   4.16520   0.08246   1.00000  
 63  0.3021   7439.670475  x:  4.73251   0.11129   0.06296   0.45033   0.63431   0.85455   0.57285   0.88758   0.04999   0.10619   0.25528   0.80535   0.67778   0.00000   0.33984   0.77743   1.03212   1.07919   1.24718   1.04903   0.47643   0.41097   0.51531   0.21971   1.48398   0.45936   0.20452   0.04145   0.26011   0.10529   0.20898   0.20879   0.12413   1.40469   0.18189   2.02373   0.87353   1.89554   4.99244   4.29911   0.08249   1.00000  
 64  2.7319   7439.665678  x:  4.74144   0.11136   0.06299   0.44705   0.63838   0.85169   0.57875   0.88127   0.05020   0.10655   0.25442   0.80507   0.67743   0.00000   0.33941   0.76952   1.03299   1.08329   1.25507   1.04717   0.47720   0.41070   0.51475   0.21988   1.48576   0.45922   0.20435   0.04163   0.25991   0.10529   0.20897   0.20912   0.12451   1.40358   0.18348   2.02433   0.86927   1.89604   5.01244   4.31775   0.08250   1.00000  
 65  0.6918   7439.628726  x:  4.80659   0.11282   0.06381   0.45697   0.63716   0.84310   0.58824   0.88174   0.04884   0.10696   0.25408   0.80944   0.67797   0.00000   0.33779   0.77461   1.04465   1.08800   1.26012   1.05349   0.47908   0.41181   0.51605   0.22041   1.48867   0.46049   0.20206   0.04347   0.26840   0.10319   0.21100   0.21077   0.12783   1.40960   0.18006   2.03783   0.88705   1.89439   5.21372   4.52765   0.08252   1.00000  
 66  0.4174   7439.613744  x:  4.83288   0.11265   0.06427   0.45006   0.64157   0.85818   0.58024   0.89086   0.04850   0.10748   0.25277   0.80927   0.67801   0.00000   0.33836   0.77706   1.04555   1.08512   1.26252   1.05207   0.47902   0.41178   0.51500   0.21980   1.49474   0.46013   0.20099   0.04414   0.27110   0.10226   0.21161   0.21094   0.12948   1.41530   0.18358   2.04184   0.87498   1.89430   5.30107   4.61088   0.08254   1.00000  
 67  2.9687   7439.581844  x:  4.86149   0.11059   0.06367   0.44796   0.64516   0.86217   0.57883   0.89549   0.05073   0.10821   0.25382   0.81201   0.67971   0.00000   0.33101   0.78866   1.04375   1.09365   1.27657   1.05696   0.48125   0.41588   0.51726   0.21743   1.50647   0.45919   0.20535   0.04619   0.26920   0.10621   0.21482   0.20775   0.13216   1.41980   0.18151   2.05894   0.88316   1.89320   5.55942   4.87793   0.08240   1.00000  
 68  0.2571   7439.557331  x:  4.86153   0.10468   0.06457   0.44357   0.64613   0.86237   0.57608   0.89733   0.04973   0.10666   0.25686   0.81345   0.68183   0.00000   0.33080   0.79196   1.03651   1.09964   1.27926   1.05569   0.47777   0.41689   0.51906   0.21593   1.51045   0.45957   0.20135   0.04815   0.26858   0.10580   0.21092   0.21250   0.13497   1.41743   0.17900   2.06125   0.88790   1.89375   5.86115   5.18008   0.08205   1.00000  
 69  0.1865   7439.527277  x:  4.84809   0.10175   0.06401   0.44935   0.64459   0.86214   0.57964   0.89636   0.04946   0.10384   0.25544   0.81398   0.68046   0.00000   0.33344   0.78827   1.04533   1.09389   1.27442   1.05487   0.47857   0.41340   0.51756   0.21960   1.50680   0.46184   0.20276   0.04915   0.26839   0.10316   0.21057   0.20826   0.13366   1.41938   0.18300   2.05927   0.88122   1.89548   6.33249   5.64733   0.08137   1.00000  
 70  0.2400   7439.514944  x:  4.84232   0.10606   0.06487   0.44780   0.64335   0.86130   0.57729   0.89463   0.04953   0.10743   0.25282   0.80991   0.67906   0.00000   0.33290   0.78709   1.04104   1.09090   1.27302   1.05461   0.48062   0.41557   0.51698   0.21811   1.50156   0.45827   0.20077   0.04983   0.26818   0.10382   0.21159   0.20881   0.13172   1.41687   0.18307   2.05303   0.87924   1.89394   6.60448   5.91903   0.08100   1.00000  
 71  0.2144   7439.509749  x:  4.85077   0.10977   0.06337   0.44732   0.64377   0.86154   0.57665   0.89422   0.04966   0.10711   0.25513   0.81150   0.67951   0.00000   0.33173   0.78631   1.04225   1.09137   1.27302   1.05402   0.47704   0.41394   0.51673   0.21720   1.50521   0.45894   0.20165   0.04921   0.26748   0.10302   0.21159   0.20910   0.13078   1.41860   0.18117   2.05841   0.88033   1.89354   6.82337   6.13637   0.08086   1.00000  
 72  0.1325   7439.500895  x:  4.87048   0.11108   0.06347   0.44811   0.64434   0.86383   0.58001   0.89831   0.04979   0.10682   0.25421   0.81312   0.68242   0.00000   0.33182   0.79361   1.04388   1.09545   1.27980   1.05702   0.48053   0.41586   0.51893   0.21861   1.50600   0.46101   0.20278   0.04661   0.26858   0.10433   0.21175   0.20950   0.13145   1.41811   0.18384   2.06135   0.87962   1.89705   7.23270   6.55153   0.08079   1.00000  
 73  0.1174   7439.495900  x:  4.88266   0.10733   0.06404   0.44732   0.64452   0.86261   0.57740   0.89642   0.04924   0.10679   0.25454   0.81185   0.68009   0.00000   0.33163   0.78942   1.04283   1.09361   1.27601   1.05529   0.47986   0.41472   0.51729   0.21739   1.50546   0.45918   0.20356   0.04492   0.26823   0.10464   0.21223   0.20931   0.13142   1.41875   0.18253   2.06044   0.88128   1.89385   7.48590   6.80144   0.08080   1.00000  
 74  0.1852   7439.494310  x:  4.88081   0.10638   0.06433   0.44768   0.64423   0.86227   0.57693   0.89477   0.05007   0.10666   0.25427   0.81138   0.67987   0.00000   0.33213   0.78817   1.04213   1.09237   1.27386   1.05525   0.47885   0.41467   0.51733   0.21863   1.50465   0.45995   0.20362   0.04498   0.26837   0.10474   0.21156   0.20933   0.13414   1.41898   0.18203   2.06022   0.88028   1.89428   7.66524   6.98086   0.08081   1.00000  
 75  0.0938   7439.489500  x:  4.87695   0.10656   0.06409   0.44798   0.64121   0.86133   0.57939   0.89510   0.05070   0.10688   0.25422   0.81139   0.67936   0.00000   0.33250   0.78603   1.04880   1.08737   1.27343   1.05212   0.47732   0.41536   0.51833   0.21737   1.50432   0.45804   0.20268   0.04588   0.26853   0.10487   0.21150   0.20888   0.13228   1.41844   0.18205   2.05513   0.87960   1.89598   8.31957   7.63273   0.08096   1.00000  
 76  0.1584   7439.482900  x:  4.83890   0.10764   0.06374   0.44716   0.64472   0.86109   0.57685   0.89593   0.05054   0.10650   0.25474   0.81102   0.68022   0.00000   0.33371   0.78673   1.03846   1.09326   1.27213   1.05502   0.47976   0.41424   0.51679   0.21705   1.50214   0.45864   0.20312   0.04614   0.26825   0.10382   0.21222   0.20928   0.13205   1.41605   0.18281   2.05418   0.88083   1.89396   9.22276   8.53810   0.08129   1.00000  
 77  0.4591   7439.481334  x:  4.81838   0.10773   0.06411   0.44741   0.64344   0.86054   0.57651   0.89459   0.04958   0.10666   0.25420   0.81081   0.67945   0.00000   0.33279   0.78600   1.04101   1.09096   1.27210   1.05395   0.47863   0.41465   0.51714   0.21776   1.50231   0.45935   0.20271   0.04603   0.26798   0.10433   0.21148   0.20886   0.13113   1.41606   0.18176   2.05197   0.88020   1.89403   9.75176   9.06466   0.08141   1.00000  
 78  0.4667   7439.480872  x:  4.81529   0.10753   0.06418   0.44728   0.64322   0.86070   0.57744   0.89528   0.04971   0.10725   0.25417   0.81071   0.67935   0.00000   0.33279   0.78629   1.04130   1.09115   1.27186   1.05367   0.47884   0.41431   0.51682   0.21777   1.50190   0.45862   0.20322   0.04600   0.26804   0.10413   0.21177   0.20922   0.13150   1.41602   0.18225   2.05244   0.88004   1.89421  10.38042   9.69421   0.08142   1.00000  
 79  0.3083   7439.480372  x:  4.82452   0.10767   0.06390   0.44755   0.64383   0.86084   0.57663   0.89488   0.04975   0.10680   0.25448   0.81094   0.67945   0.00000   0.33282   0.78594   1.04070   1.09126   1.27208   1.05412   0.47886   0.41470   0.51731   0.21780   1.50255   0.45927   0.20264   0.04602   0.26804   0.10431   0.21177   0.20894   0.13146   1.41637   0.18210   2.05381   0.88030   1.89398  11.35301  10.66639   0.08135   1.00000  
 80  0.4341   7439.480207  x:  4.82655   0.10759   0.06414   0.44732   0.64342   0.86084   0.57698   0.89502   0.04970   0.10682   0.25415   0.81085   0.67960   0.00000   0.33283   0.78657   1.04128   1.09132   1.27250   1.05401   0.47881   0.41449   0.51697   0.21768   1.50248   0.45906   0.20303   0.04603   0.26810   0.10425   0.21156   0.20907   0.13141   1.41630   0.18199   2.05292   0.88028   1.89421  12.05616  11.36982   0.08134   1.00000  
 81  0.5290   7439.480133  x:  4.82524   0.10755   0.06408   0.44744   0.64366   0.86084   0.57703   0.89509   0.04972   0.10688   0.25437   0.81098   0.67950   0.00000   0.33269   0.78642   1.04112   1.09152   1.27228   1.05416   0.47893   0.41459   0.51716   0.21777   1.50252   0.45908   0.20282   0.04606   0.26799   0.10422   0.21180   0.20903   0.13153   1.41646   0.18217   2.05339   0.88020   1.89406  12.98079  12.29454   0.08135   1.00000  
 82  0.4660   7439.480099  x:  4.82495   0.10764   0.06408   0.44736   0.64353   0.86082   0.57687   0.89499   0.04971   0.10683   0.25424   0.81086   0.67954   0.00000   0.33281   0.78634   1.04104   1.09127   1.27234   1.05402   0.47880   0.41452   0.51704   0.21773   1.50246   0.45911   0.20294   0.04603   0.26810   0.10428   0.21161   0.20904   0.13138   1.41625   0.18204   2.05303   0.88029   1.89413  13.76753  13.08109   0.08135   1.00000  
 83  0.5068   7439.480085  x:  4.82487   0.10756   0.06409   0.44740   0.64353   0.86081   0.57699   0.89503   0.04973   0.10685   0.25428   0.81090   0.67952   0.00000   0.33280   0.78642   1.04120   1.09137   1.27229   1.05405   0.47888   0.41457   0.51709   0.21771   1.50244   0.45905   0.20289   0.04603   0.26801   0.10422   0.21171   0.20904   0.13150   1.41637   0.18206   2.05318   0.88022   1.89414  14.70535  14.01900   0.08135   1.00000  
 84  0.4959   7439.480079  x:  4.82501   0.10762   0.06408   0.44739   0.64357   0.86082   0.57692   0.89502   0.04972   0.10684   0.25428   0.81089   0.67954   0.00000   0.33278   0.78634   1.04105   1.09133   1.27230   1.05405   0.47883   0.41453   0.51707   0.21773   1.50245   0.45909   0.20291   0.04604   0.26808   0.10427   0.21166   0.20904   0.13141   1.41629   0.18209   2.05306   0.88026   1.89410  15.49402  14.80762   0.08135   1.00000  
 85  0.4983   7439.480076  x:  4.82506   0.10759   0.06409   0.44738   0.64353   0.86082   0.57695   0.89502   0.04972   0.10685   0.25426   0.81089   0.67953   0.00000   0.33280   0.78641   1.04115   1.09134   1.27234   1.05405   0.47886   0.41456   0.51707   0.21772   1.50247   0.45908   0.20291   0.04604   0.26804   0.10424   0.21168   0.20904   0.13146   1.41634   0.18205   2.05318   0.88026   1.89414  16.42262  15.73624   0.08135   1.00000  
 86  0.4967   7439.480075  x:  4.82504   0.10760   0.06408   0.44740   0.64357   0.86083   0.57694   0.89503   0.04972   0.10684   0.25429   0.81090   0.67953   0.00000   0.33278   0.78637   1.04109   1.09135   1.27230   1.05406   0.47884   0.41454   0.51708   0.21773   1.50246   0.45908   0.20291   0.04604   0.26806   0.10425   0.21167   0.20904   0.13144   1.41631   0.18208   2.05310   0.88025   1.89411  17.21989  16.53352   0.08135   1.00000  
 87  0.4961   7439.480075  x:  4.82501   0.10760   0.06408   0.44738   0.64354   0.86081   0.57694   0.89502   0.04972   0.10684   0.25426   0.81089   0.67953   0.00000   0.33280   0.78639   1.04112   1.09133   1.27232   1.05405   0.47885   0.41455   0.51707   0.21772   1.50247   0.45909   0.20291   0.04603   0.26805   0.10425   0.21167   0.20904   0.13145   1.41632   0.18206   2.05314   0.88026   1.89413  18.18539  17.49900   0.08135   1.00000  
 88  0.5015   7439.480075  x:  4.82502   0.10760   0.06408   0.44739   0.64356   0.86082   0.57694   0.89502   0.04972   0.10684   0.25428   0.81089   0.67953   0.00000   0.33279   0.78638   1.04111   1.09135   1.27230   1.05405   0.47885   0.41455   0.51708   0.21773   1.50246   0.45908   0.20291   0.04604   0.26806   0.10425   0.21168   0.20904   0.13144   1.41632   0.18207   2.05311   0.88025   1.89412  18.91542  18.22905   0.08135   1.00000  
 89  0.4689   7439.480075  x:  4.82503   0.10760   0.06408   0.44739   0.64354   0.86082   0.57694   0.89502   0.04972   0.10684   0.25427   0.81089   0.67953   0.00000   0.33280   0.78638   1.04111   1.09134   1.27232   1.05405   0.47885   0.41455   0.51707   0.21773   1.50246   0.45909   0.20291   0.04604   0.26805   0.10425   0.21167   0.20904   0.13144   1.41632   0.18206   2.05313   0.88026   1.89412  20.29592  19.60953   0.08135   1.00000  
 90  0.5698   7439.480075  x:  4.82503   0.10760   0.06408   0.44739   0.64355   0.86082   0.57694   0.89502   0.04972   0.10684   0.25428   0.81089   0.67953   0.00000   0.33279   0.78638   1.04111   1.09135   1.27231   1.05405   0.47885   0.41455   0.51708   0.21773   1.50246   0.45908   0.20291   0.04604   0.26806   0.10425   0.21167   0.20904   0.13144   1.41632   0.18207   2.05312   0.88025   1.89412  20.92846  20.24208   0.08135   1.00000  
 91  0.5029   7439.480074  x:  4.82502   0.10760   0.06408   0.44739   0.64355   0.86082   0.57694   0.89502   0.04972   0.10684   0.25427   0.81089   0.67953   0.00000   0.33279   0.78638   1.04111   1.09134   1.27231   1.05405   0.47885   0.41455   0.51707   0.21773   1.50246   0.45908   0.20291   0.04604   0.26806   0.10425   0.21167   0.20904   0.13144   1.41632   0.18207   2.05313   0.88025   1.89412  22.44477  21.75839   0.08135   1.00000  
 92  0.5116   7439.480074  x:  4.82502   0.10760   0.06408   0.44739   0.64355   0.86082   0.57694   0.89502   0.04972   0.10684   0.25427   0.81089   0.67953   0.00000   0.33279   0.78638   1.04111   1.09134   1.27231   1.05405   0.47885   0.41455   0.51707   0.21773   1.50246   0.45908   0.20291   0.04604   0.26806   0.10425   0.21167   0.20904   0.13144   1.41632   0.18207   2.05312   0.88025   1.89412  22.99022  22.30384   0.08135   1.00000  
 93  0.4743   7439.480074  x:  4.82502   0.10760   0.06408   0.44739   0.64355   0.86082   0.57694   0.89502   0.04972   0.10684   0.25427   0.81089   0.67953   0.00000   0.33279   0.78638   1.04111   1.09134   1.27231   1.05405   0.47885   0.41455   0.51707   0.21773   1.50246   0.45908   0.20291   0.04604   0.26806   0.10425   0.21167   0.20904   0.13144   1.41632   0.18207   2.05312   0.88025   1.89412  22.99022  22.30384   0.08135   1.00000  
 94  0.4990   7439.480074  x:  4.82502   0.10760   0.06408   0.44739   0.64355   0.86082   0.57694   0.89502   0.04972   0.10684   0.25427   0.81089   0.67953   0.00000   0.33279   0.78638   1.04111   1.09134   1.27231   1.05405   0.47885   0.41455   0.51707   0.21773   1.50246   0.45908   0.20291   0.04604   0.26806   0.10425   0.21167   0.20904   0.13144   1.41632   0.18207   2.05312   0.88025   1.89412  22.99022  22.30384   0.08135   1.00000  
 95  0.0000   7439.480074  x:  4.82502   0.10760   0.06408   0.44739   0.64355   0.86082   0.57694   0.89502   0.04972   0.10684   0.25427   0.81089   0.67953   0.00000   0.33279   0.78638   1.04111   1.09134   1.27231   1.05405   0.47885   0.41455   0.51707   0.21773   1.50246   0.45908   0.20291   0.04604   0.26806   0.10425   0.21167   0.20904   0.13144   1.41632   0.18207   2.05312   0.88025   1.89412  22.99022  22.30384   0.08135   1.00000  