

TREE # 1

  0  0.0000   9218.804417  x:  0.17444   0.02804   0.07307   0.00000   0.21220   0.15259   0.14764   0.15672   0.09176   0.01488   0.10164   0.09888   0.08304   0.02822   0.03654   0.11840   0.16638   0.13073   0.17006   0.12456   0.13600   0.08105   0.05011   0.02312   0.14692   0.15208   0.08109   0.04353   0.13235   0.02986   0.05286   0.04009   0.10565   0.11049   0.05181   0.16210   0.10351   2.00000   1.39835   0.16116   0.29812   1.40136  
  1 99.0000   8105.566801  x:  0.33858   0.14821   0.13404   0.33025   0.26354   0.21890   0.20676   0.22878   0.13392   0.10661   0.15872   0.22717   0.21371   0.09829   0.16528   0.18687   0.24317   0.24194   0.25593   0.23552   0.18601   0.17984   0.21835   0.13261   0.26982   0.19665   0.10894   0.05589   0.15032   0.08378   0.12661   0.14491   0.14728   0.24624   0.14518   0.28396   0.25752   1.99211   1.43175   0.12828   0.00000   1.40095  
  2 3560.4996   7957.156355  x:  0.51952   0.28066   0.20123   0.69423   0.32013   0.29199   0.27192   0.30822   0.18038   0.20769   0.22162   0.36858   0.35774   0.17551   0.30717   0.26234   0.32782   0.36453   0.35059   0.35784   0.24112   0.28872   0.40378   0.25329   0.40531   0.24578   0.13963   0.06950   0.17013   0.14320   0.20788   0.26043   0.19316   0.39589   0.24810   0.41830   0.42728   1.98341   1.46857   0.09203   0.00097   1.40050  
  3 19238.8609   7867.662290  x:  0.62411   0.26055   0.14428   0.68022   0.31515   0.31521   0.30487   0.35937   0.11850   0.15332   0.18483   0.38689   0.36191   0.13703   0.31379   0.28937   0.37922   0.42904   0.39959   0.38422   0.22007   0.26367   0.38096   0.21571   0.47610   0.24277   0.10123   0.00000   0.13866   0.06329   0.13948   0.18471   0.17654   0.44142   0.25162   0.49584   0.47652   1.98064   1.42358   0.13838   0.00095   1.39940  
  4 397.1670   7812.133317  x:  0.76994   0.21962   0.05141   0.64326   0.30332   0.34648   0.34147   0.42071   0.01985   0.06860   0.13176   0.41008   0.36527   0.07855   0.31577   0.31896   0.44193   0.50728   0.46260   0.42200   0.19939   0.22958   0.34350   0.15378   0.57543   0.23802   0.14369   0.12259   0.14599   0.02359   0.07608   0.09103   0.13861   0.50241   0.24358   0.59728   0.53471   1.97662   1.36271   0.20113   0.00094   1.39783  
  5 816.3182   7797.204018  x:  0.81047   0.20118   0.03004   0.61921   0.29807   0.35378   0.34750   0.43383   0.00000   0.05014   0.12136   0.41402   0.36487   0.06386   0.31162   0.32351   0.45586   0.52414   0.47753   0.43360   0.20304   0.22229   0.32907   0.13701   0.60134   0.23482   0.14066   0.12317   0.15554   0.05947   0.09769   0.09663   0.12123   0.51816   0.23313   0.62272   0.54440   1.97538   1.34420   0.22017   0.00093   1.39735  
  6 409.6131   7766.112281  x:  0.99507   0.09742   0.05859   0.45748   0.27298   0.38190   0.34983   0.46802   0.06261   0.07132   0.13067   0.42547   0.37438   0.04201   0.27863   0.32528   0.49657   0.57064   0.53027   0.50568   0.29166   0.22594   0.26376   0.11379   0.71317   0.23635   0.14842   0.15513   0.18318   0.01041   0.17544   0.18041   0.01230   0.59280   0.14074   0.72033   0.55452   1.96761   1.26147   0.30521   0.00091   1.39512  
  7 275.6643   7757.144235  x:  1.04934   0.08219   0.07701   0.39719   0.27546   0.39090   0.34529   0.47199   0.08897   0.09018   0.14633   0.42922   0.38147   0.04658   0.26803   0.32117   0.50282   0.57544   0.54326   0.52796   0.31535   0.24077   0.26208   0.12226   0.73901   0.24582   0.15168   0.15750   0.18908   0.04195   0.14456   0.16933   0.00000   0.62194   0.10936   0.74709   0.55109   1.96479   1.23519   0.33228   0.00090   1.39429  
  8 227.9057   7748.838830  x:  1.14326   0.12509   0.06305   0.26484   0.31604   0.40979   0.32157   0.45892   0.07767   0.09049   0.17727   0.43812   0.39767   0.05172   0.24441   0.29867   0.49399   0.55402   0.55692   0.56056   0.34145   0.29074   0.30508   0.15145   0.75888   0.26895   0.16065   0.16064   0.20236   0.03558   0.16759   0.16365   0.07645   0.68951   0.06814   0.78954   0.53532   1.95637   1.18044   0.38860   0.00089   1.39245  
  9 125.3441   7746.657508  x:  1.17534   0.10046   0.06275   0.24822   0.40533   0.42568   0.32181   0.45253   0.05949   0.07966   0.19539   0.44863   0.41344   0.06132   0.25325   0.29959   0.48708   0.52876   0.56007   0.56690   0.33626   0.29420   0.33108   0.16197   0.73194   0.27010   0.16169   0.16380   0.19595   0.03316   0.16223   0.18154   0.05837   0.70459   0.06786   0.79565   0.52881   1.95268   1.14131   0.42731   0.00089   1.39212  
 10 39.1419   7745.885008  x:  1.19275   0.10356   0.07568   0.23562   0.44320   0.42779   0.33233   0.46057   0.06928   0.08597   0.19643   0.44724   0.41766   0.06438   0.26421   0.31588   0.49456   0.52695   0.56235   0.56664   0.33566   0.27906   0.32469   0.16826   0.71312   0.27099   0.16450   0.16502   0.20907   0.03422   0.17587   0.16895   0.06154   0.71018   0.09463   0.79989   0.53472   1.94773   1.12711   0.44085   0.00089   1.39195  
 11 22.5176   7744.988925  x:  1.20993   0.12200   0.06402   0.23366   0.45336   0.41811   0.34735   0.47693   0.08095   0.08878   0.19160   0.45204   0.42496   0.05183   0.28047   0.34859   0.51577   0.54443   0.56324   0.56179   0.34822   0.29080   0.33966   0.17225   0.69256   0.27551   0.17388   0.16774   0.20545   0.03735   0.16394   0.19662   0.06181   0.71253   0.10896   0.79743   0.54197   1.94136   1.10737   0.46008   0.00088   1.39010  
 12 10.7969   7743.031729  x:  1.23771   0.14134   0.05062   0.28377   0.44499   0.40328   0.35769   0.49239   0.08659   0.08968   0.20403   0.48349   0.45164   0.05764   0.31067   0.38572   0.54043   0.57134   0.56511   0.57289   0.36809   0.32324   0.38011   0.18961   0.68399   0.29484   0.17420   0.17292   0.20630   0.03702   0.19237   0.16993   0.03566   0.71793   0.09462   0.78856   0.55833   1.93397   1.05353   0.51372   0.00088   1.38381  
 13 19.9522   7739.234559  x:  1.28849   0.17842   0.08121   0.41075   0.42046   0.42020   0.36525   0.50262   0.05927   0.07092   0.22893   0.53668   0.49413   0.09838   0.34371   0.38343   0.53855   0.59166   0.57593   0.62554   0.36578   0.31309   0.39812   0.23010   0.75039   0.32319   0.17584   0.18091   0.24297   0.03884   0.17917   0.21549   0.04691   0.76158   0.10079   0.80955   0.62815   1.93016   0.95863   0.60859   0.00086   1.36866  
 14 30.1311   7737.292855  x:  1.29613   0.16274   0.06635   0.46102   0.44027   0.47182   0.38893   0.51659   0.05475   0.10890   0.23954   0.53756   0.50221   0.09747   0.34552   0.36238   0.53091   0.60174   0.59300   0.64681   0.37681   0.33034   0.42279   0.23014   0.80221   0.30195   0.18718   0.18640   0.21153   0.04447   0.19048   0.21734   0.06076   0.79849   0.11554   0.84613   0.65889   1.94366   0.95162   0.61529   0.00085   1.36048  
 15 25.9357   7736.716787  x:  1.28864   0.15460   0.06831   0.48110   0.45105   0.48806   0.38433   0.51218   0.05821   0.11657   0.21966   0.52531   0.50020   0.07975   0.34936   0.35729   0.53750   0.61114   0.61031   0.64499   0.37856   0.34253   0.44130   0.23884   0.81342   0.28560   0.18707   0.18269   0.24239   0.04136   0.18832   0.21655   0.06260   0.81862   0.11049   0.86655   0.65219   1.96145   0.94567   0.62091   0.00085   1.35716  
 16 15.0862   7736.119199  x:  1.27587   0.15450   0.07538   0.49154   0.45009   0.48917   0.37293   0.50756   0.05962   0.12726   0.19440   0.51867   0.50404   0.07870   0.36449   0.35512   0.55519   0.61979   0.63929   0.64454   0.36760   0.33267   0.44289   0.25865   0.81651   0.28025   0.19196   0.18656   0.22163   0.04548   0.19518   0.21910   0.06721   0.84492   0.10478   0.89410   0.62977   1.99059   0.92806   0.63746   0.00085   1.35259  
 17 10.6178   7735.074604  x:  1.26119   0.14564   0.04884   0.48137   0.44095   0.48130   0.38882   0.53121   0.05076   0.14567   0.19900   0.54547   0.52477   0.10281   0.38318   0.34622   0.57786   0.61733   0.67222   0.64969   0.36232   0.32402   0.43877   0.27162   0.81234   0.28554   0.18398   0.18767   0.23954   0.04153   0.19165   0.22491   0.06179   0.87774   0.10855   0.93120   0.59825   2.02647   0.92138   0.64082   0.00084   1.34328  
 18  9.8145   7730.113016  x:  1.30868   0.15026   0.09984   0.46765   0.43825   0.46198   0.44892   0.60713   0.06392   0.08306   0.17551   0.62552   0.55077   0.05915   0.35899   0.29569   0.60151   0.59893   0.68841   0.64161   0.39838   0.36950   0.44342   0.25361   0.82801   0.33714   0.16119   0.19468   0.22758   0.05048   0.19715   0.21221   0.02516   0.96827   0.15823   1.03260   0.59988   2.07515   0.86633   0.67784   0.00083   1.29401  
 19  9.7584   7717.782145  x:  1.43615   0.16597   0.09729   0.45894   0.46469   0.46751   0.42855   0.60477   0.05885   0.09323   0.20288   0.65961   0.54440   0.06219   0.35369   0.33505   0.64690   0.64561   0.70636   0.68681   0.41594   0.38712   0.43382   0.16803   0.87787   0.35394   0.20376   0.16512   0.23856   0.05545   0.19251   0.20176   0.00000   1.03372   0.16602   1.11965   0.65319   2.07836   0.77922   0.74090   0.00082   1.21340  
 20 30.2551   7706.350028  x:  1.68114   0.13179   0.07601   0.41046   0.52435   0.55928   0.49404   0.65849   0.07036   0.03500   0.20695   0.61754   0.55982   0.05139   0.38792   0.44057   0.69921   0.74074   0.76517   0.75741   0.38832   0.34440   0.45034   0.27450   1.00701   0.42438   0.14815   0.17854   0.23793   0.06545   0.19574   0.19697   0.01279   1.04035   0.05157   1.16412   0.70793   1.98496   0.73095   0.75854   0.00078   1.08555  
 21 53.1729   7703.995369  x:  1.76715   0.10923   0.05389   0.41085   0.49912   0.56702   0.51116   0.68523   0.05333   0.09390   0.19041   0.59942   0.58624   0.02375   0.39296   0.42407   0.68393   0.74299   0.77850   0.75219   0.38153   0.33367   0.46564   0.32903   1.03609   0.40056   0.12514   0.18669   0.24228   0.06776   0.19286   0.19674   0.02253   1.00248   0.06908   1.15322   0.72567   1.95747   0.67778   0.80415   0.00079   1.05741  
 22 34.5099   7703.053476  x:  1.82636   0.09606   0.05348   0.40908   0.48588   0.56782   0.51944   0.70882   0.05010   0.08531   0.17174   0.59905   0.60081   0.04010   0.40301   0.39891   0.67902   0.74310   0.80275   0.74709   0.38317   0.34219   0.46899   0.35766   1.04155   0.36019   0.17108   0.16486   0.24361   0.06839   0.19307   0.19166   0.02789   0.96803   0.07527   1.14144   0.72103   1.95193   0.66819   0.81035   0.00078   1.04460  
 23 22.4123   7702.544613  x:  1.87788   0.10751   0.05463   0.41585   0.49090   0.56215   0.50853   0.71703   0.05813   0.07714   0.17405   0.61042   0.60681   0.04561   0.40684   0.37760   0.68430   0.74847   0.82629   0.73941   0.38782   0.34359   0.46061   0.35467   1.03880   0.31516   0.15566   0.17147   0.23951   0.07063   0.18995   0.19007   0.03560   0.94504   0.07204   1.13296   0.70842   1.96100   0.67162   0.80493   0.00078   1.03578  
 24 14.3067   7702.070072  x:  1.94542   0.10511   0.04846   0.42513   0.50071   0.54506   0.48000   0.71196   0.05195   0.08622   0.17749   0.62011   0.59974   0.02922   0.39929   0.35516   0.69711   0.75371   0.84377   0.72672   0.38260   0.34066   0.45248   0.36250   1.03668   0.33522   0.15927   0.16632   0.23832   0.07049   0.18854   0.18903   0.02956   0.93426   0.08152   1.12420   0.69581   1.98558   0.69110   0.78256   0.00078   1.02348  
 25  7.9541   7701.485194  x:  2.01314   0.09938   0.04700   0.43348   0.49089   0.54034   0.48236   0.70858   0.04956   0.09529   0.15099   0.60295   0.57324   0.05764   0.40112   0.34837   0.70342   0.74470   0.84234   0.73373   0.37139   0.34721   0.46509   0.34230   1.02172   0.35219   0.14608   0.16834   0.23830   0.07019   0.18722   0.19091   0.02495   0.94984   0.08806   1.12132   0.69303   2.01277   0.69758   0.77192   0.00078   1.00251  
 26  6.7941   7701.363055  x:  2.01771   0.09941   0.04704   0.43490   0.48955   0.54107   0.48415   0.70836   0.05011   0.09559   0.15204   0.60209   0.57300   0.05682   0.40128   0.34877   0.70342   0.74388   0.84187   0.73371   0.37033   0.34592   0.46552   0.34036   1.02037   0.35243   0.14697   0.16762   0.23841   0.07024   0.18724   0.19085   0.02526   0.95246   0.08688   1.12193   0.69236   2.01450   0.69711   0.77195   0.00078   1.00000  
 27 11.4313   7697.544353  x:  2.15596   0.05582   0.04750   0.43449   0.43177   0.59521   0.47509   0.62420   0.03941   0.05888   0.19202   0.61464   0.60756   0.04076   0.43990   0.42805   0.71457   0.75015   0.84438   0.76076   0.41193   0.35834   0.45419   0.30636   1.02169   0.33967   0.15004   0.14367   0.23001   0.07591   0.17784   0.17851   0.02572   1.04759   0.15477   1.21597   0.69093   2.02825   0.66287   0.77626   0.00077   1.00000  
 28 13.0745   7693.357615  x:  2.20871   0.09735   0.05509   0.42880   0.45984   0.62189   0.48106   0.63019   0.01724   0.08095   0.17471   0.64690   0.61506   0.04202   0.43750   0.45318   0.72683   0.77648   0.84690   0.78690   0.41979   0.37681   0.42797   0.27355   1.06456   0.34825   0.16661   0.12186   0.23361   0.07981   0.17445   0.17585   0.00000   1.06788   0.15013   1.28870   0.69464   2.01896   0.62450   0.79516   0.00076   1.00000  
 29 23.6950   7689.757931  x:  2.24149   0.08280   0.01320   0.42367   0.51731   0.58978   0.44809   0.68716   0.10217   0.06614   0.18779   0.67941   0.60093   0.06521   0.40641   0.44307   0.76193   0.84107   0.87058   0.81591   0.38916   0.37005   0.45766   0.22012   1.14576   0.37540   0.18980   0.09862   0.24222   0.08899   0.17810   0.17686   0.02452   1.07798   0.15582   1.38612   0.76627   2.02089   0.54312   0.85236   0.00075   1.00000  
 30 31.6999   7688.701158  x:  2.24442   0.05898   0.05015   0.40616   0.53007   0.56303   0.43995   0.72315   0.08236   0.07118   0.21549   0.68050   0.59444   0.06935   0.40068   0.44254   0.79257   0.87687   0.89685   0.81742   0.37716   0.37112   0.49056   0.18913   1.16584   0.37918   0.19403   0.09457   0.24458   0.09067   0.18233   0.18008   0.04633   1.07759   0.14837   1.40983   0.80502   2.02457   0.52227   0.86622   0.00075   1.00000  
 31 29.5347   7688.314427  x:  2.24011   0.06168   0.04744   0.41086   0.54188   0.55119   0.44463   0.73434   0.06622   0.06848   0.22937   0.65535   0.58381   0.07561   0.39790   0.42707   0.80964   0.88251   0.91982   0.81642   0.42365   0.36346   0.48269   0.19536   1.16085   0.38400   0.19616   0.09180   0.24443   0.09153   0.17958   0.17814   0.05042   1.08954   0.13464   1.40481   0.84534   2.03711   0.51053   0.87616   0.00075   1.00000  
 32  9.0261   7688.103267  x:  2.24054   0.07103   0.04497   0.39849   0.54158   0.55474   0.45054   0.72262   0.06878   0.07037   0.22722   0.65222   0.60152   0.07071   0.39243   0.41517   0.82470   0.88078   0.94181   0.82207   0.40575   0.37583   0.47208   0.20010   1.14948   0.37850   0.19658   0.08994   0.24472   0.09149   0.18085   0.17872   0.03650   1.10676   0.12701   1.38823   0.89138   2.04367   0.50994   0.87500   0.00075   1.00000  
 33  3.3767   7687.566057  x:  2.26495   0.06468   0.04668   0.39599   0.53738   0.57949   0.45659   0.71514   0.07140   0.08603   0.19717   0.71181   0.57903   0.05345   0.38855   0.41773   0.84457   0.86592   0.96983   0.84064   0.41684   0.35300   0.48052   0.19245   1.14226   0.37581   0.20370   0.07920   0.24512   0.09349   0.18002   0.17718   0.04618   1.13382   0.11132   1.36521   0.91447   2.02442   0.50104   0.87502   0.00075   1.00000  
 34  1.9982   7685.231227  x:  2.41223   0.11113   0.05207   0.42547   0.52635   0.64558   0.48904   0.75592   0.06727   0.08725   0.24035   0.68450   0.53249   0.03093   0.38519   0.46295   0.87728   0.84662   1.01459   0.86618   0.39297   0.38436   0.45860   0.16543   1.20825   0.39550   0.22194   0.04135   0.25033   0.09846   0.18272   0.18172   0.01611   1.16606   0.13353   1.40883   0.86732   2.00855   0.42985   0.89759   0.00075   1.00000  
 35  4.2567   7684.141188  x:  2.49289   0.11465   0.05478   0.43211   0.54012   0.63551   0.49678   0.76012   0.05638   0.09489   0.21108   0.66672   0.60983   0.03828   0.37295   0.48525   0.86368   0.87734   0.96492   0.86348   0.41132   0.36233   0.46021   0.14242   1.22617   0.40084   0.22965   0.02228   0.25200   0.10055   0.18171   0.18070   0.02077   1.17354   0.10940   1.46758   0.86816   2.03085   0.41835   0.88812   0.00075   1.00000  
 36 10.9393   7683.840394  x:  2.51978   0.11077   0.05456   0.43074   0.54199   0.62710   0.51104   0.75136   0.04949   0.10064   0.21472   0.68350   0.58769   0.04180   0.38281   0.48827   0.84196   0.91024   0.93018   0.84760   0.40365   0.36887   0.44813   0.16725   1.21185   0.38844   0.23092   0.01968   0.25216   0.10100   0.18321   0.18201   0.02247   1.17267   0.09068   1.51363   0.88914   2.04753   0.41390   0.88636   0.00075   1.00000  
 37  6.7787   7683.773693  x:  2.52510   0.11886   0.05430   0.42631   0.53738   0.63150   0.51019   0.74716   0.05090   0.10086   0.21608   0.68102   0.58524   0.03973   0.39803   0.47449   0.82890   0.92115   0.93559   0.84625   0.40455   0.35997   0.45779   0.16414   1.19877   0.39503   0.23015   0.01949   0.25229   0.10087   0.18366   0.18260   0.01309   1.16599   0.08810   1.53485   0.89466   2.03778   0.41380   0.88276   0.00075   1.00000  
 38  2.3532   7683.683050  x:  2.53149   0.11052   0.05434   0.43602   0.53882   0.63210   0.50962   0.75073   0.05173   0.10417   0.21333   0.67704   0.59212   0.03520   0.40302   0.46654   0.83017   0.92702   0.93797   0.85839   0.40352   0.37153   0.44371   0.16147   1.18322   0.40565   0.22715   0.02178   0.25244   0.10128   0.18430   0.18431   0.02577   1.16349   0.08126   1.54751   0.89215   2.02305   0.40528   0.87940   0.00075   1.00000  
 39  0.8248   7683.176923  x:  2.56488   0.12966   0.05685   0.44115   0.54613   0.62983   0.51486   0.75967   0.04659   0.10626   0.21678   0.67085   0.60642   0.02605   0.38476   0.47458   0.85971   0.93320   0.91518   0.90645   0.40834   0.35496   0.46620   0.19806   1.19417   0.40048   0.21571   0.03303   0.24929   0.10183   0.19068   0.19125   0.01407   1.16384   0.08144   1.56724   0.88758   2.03105   0.35540   0.84818   0.00075   1.00000  
 40  1.4369   7682.849189  x:  2.58797   0.13723   0.05715   0.43762   0.55896   0.62688   0.51787   0.76436   0.05105   0.11210   0.21078   0.67615   0.62006   0.02986   0.42097   0.49512   0.84431   0.92511   0.92166   0.86746   0.41291   0.35763   0.46693   0.19824   1.23921   0.41430   0.20743   0.03957   0.24942   0.10217   0.19561   0.19628   0.01552   1.17926   0.07136   1.55670   0.89562   2.04433   0.31931   0.83067   0.00075   1.00000  
 41  4.7158   7682.809512  x:  2.59119   0.13802   0.05659   0.43863   0.56162   0.62009   0.51898   0.76675   0.04959   0.11260   0.21053   0.67543   0.62054   0.03493   0.41305   0.49503   0.82925   0.94431   0.92767   0.86247   0.41219   0.35687   0.46676   0.20052   1.24093   0.41227   0.20632   0.04024   0.24905   0.10196   0.19629   0.19693   0.01129   1.19940   0.07571   1.54504   0.88783   2.03453   0.31386   0.82622   0.00075   1.00000  
 42  1.4884   7682.663986  x:  2.60727   0.13955   0.05891   0.42981   0.56155   0.65050   0.51277   0.78080   0.05178   0.11039   0.21446   0.67903   0.62153   0.02864   0.42604   0.48492   0.82208   0.97663   0.92178   0.88257   0.41539   0.36112   0.46239   0.19744   1.23963   0.42202   0.20418   0.03847   0.25049   0.10238   0.19795   0.19843   0.01500   1.19844   0.08297   1.51768   0.88345   2.06257   0.27551   0.80210   0.00076   1.00000  
 43  0.3408   7681.553053  x:  2.76656   0.15582   0.05661   0.41628   0.56619   0.63622   0.50379   0.79438   0.06256   0.11970   0.23089   0.66201   0.60131   0.01195   0.44612   0.45505   0.89212   0.95817   0.93257   0.91123   0.41239   0.38064   0.45376   0.20850   1.27214   0.41164   0.19426   0.01999   0.25364   0.10390   0.20941   0.20701   0.00807   1.22006   0.07238   1.52039   0.88856   2.02042   0.04522   0.55753   0.00081   1.00000  
 44  2.5730   7681.288570  x:  2.80606   0.15940   0.05877   0.42072   0.55960   0.65420   0.51978   0.78049   0.06729   0.12257   0.23373   0.66691   0.60130   0.02489   0.39071   0.48251   0.88685   0.95575   0.98224   0.89880   0.41603   0.38637   0.45504   0.20732   1.26252   0.42653   0.19065   0.01784   0.25577   0.10483   0.21289   0.21110   0.01512   1.19094   0.06945   1.53927   0.89551   2.03151  -0.01737   0.50517   0.00083   1.00000  
 45  5.4053   7681.224105  x:  2.81139   0.16103   0.05827   0.42030   0.55770   0.64747   0.50371   0.79891   0.06692   0.12276   0.23221   0.66592   0.59955   0.01870   0.38818   0.49960   0.86418   0.94298   0.99117   0.91059   0.41581   0.38772   0.45373   0.21057   1.25531   0.42176   0.19014   0.01765   0.25493   0.10472   0.21285   0.21072   0.01237   1.19163   0.06528   1.54358   0.90340   2.03811  -0.02588   0.48686   0.00083   1.00000  
 46  0.8903   7678.517018  x:  2.95940   0.16928   0.05859   0.38940   0.52480   0.65463   0.45462   0.80836   0.08554   0.11845   0.22883   0.66674   0.59718   0.07223   0.36162   0.45842   0.83607   0.92762   0.89209   0.79595   0.44985   0.38651   0.45834   0.21953   1.18908   0.35910   0.18221   0.04114   0.25276   0.09834   0.22299   0.22198   0.00197   1.17322   0.03943   1.52325   0.92303   2.04803  -0.53785  -0.12890   0.00102   1.00000  
 47  0.8331   7677.813667  x:  2.99394   0.16883   0.06119   0.37694   0.53760   0.58482   0.51359   0.75087   0.09469   0.11548   0.22551   0.66766   0.59002   0.05506   0.38418   0.44576   0.79552   0.92938   0.89888   0.83569   0.46289   0.39222   0.46225   0.20883   1.20437   0.34699   0.18271   0.04458   0.25229   0.09777   0.22448   0.22218   0.01065   1.14433   0.04039   1.50685   0.91300   2.07413  -0.67067  -0.28419   0.00106   1.00000  
 48 12.6763   7667.960251  x:  3.72919   0.12847   0.08202   0.38311   0.55177   0.72655   0.48199   0.81444   0.10070   0.09035   0.21936   0.73984   0.71349   0.01192   0.45187   0.42880   0.84885   0.88235   0.98595   0.95015   0.55328   0.40685   0.49143   0.24063   1.33597   0.47215   0.29055   0.00000   0.27072   0.10707   0.23824   0.23444   0.00233   1.19093   0.08709   1.48352   0.94034   1.98870  -3.42016  -2.75302   0.00201   1.00000  
 49  0.6611   7667.960251  x:  3.72919   0.12847   0.08202   0.38311   0.55177   0.72655   0.48199   0.81444   0.10070   0.09035   0.21936   0.73984   0.71349   0.01192   0.45187   0.42880   0.84885   0.88235   0.98595   0.95015   0.55328   0.40685   0.49143   0.24063   1.33597   0.47215   0.29055   0.00000   0.27072   0.10707   0.23824   0.23444   0.00233   1.19093   0.08709   1.48352   0.94034   1.98870  -3.42016  -2.75302   0.00201   1.00000  
 50  3.2255   7531.110104  x:  3.72918   0.12851   0.08196   0.38314   0.55180   0.72655   0.48203   0.81445   0.10064   0.09036   0.21937   0.73984   0.71346   0.01193   0.45188   0.42885   0.84888   0.88240   0.98596   0.95015   0.55322   0.40683   0.49142   0.24060   1.33597   0.47213   0.29047   0.00014   0.27071   0.10708   0.23819   0.23437   0.00237   1.19095   0.08697   1.48356   0.94036   1.98873  -3.42011  -2.75307   0.06879   1.00000  
 51 13263.1952   7486.906898  x:  3.73564   0.22873   0.10717   0.46061   0.63103   0.77185   0.55970   0.87315   0.13503   0.17595   0.29109   0.79446   0.74413   0.10809   0.50762   0.51711   0.91597   0.95857   1.04029   0.99798   0.56790   0.45606   0.54714   0.27182   1.37681   0.52029   0.30301   0.35031   0.32906   0.17956   0.26440   0.25684   0.23971   1.24831   0.09258   1.53954   0.99556   1.95667  -3.12194  -3.05093   0.07814   1.00000  
 52 209.9599   7453.101053  x:  3.74997   0.22274   0.05571   0.51993   0.69761   0.83091   0.64325   0.94040   0.07524   0.14899   0.30986   0.85123   0.76087   0.10338   0.54340   0.61503   0.99819   1.05819   1.10997   1.04173   0.55981   0.48668   0.58748   0.26367   1.43126   0.52960   0.13117   0.21175   0.27970   0.05798   0.22441   0.22648   0.28026   1.30824   0.06004   1.61951   1.04350   1.90443  -2.81941  -3.35327   0.08166   1.00000  
 53 131.9161   7449.467702  x:  3.75663   0.20562   0.04104   0.52314   0.70402   0.84236   0.65258   0.94920   0.04196   0.12143   0.29850   0.85721   0.75286   0.08072   0.54183   0.64016   1.01657   1.08298   1.12724   1.04816   0.54365   0.47452   0.58067   0.25441   1.44663   0.52490   0.12998   0.16860   0.29158   0.13837   0.21920   0.22853   0.27945   1.32411   0.08209   1.64638   1.05016   1.89274  -2.76428  -3.40849   0.08218   1.00000  
 54 76.8475   7447.470182  x:  3.77009   0.17931   0.06648   0.51508   0.70117   0.85140   0.64698   0.94777   0.03161   0.08777   0.27589   0.85324   0.72749   0.04006   0.52659   0.67619   1.03651   1.11391   1.14924   1.05389   0.50924   0.43695   0.55132   0.24202   1.46913   0.51468   0.20155   0.16046   0.28983   0.12899   0.20678   0.21426   0.29213   1.34773   0.06873   1.69084   1.04897   1.88229  -2.73333  -3.43952   0.08240   1.00000  
 55 34.9009   7446.278883  x:  3.78949   0.15011   0.06982   0.49932   0.69178   0.85647   0.62844   0.93641   0.07966   0.09566   0.26730   0.84478   0.69572   0.00753   0.50157   0.71852   1.05444   1.14337   1.17317   1.06145   0.47634   0.40083   0.52181   0.22147   1.49408   0.49263   0.20068   0.15072   0.28443   0.12286   0.22812   0.22081   0.32620   1.37541   0.08955   1.74802   1.04018   1.87790  -2.72511  -3.44797   0.08256   1.00000  
 56 29.2402   7445.703230  x:  3.79796   0.14040   0.06679   0.49196   0.68700   0.85750   0.62011   0.93086   0.07620   0.10649   0.26773   0.84203   0.68475   0.00000   0.49086   0.73344   1.05943   1.15138   1.18233   1.06447   0.46848   0.39712   0.51778   0.21415   1.50238   0.48478   0.19368   0.15132   0.28482   0.12521   0.22474   0.21872   0.34129   1.38513   0.07944   1.77032   1.03390   1.87868  -2.72790  -3.44524   0.08252   1.00000  
 57 30.2797   7444.793598  x:  3.83031   0.10824   0.08326   0.47412   0.67308   0.86162   0.59641   0.91441   0.04342   0.12747   0.26876   0.83642   0.65948   0.00000   0.45173   0.77457   1.06814   1.16416   1.21210   1.07409   0.46414   0.41710   0.52742   0.21881   1.52690   0.47843   0.19906   0.13750   0.28202   0.11410   0.21613   0.22210   0.37351   1.41388   0.11455   1.84364   1.00607   1.88519  -2.73743  -3.43622   0.08263   1.00000  
 58 21.9618   7443.571164  x:  3.88277   0.06998   0.11132   0.46847   0.66449   0.87234   0.57955   0.90223   0.06108   0.11760   0.27075   0.83610   0.64958   0.00000   0.39114   0.82048   1.07074   1.16594   1.25276   1.08430   0.48299   0.45115   0.54844   0.24542   1.55703   0.48515   0.22566   0.09239   0.28654   0.12619   0.23665   0.23090   0.38159   1.44791   0.09304   1.94398   0.95508   1.89854  -2.74492  -3.42922   0.08282   1.00000  
 59 23.3611   7442.142118  x:  3.95340   0.07507   0.07852   0.47770   0.66765   0.89110   0.59029   0.91015   0.07621   0.06579   0.27430   0.84480   0.67342   0.00000   0.32409   0.86090   1.06712   1.15431   1.30087   1.09013   0.49840   0.43602   0.54062   0.24574   1.58056   0.48114   0.25238   0.07402   0.28389   0.12812   0.22675   0.20133   0.35521   1.47971   0.10628   2.05568   0.90206   1.90934  -2.76414  -3.41082   0.08282   1.00000  
 60 21.5294   7441.176363  x:  4.01510   0.09841   0.08074   0.48479   0.67107   0.90395   0.60713   0.92358   0.06182   0.07597   0.27445   0.84822   0.70272   0.00000   0.28678   0.88690   1.06500   1.14091   1.33881   1.09264   0.49846   0.39739   0.51452   0.23329   1.59082   0.47523   0.27537   0.05732   0.27857   0.12555   0.23412   0.23965   0.29359   1.49801   0.10552   2.13579   0.87311   1.90818  -2.77199  -3.40361   0.08284   1.00000  
 61 25.6500   7440.625213  x:  4.05992   0.10694   0.10852   0.48468   0.66973   0.90778   0.61347   0.93038   0.06757   0.10225   0.26148   0.84276   0.71273   0.00000   0.27754   0.90234   1.06727   1.13349   1.36240   1.09236   0.48898   0.38406   0.50498   0.22576   1.59270   0.47509   0.27627   0.05611   0.28457   0.13249   0.23202   0.21517   0.22459   1.50562   0.11057   2.18097   0.87092   1.90042  -2.77252  -3.40356   0.08282   1.00000  
 62 19.9764   7440.329312  x:  4.09263   0.11008   0.10797   0.47798   0.66412   0.90522   0.60923   0.92974   0.06766   0.09300   0.23982   0.83335   0.70422   0.00000   0.28091   0.90983   1.07157   1.13084   1.37518   1.08785   0.47293   0.39309   0.51236   0.21667   1.58972   0.47489   0.27151   0.07089   0.28604   0.13025   0.24013   0.22002   0.17787   1.50776   0.10942   2.20314   0.88487   1.89452  -2.77184  -3.40453   0.08276   1.00000  
 63 13.3044   7440.122274  x:  4.12972   0.13142   0.10144   0.47279   0.65999   0.89631   0.59688   0.92368   0.07921   0.09390   0.23587   0.82394   0.69253   0.00000   0.29436   0.90966   1.07578   1.12756   1.38124   1.07933   0.45842   0.39928   0.51683   0.21728   1.58113   0.48133   0.28091   0.05918   0.28423   0.13231   0.22421   0.22569   0.16319   1.50644   0.10829   2.21137   0.91496   1.89050  -2.77034  -3.40634   0.08273   1.00000  
 64  7.4689   7439.961409  x:  4.16998   0.13525   0.09265   0.47006   0.65841   0.88710   0.58612   0.91811   0.07280   0.09511   0.24505   0.82036   0.68432   0.00000   0.30602   0.90378   1.07921   1.12461   1.38191   1.07032   0.45438   0.39584   0.51364   0.22001   1.57074   0.48636   0.28869   0.05002   0.28224   0.13090   0.24182   0.21562   0.15873   1.50232   0.10634   2.21200   0.94271   1.88944  -2.76792  -3.40916   0.08271   1.00000  
 65  8.0074   7439.635180  x:  4.27176   0.09703   0.09567   0.47111   0.66083   0.87178   0.57403   0.91146   0.07154   0.08491   0.26624   0.82197   0.67250   0.00000   0.31843   0.88340   1.08575   1.12189   1.37239   1.05264   0.47045   0.38014   0.50073   0.22458   1.54881   0.48564   0.28182   0.05160   0.27953   0.13025   0.23014   0.22032   0.14983   1.48970   0.10424   2.20484   0.98432   1.89081  -2.76118  -3.41707   0.08267   1.00000  
 66  8.2624   7439.102146  x:  4.46978   0.09861   0.12122   0.46524   0.66212   0.86015   0.58567   0.91656   0.06368   0.07204   0.24288   0.82390   0.66286   0.00000   0.30690   0.84387   1.09017   1.12536   1.33868   1.03882   0.48294   0.37839   0.50048   0.20694   1.51987   0.45711   0.26253   0.03926   0.28521   0.12818   0.23043   0.21689   0.17109   1.47097   0.10023   2.18591   1.00024   1.88934  -2.75378  -3.42706   0.08258   1.00000  
 67  9.7951   7438.375143  x:  4.75367   0.08417   0.09221   0.44637   0.65429   0.85418   0.59836   0.91780   0.06663   0.10028   0.22813   0.82879   0.66321   0.00000   0.27999   0.80151   1.09439   1.13784   1.29685   1.03683   0.48476   0.39709   0.51183   0.20091   1.49977   0.43728   0.26968   0.03655   0.25707   0.12786   0.22493   0.21112   0.16308   1.44890   0.09577   2.16720   0.97866   1.89004  -2.73568  -3.44918   0.08248   1.00000  
 68 24.4266   7437.564843  x:  5.07519   0.09553   0.06957   0.42418   0.64091   0.85461   0.59125   0.90265   0.05861   0.10418   0.23696   0.82597   0.66950   0.00000   0.26357   0.77563   1.09378   1.15289   1.26855   1.04610   0.45916   0.39822   0.50716   0.24144   1.49645   0.46236   0.24077   0.04006   0.28635   0.11450   0.21719   0.21143   0.14646   1.43229   0.08910   2.15216   0.92356   1.89166  -2.72282  -3.46694   0.08232   1.00000  
 69 30.4200   7437.266149  x:  5.19121   0.10813   0.07764   0.42945   0.64291   0.86032   0.58182   0.89297   0.05292   0.09493   0.24959   0.81972   0.67257   0.00000   0.27578   0.78061   1.08876   1.15513   1.27193   1.05281   0.45333   0.40108   0.50685   0.24610   1.50148   0.47235   0.22387   0.04518   0.26002   0.12041   0.21694   0.20942   0.14174   1.43099   0.08540   2.14725   0.89874   1.89299  -2.72519  -3.46659   0.08224   1.00000  
 70 20.7214   7436.949395  x:  5.31156   0.11251   0.07316   0.45403   0.65405   0.87510   0.57099   0.88460   0.05127   0.09488   0.26687   0.80799   0.67580   0.00000   0.31350   0.80630   1.07403   1.14920   1.29339   1.06359   0.46851   0.41443   0.51577   0.21898   1.51406   0.46785   0.22216   0.04279   0.27322   0.11557   0.21702   0.21002   0.13393   1.43645   0.08470   2.14104   0.87468   1.89723  -2.73351  -3.46085   0.08218   1.00000  
 71 13.3059   7436.784271  x:  5.36064   0.10481   0.06436   0.46322   0.65325   0.88776   0.58773   0.90274   0.04879   0.10339   0.24564   0.80839   0.68140   0.00000   0.33138   0.83450   1.05307   1.13297   1.31379   1.06894   0.48080   0.41035   0.52226   0.23020   1.53424   0.48149   0.21664   0.04273   0.27247   0.11481   0.21755   0.21136   0.14100   1.45378   0.08155   2.13757   0.89472   1.90029  -2.74977  -3.44656   0.08213   1.00000  
 72  4.6346   7436.697301  x:  5.37517   0.10560   0.06813   0.45996   0.64919   0.89103   0.59364   0.91499   0.04884   0.10228   0.25873   0.82716   0.69564   0.00000   0.32203   0.84939   1.04253   1.12405   1.32545   1.07087   0.47435   0.41693   0.53272   0.23056   1.55114   0.47369   0.21384   0.04406   0.27521   0.11472   0.21829   0.21278   0.13773   1.47128   0.07980   2.13599   0.92222   1.90162  -2.76087  -3.43711   0.08208   1.00000  
 73  3.4440   7436.650976  x:  5.36544   0.11462   0.06653   0.46555   0.66139   0.88869   0.58665   0.91584   0.04757   0.10451   0.25747   0.83557   0.69025   0.00000   0.30475   0.85442   1.05113   1.12639   1.32873   1.07526   0.48641   0.42266   0.52662   0.23265   1.55793   0.47356   0.21151   0.04651   0.27596   0.11440   0.21885   0.21326   0.12941   1.48075   0.07892   2.13056   0.93703   1.90039  -2.76735  -3.43239   0.08202   1.00000  
 74  1.6400   7436.527873  x:  5.28197   0.11222   0.06685   0.45113   0.67410   0.87621   0.59126   0.92716   0.04817   0.10429   0.26066   0.82536   0.69889   0.00000   0.29702   0.84933   1.10267   1.13530   1.34636   1.09191   0.48692   0.41879   0.53618   0.22167   1.54787   0.48591   0.21008   0.04445   0.27663   0.11336   0.21835   0.21405   0.12579   1.47546   0.07823   2.08483   0.94542   1.89579  -2.78351  -3.42382   0.08176   1.00000  
 75  1.4573   7436.348848  x:  5.12828   0.11377   0.06319   0.44657   0.65294   0.88143   0.58473   0.91131   0.04780   0.10739   0.24960   0.83075   0.68876   0.00000   0.31253   0.82226   1.11112   1.11290   1.36176   1.07097   0.47830   0.42347   0.51395   0.23643   1.53280   0.44935   0.20447   0.04497   0.27318   0.10984   0.21448   0.21139   0.12214   1.45213   0.07680   2.03354   0.93556   1.89694  -2.78096  -3.43970   0.08133   1.00000  
 76  2.6870   7436.215152  x:  5.00551   0.11195   0.06178   0.46039   0.64474   0.88098   0.57244   0.89392   0.04596   0.11216   0.24636   0.81820   0.67305   0.00000   0.30392   0.79698   1.08320   1.08884   1.34408   1.04709   0.46522   0.40378   0.52935   0.22307   1.52173   0.45224   0.19808   0.04574   0.27059   0.10608   0.21071   0.20889   0.11976   1.43814   0.07584   2.01336   0.93094   1.89212  -2.77299  -3.45865   0.08097   1.00000  
 77  5.3667   7436.153187  x:  4.94486   0.11416   0.06218   0.44773   0.63269   0.86632   0.57356   0.89374   0.04610   0.10957   0.25044   0.80758   0.67052   0.00000   0.31057   0.79702   1.05821   1.08487   1.31466   1.04451   0.47247   0.40911   0.51520   0.20837   1.51250   0.46182   0.19528   0.04610   0.26903   0.10461   0.20897   0.20773   0.11805   1.43394   0.07532   2.01695   0.92960   1.88742  -2.76898  -3.46867   0.08081   1.00000  
 78  3.2453   7436.119735  x:  4.90933   0.11291   0.06135   0.44819   0.64424   0.85310   0.57407   0.89398   0.04539   0.10918   0.24979   0.80564   0.67389   0.00000   0.32490   0.80416   1.04382   1.09267   1.28394   1.04963   0.46629   0.40901   0.51539   0.21437   1.50228   0.45364   0.19513   0.04568   0.26871   0.10399   0.20861   0.20769   0.11644   1.42815   0.07500   2.02620   0.92941   1.89022  -2.77218  -3.46976   0.08069   1.00000  
 79  2.1799   7436.112208  x:  4.90082   0.11524   0.06135   0.44557   0.64180   0.85665   0.57298   0.89310   0.04564   0.10915   0.24972   0.80933   0.67474   0.00000   0.33215   0.80063   1.04446   1.09976   1.27743   1.04815   0.47183   0.40515   0.52067   0.21582   1.50183   0.45261   0.19555   0.04608   0.26868   0.10400   0.20892   0.20784   0.11573   1.42777   0.07499   2.03297   0.92972   1.88822  -2.77527  -3.46877   0.08067   1.00000  
 80  0.6719   7436.098469  x:  4.88659   0.11450   0.06185   0.44980   0.64323   0.86800   0.57647   0.89533   0.04630   0.11007   0.25114   0.81261   0.67517   0.00000   0.34273   0.78444   1.04647   1.10930   1.26942   1.04555   0.46937   0.41024   0.51843   0.21413   1.50327   0.45799   0.19642   0.04606   0.26938   0.10401   0.20955   0.20854   0.11769   1.42875   0.07511   2.04452   0.93204   1.88987  -2.78341  -3.46563   0.08061   1.01152  
 81  0.8538   7436.081260  x:  4.87191   0.11486   0.06184   0.45079   0.64308   0.86440   0.57295   0.89713   0.04689   0.10983   0.25032   0.80516   0.67942   0.00000   0.34956   0.76512   1.04599   1.10435   1.26844   1.05756   0.47162   0.40996   0.51880   0.21626   1.51026   0.45439   0.19745   0.04680   0.26911   0.10386   0.20980   0.20860   0.12026   1.43415   0.07519   2.04942   0.93406   1.89433  -2.78803  -3.46894   0.08055   1.04140  
 82  0.7395   7436.051745  x:  4.84962   0.11517   0.06192   0.45305   0.64523   0.84781   0.57625   0.90020   0.04874   0.11041   0.25155   0.81455   0.67257   0.00000   0.35425   0.76709   1.04753   1.08863   1.26721   1.05257   0.47095   0.41002   0.52080   0.21687   1.51360   0.45671   0.20071   0.04693   0.26864   0.10379   0.21048   0.20896   0.12447   1.43555   0.07605   2.03528   0.92468   1.88533  -2.79847  -3.47442   0.08043   1.11092  
 83  1.0462   7436.030777  x:  4.83425   0.11666   0.06277   0.45367   0.64180   0.85170   0.57638   0.89332   0.04949   0.11075   0.25035   0.80950   0.67959   0.00000   0.34797   0.78235   1.04713   1.08561   1.26380   1.04453   0.47294   0.41027   0.52064   0.21703   1.50908   0.45817   0.20268   0.04710   0.26812   0.10367   0.21093   0.20891   0.12597   1.43201   0.07674   2.01714   0.92592   1.89590  -2.80427  -3.48113   0.08034   1.16716  
 84  1.7631   7436.024257  x:  4.82925   0.11660   0.06282   0.45327   0.64116   0.85964   0.57702   0.89227   0.04975   0.11023   0.25256   0.80672   0.67776   0.00000   0.34414   0.78649   1.04124   1.08709   1.26429   1.05052   0.47317   0.41070   0.52033   0.21907   1.50449   0.45694   0.20367   0.04693   0.26800   0.10382   0.21117   0.20909   0.12611   1.42782   0.07670   2.00921   0.92811   1.88976  -2.80725  -3.48298   0.08031   1.18865  
 85  1.0488   7436.021352  x:  4.82678   0.11660   0.06319   0.45143   0.64206   0.86085   0.57382   0.89393   0.04999   0.11028   0.25115   0.81115   0.67701   0.00000   0.34381   0.78631   1.03604   1.09004   1.26712   1.05393   0.47295   0.41012   0.52030   0.21768   1.50279   0.45900   0.20393   0.04661   0.26791   0.10387   0.21118   0.20908   0.12573   1.42543   0.07664   2.00585   0.92805   1.89233  -2.80853  -3.48518   0.08029   1.20336  
 86  0.5077   7436.013211  x:  4.82034   0.11730   0.06322   0.45021   0.64518   0.85795   0.57121   0.90162   0.04967   0.11041   0.25158   0.80682   0.67881   0.00000   0.34198   0.78377   1.02822   1.09984   1.27460   1.04691   0.47434   0.41101   0.52052   0.22039   1.50520   0.45799   0.20399   0.04640   0.26795   0.10397   0.21156   0.20911   0.12359   1.42405   0.07585   2.00429   0.92646   1.89112  -2.81470  -3.49230   0.08023   1.25798  
 87  0.5891   7435.984470  x:  4.79986   0.11715   0.06380   0.45837   0.63947   0.85637   0.57817   0.88971   0.04841   0.10958   0.24799   0.81118   0.68729   0.00000   0.34318   0.78054   1.03318   1.09688   1.27275   1.05179   0.47488   0.41252   0.52020   0.22182   1.51210   0.46179   0.20389   0.04442   0.26826   0.10437   0.21279   0.20932   0.11639   1.42898   0.07193   2.00945   0.92657   1.88689  -2.83918  -3.51953   0.08000   1.46781  
 88  1.4976   7435.977335  x:  4.79691   0.11903   0.06429   0.45627   0.63990   0.86023   0.58111   0.89391   0.04823   0.10919   0.25123   0.81036   0.68100   0.00000   0.34306   0.78130   1.03715   1.09080   1.27125   1.05299   0.47572   0.41150   0.52172   0.22335   1.51056   0.46119   0.20365   0.04432   0.26825   0.10451   0.21303   0.20928   0.11344   1.42949   0.07097   2.01374   0.92554   1.89252  -2.84515  -3.52716   0.07993   1.52256  
 89  2.4460   7435.971923  x:  4.79887   0.11849   0.06412   0.45245   0.64411   0.86553   0.57452   0.89887   0.04818   0.10924   0.25015   0.81062   0.68449   0.00000   0.34230   0.78287   1.04143   1.08194   1.27111   1.05164   0.47577   0.41252   0.52122   0.22360   1.50478   0.46173   0.20302   0.04457   0.26829   0.10444   0.21307   0.20930   0.11469   1.42796   0.07004   2.02046   0.92496   1.89042  -2.85012  -3.53369   0.07989   1.56846  
 90  1.2295   7435.952478  x:  4.83722   0.11907   0.06310   0.45951   0.63874   0.85826   0.58060   0.89664   0.04746   0.10946   0.25137   0.81233   0.68398   0.00000   0.33804   0.78555   1.04382   1.08720   1.28180   1.05517   0.47661   0.41346   0.52256   0.22359   1.49656   0.46206   0.20033   0.04703   0.26915   0.10411   0.21304   0.20960   0.11987   1.41389   0.06698   2.03223   0.92899   1.89241  -2.87609  -3.55842   0.07970   1.76805  
 91  0.6258   7435.925049  x:  4.89419   0.11675   0.06172   0.44949   0.64860   0.86563   0.58118   0.89240   0.04640   0.10883   0.25235   0.81261   0.68113   0.00000   0.34586   0.78397   1.04251   1.09587   1.27105   1.05415   0.47432   0.41207   0.52277   0.22151   1.51130   0.46063   0.19836   0.04870   0.26979   0.10385   0.21255   0.20966   0.12369   1.42853   0.06336   2.01491   0.93028   1.89175  -2.91242  -3.59606   0.07943   2.05924  
 92  2.8970   7435.921543  x:  4.90077   0.11642   0.06147   0.45537   0.64223   0.86620   0.57608   0.89923   0.04617   0.10880   0.25239   0.81263   0.68081   0.00000   0.34668   0.78520   1.04445   1.09785   1.26689   1.05530   0.47315   0.41189   0.52254   0.22159   1.51188   0.46014   0.19835   0.04868   0.26980   0.10384   0.21243   0.20965   0.12373   1.43197   0.06319   2.01189   0.92966   1.89145  -2.91776  -3.60098   0.07939   2.10023  
 93  0.9749   7435.888268  x:  4.95236   0.11755   0.06169   0.45347   0.64362   0.86631   0.57679   0.89578   0.04793   0.10978   0.25162   0.81179   0.67825   0.00000   0.34311   0.79109   1.04558   1.09772   1.27725   1.05350   0.47141   0.40977   0.52176   0.21959   1.50663   0.45817   0.20033   0.04714   0.26904   0.10388   0.20976   0.20875   0.12195   1.44572   0.06651   2.03587   0.93146   1.89204  -2.97937  -3.65792   0.07893   2.58495  
 94  0.5512   7435.885461  x:  4.95596   0.11783   0.06200   0.45294   0.64410   0.86700   0.57551   0.89706   0.04799   0.10963   0.25155   0.81152   0.67817   0.00000   0.34280   0.79263   1.04696   1.09624   1.27558   1.05378   0.47148   0.40975   0.52135   0.21868   1.51584   0.45822   0.20065   0.04686   0.26900   0.10391   0.20967   0.20870   0.12215   1.43638   0.06658   2.03753   0.93317   1.89186  -2.98612  -3.66424   0.07888   2.63487  
 95  1.0634   7435.871995  x:  4.96806   0.11781   0.06303   0.45416   0.64343   0.86506   0.57577   0.89753   0.04869   0.10999   0.25050   0.81132   0.67906   0.00000   0.34063   0.79393   1.04532   1.09443   1.27982   1.05309   0.47245   0.40989   0.52131   0.21965   1.51478   0.45923   0.20331   0.04597   0.26857   0.10437   0.21105   0.20897   0.12270   1.43639   0.06233   2.03964   0.93494   1.89176  -3.04853  -3.72442   0.07844   3.05763  
 96  0.5290   7435.865026  x:  4.98313   0.11660   0.06343   0.45411   0.64409   0.86587   0.57763   0.89912   0.04733   0.10964   0.25029   0.81259   0.68097   0.00000   0.34081   0.79233   1.04643   1.09590   1.27883   1.05451   0.47378   0.41055   0.52168   0.22082   1.51466   0.46021   0.20194   0.04713   0.26893   0.10386   0.21289   0.20930   0.12291   1.43617   0.06303   2.03329   0.93268   1.89142  -3.10119  -3.77904   0.07817   3.43491  
 97  0.2862   7435.859813  x:  5.00168   0.11753   0.06087   0.45469   0.64401   0.86765   0.57696   0.89878   0.04899   0.10913   0.25195   0.81307   0.68098   0.00000   0.33992   0.79401   1.04699   1.09769   1.28059   1.05500   0.47334   0.41112   0.52225   0.22160   1.51574   0.46049   0.20176   0.04640   0.26873   0.10463   0.21103   0.20960   0.12349   1.43818   0.06225   2.03691   0.93315   1.89221  -3.17382  -3.85224   0.07803   3.91407  
 98  0.2175   7435.846877  x:  5.00783   0.11737   0.06562   0.45542   0.64360   0.86817   0.57556   0.89755   0.04752   0.11007   0.25010   0.81163   0.67815   0.00000   0.34252   0.79611   1.04634   1.09680   1.28215   1.05414   0.47201   0.40979   0.52201   0.21949   1.51593   0.45817   0.20182   0.04673   0.27050   0.10498   0.21013   0.20885   0.12359   1.44161   0.06121   2.04500   0.93471   1.89190  -3.37320  -4.04804   0.07814   5.12896  
 99  0.3376   7435.826166  x:  4.94906   0.11857   0.06076   0.45376   0.64346   0.86502   0.57664   0.89793   0.04702   0.10969   0.25079   0.81156   0.68025   0.00000   0.34228   0.79203   1.04517   1.09424   1.27821   1.05333   0.47156   0.40999   0.52153   0.21884   1.51300   0.46020   0.20418   0.04711   0.26782   0.10340   0.21312   0.20879   0.12080   1.43584   0.05955   2.03524   0.93631   1.89154  -3.69756  -4.37489   0.07868   7.03882  
100  0.7850   7435.816645  x:  4.91753   0.11756   0.06244   0.45390   0.64341   0.86347   0.57685   0.89763   0.04838   0.10966   0.25087   0.81186   0.67986   0.00000   0.34182   0.78882   1.04406   1.09459   1.27410   1.05335   0.47352   0.41046   0.52163   0.22167   1.51162   0.46012   0.20127   0.04643   0.26839   0.10358   0.21199   0.20936   0.12322   1.43307   0.05837   2.02560   0.93492   1.89155  -3.94003  -4.61994   0.07900   8.48201  
101  1.2288   7435.811724  x:  4.91817   0.11787   0.06266   0.45534   0.64271   0.86509   0.57598   0.89701   0.04789   0.11019   0.25047   0.81140   0.67974   0.00000   0.34438   0.78848   1.04230   1.09408   1.27518   1.05296   0.47214   0.41033   0.52203   0.22052   1.51196   0.45924   0.20182   0.04721   0.26942   0.10505   0.21075   0.20917   0.12136   1.43430   0.05819   2.02842   0.93474   1.89149  -4.29719  -4.97548   0.07915  10.65432  
102  0.9259   7435.805387  x:  4.92367   0.11857   0.06249   0.45422   0.64316   0.86452   0.57572   0.89680   0.04666   0.11006   0.25153   0.81144   0.67848   0.00000   0.34250   0.79037   1.04428   1.09486   1.27630   1.05314   0.47268   0.41007   0.52177   0.22084   1.51196   0.45933   0.20248   0.04576   0.26891   0.10341   0.21213   0.20907   0.12368   1.43498   0.05753   2.03085   0.93631   1.89187  -4.97066  -5.64983   0.07895  14.82023  
103  1.3328   7435.800993  x:  4.93819   0.11773   0.06232   0.45421   0.64362   0.86434   0.57708   0.89816   0.04907   0.10961   0.24993   0.81174   0.68021   0.00000   0.34238   0.79034   1.04472   1.09476   1.27576   1.05361   0.47252   0.41036   0.52177   0.22072   1.51263   0.46019   0.20147   0.04724   0.26842   0.10361   0.21190   0.20908   0.12186   1.43450   0.05765   2.02890   0.93581   1.89127  -5.71980  -6.39884   0.07878  19.43870  
104  2.5880   7435.797931  x:  4.93888   0.11753   0.06243   0.45486   0.64295   0.86538   0.57636   0.89742   0.04729   0.10995   0.25129   0.81217   0.67990   0.00000   0.34221   0.79008   1.04359   1.09500   1.27630   1.05352   0.47315   0.41031   0.52194   0.22138   1.51307   0.45972   0.20189   0.04662   0.26896   0.10494   0.21120   0.20950   0.12290   1.43533   0.05746   2.03144   0.93490   1.89191  -6.80334  -7.48145   0.07884  26.08534  
105  2.9603   7435.795309  x:  4.93147   0.11860   0.06243   0.45484   0.64329   0.86488   0.57620   0.89741   0.04791   0.11005   0.25044   0.81146   0.67924   0.00000   0.34354   0.78972   1.04429   1.09473   1.27638   1.05312   0.47204   0.41001   0.52192   0.22056   1.51206   0.45939   0.20202   0.04658   0.26924   0.10359   0.21169   0.20888   0.12212   1.43478   0.05661   2.02956   0.93701   1.89138  -9.02249  -9.70206   0.07890  39.70094  
106  4.8853   7435.793602  x:  4.92657   0.11796   0.06242   0.45423   0.64330   0.86426   0.57643   0.89748   0.04819   0.10980   0.25049   0.81149   0.67946   0.00000   0.34263   0.79010   1.04413   1.09462   1.27548   1.05340   0.47253   0.41035   0.52183   0.22079   1.51227   0.45985   0.20179   0.04675   0.26855   0.10364   0.21194   0.20912   0.12244   1.43450   0.05760   2.02896   0.93570   1.89156  -12.13409  -12.81301   0.07893  58.78953  
107 10.3443   7435.792227  x:  4.93130   0.11723   0.06235   0.45409   0.64322   0.86434   0.57686   0.89774   0.04806   0.10962   0.25068   0.81197   0.68014   0.00000   0.34159   0.79057   1.04383   1.09473   1.27527   1.05381   0.47319   0.41054   0.52182   0.22131   1.51303   0.46035   0.20155   0.04705   0.26806   0.10430   0.21179   0.20950   0.12269   1.43472   0.05684   2.03016   0.93496   1.89177  -19.42221  -20.10022   0.07888  103.52550  
108 37.3825   7435.792177  x:  4.93226   0.11710   0.06234   0.45407   0.64321   0.86437   0.57695   0.89779   0.04803   0.10959   0.25072   0.81206   0.68027   0.00000   0.34141   0.79064   1.04378   1.09476   1.27523   1.05387   0.47331   0.41057   0.52182   0.22140   1.51316   0.46044   0.20151   0.04710   0.26799   0.10442   0.21176   0.20957   0.12273   1.43476   0.05669   2.03037   0.93484   1.89180  -21.71258  -22.39043   0.07887  117.58365  
109 873.9667   7435.792177  x:  4.93226   0.11710   0.06234   0.45407   0.64321   0.86437   0.57695   0.89779   0.04803   0.10959   0.25072   0.81206   0.68027   0.00000   0.34141   0.79064   1.04378   1.09476   1.27523   1.05387   0.47331   0.41057   0.52182   0.22140   1.51316   0.46044   0.20151   0.04710   0.26799   0.10442   0.21176   0.20957   0.12273   1.43476   0.05669   2.03037   0.93484   1.89180  -21.71258  -22.39043   0.07887  117.58365  
110 243.9817   7435.791756  x:  4.94215   0.11777   0.06238   0.45463   0.64373   0.86557   0.57745   0.89798   0.04790   0.10988   0.25099   0.81265   0.68033   0.00000   0.34255   0.79086   1.04487   1.09578   1.27668   1.05425   0.47313   0.41070   0.52214   0.22146   1.51417   0.46035   0.20186   0.04691   0.26877   0.10439   0.21176   0.20952   0.12270   1.43570   0.05678   2.03256   0.93639   1.89249  -22.03156  -22.70811   0.07885  119.54837  
111  2.0364   7435.791687  x:  4.94295   0.11803   0.06240   0.45477   0.64379   0.86578   0.57737   0.89789   0.04788   0.10999   0.25098   0.81260   0.68011   0.00000   0.34301   0.79078   1.04508   1.09593   1.27696   1.05417   0.47289   0.41066   0.52220   0.22134   1.51414   0.46015   0.20197   0.04680   0.26901   0.10423   0.21177   0.20941   0.12267   1.43583   0.05684   2.03277   0.93683   1.89254  -22.06879  -22.74546   0.07884  119.78237  
112  0.2670   7435.791614  x:  4.94005   0.11820   0.06242   0.45483   0.64359   0.86557   0.57693   0.89768   0.04785   0.11004   0.25086   0.81223   0.67977   0.00000   0.34323   0.79040   1.04481   1.09559   1.27680   1.05379   0.47260   0.41043   0.52211   0.22109   1.51347   0.45983   0.20201   0.04669   0.26913   0.10407   0.21170   0.20924   0.12256   1.43555   0.05690   2.03187   0.93681   1.89219  -21.95867  -22.63634   0.07885  119.11153  
113  1.4195   7435.791605  x:  4.94032   0.11813   0.06241   0.45478   0.64363   0.86557   0.57704   0.89775   0.04787   0.11001   0.25088   0.81231   0.67987   0.00000   0.34310   0.79052   1.04485   1.09564   1.27680   1.05390   0.47270   0.41050   0.52212   0.22116   1.51363   0.45995   0.20198   0.04673   0.26906   0.10411   0.21173   0.20929   0.12259   1.43559   0.05689   2.03200   0.93675   1.89226  -21.97753  -22.65493   0.07885  119.22641  
114  0.1901   7435.791587  x:  4.93937   0.11801   0.06240   0.45469   0.64362   0.86541   0.57708   0.89780   0.04791   0.10994   0.25086   0.81231   0.67997   0.00000   0.34285   0.79059   1.04475   1.09553   1.27665   1.05395   0.47282   0.41053   0.52210   0.22121   1.51362   0.46006   0.20192   0.04679   0.26892   0.10415   0.21175   0.20934   0.12259   1.43550   0.05687   2.03180   0.93653   1.89222  -21.95411  -22.63144   0.07886  119.08248  
115  0.1736   7435.791521  x:  4.93495   0.11797   0.06240   0.45464   0.64331   0.86497   0.57663   0.89760   0.04788   0.10990   0.25073   0.81192   0.67975   0.00000   0.34276   0.79011   1.04421   1.09499   1.27612   1.05351   0.47266   0.41029   0.52193   0.22101   1.51279   0.45982   0.20187   0.04675   0.26885   0.10411   0.21164   0.20922   0.12249   1.43499   0.05689   2.03047   0.93611   1.89175  -21.78577  -22.46428   0.07887  118.07070  
116  0.1299   7435.791520  x:  4.93449   0.11797   0.06240   0.45464   0.64326   0.86491   0.57652   0.89757   0.04787   0.10990   0.25070   0.81184   0.67970   0.00000   0.34269   0.79011   1.04413   1.09489   1.27613   1.05347   0.47264   0.41026   0.52191   0.22099   1.51270   0.45979   0.20185   0.04674   0.26885   0.10409   0.21163   0.20921   0.12247   1.43496   0.05688   2.03032   0.93603   1.89167  -21.75997  -22.43862   0.07887  117.91632  
117  0.1566   7435.791520  x:  4.93453   0.11797   0.06240   0.45464   0.64326   0.86491   0.57652   0.89758   0.04787   0.10990   0.25070   0.81184   0.67971   0.00000   0.34269   0.79011   1.04414   1.09489   1.27613   1.05347   0.47264   0.41026   0.52191   0.22099   1.51269   0.45979   0.20185   0.04674   0.26885   0.10409   0.21163   0.20921   0.12247   1.43496   0.05687   2.03032   0.93604   1.89167  -21.76012  -22.43878   0.07887  117.91827  
118  0.0011   7435.791519  x:  4.93462   0.11797   0.06239   0.45464   0.64326   0.86492   0.57652   0.89757   0.04787   0.10990   0.25070   0.81185   0.67971   0.00000   0.34269   0.79012   1.04413   1.09490   1.27614   1.05347   0.47264   0.41026   0.52192   0.22099   1.51271   0.45979   0.20185   0.04674   0.26886   0.10409   0.21163   0.20921   0.12247   1.43497   0.05687   2.03035   0.93603   1.89167  -21.76281  -22.44146   0.07887  117.94106  
119  0.0029   7435.791518  x:  4.93511   0.11794   0.06239   0.45466   0.64323   0.86497   0.57651   0.89756   0.04787   0.10991   0.25071   0.81187   0.67970   0.00000   0.34268   0.79016   1.04412   1.09491   1.27621   1.05349   0.47265   0.41029   0.52193   0.22103   1.51279   0.45979   0.20185   0.04675   0.26889   0.10410   0.21163   0.20924   0.12248   1.43503   0.05686   2.03053   0.93602   1.89170  -21.78545  -22.46401   0.07886  118.17117  
120  0.0620   7435.791506  x:  4.93508   0.11794   0.06239   0.45466   0.64323   0.86497   0.57651   0.89756   0.04787   0.10991   0.25071   0.81187   0.67970   0.00000   0.34268   0.79016   1.04411   1.09491   1.27620   1.05349   0.47264   0.41028   0.52193   0.22103   1.51278   0.45979   0.20185   0.04675   0.26889   0.10410   0.21162   0.20924   0.12248   1.43503   0.05686   2.03052   0.93602   1.89170  -21.85212  -22.53069   0.07886  119.04046  
121  0.1093   7435.790442  x:  4.92794   0.11808   0.06241   0.45453   0.64306   0.86427   0.57616   0.89745   0.04785   0.10978   0.25060   0.81142   0.67952   0.00000   0.34262   0.78952   1.04364   1.09433   1.27530   1.05304   0.47251   0.40993   0.52172   0.22073   1.51164   0.45961   0.20178   0.04668   0.26862   0.10416   0.21160   0.20883   0.12240   1.43428   0.05646   2.02842   0.93585   1.89113  -48.57552  -49.25548   0.07890  466.60579  
122 59.5527   7435.790442  x:  4.92794   0.11808   0.06241   0.45453   0.64306   0.86427   0.57616   0.89745   0.04785   0.10978   0.25060   0.81142   0.67952   0.00000   0.34262   0.78952   1.04364   1.09433   1.27530   1.05304   0.47251   0.40993   0.52172   0.22073   1.51164   0.45961   0.20178   0.04668   0.26862   0.10416   0.21160   0.20883   0.12240   1.43428   0.05646   2.02842   0.93585   1.89113  -48.57549  -49.25545   0.07890  466.60543  
123 381.5341   7435.790442  x:  4.92794   0.11808   0.06241   0.45453   0.64306   0.86427   0.57616   0.89745   0.04785   0.10978   0.25060   0.81142   0.67952   0.00000   0.34262   0.78952   1.04364   1.09433   1.27530   1.05304   0.47251   0.40993   0.52172   0.22073   1.51164   0.45961   0.20178   0.04668   0.26862   0.10416   0.21160   0.20883   0.12240   1.43428   0.05646   2.02842   0.93585   1.89113  -48.57549  -49.25545   0.07890  466.60543  
124 280.8004   7435.790430  x:  4.92794   0.11807   0.06241   0.45453   0.64306   0.86427   0.57616   0.89744   0.04785   0.10978   0.25060   0.81142   0.67952   0.00000   0.34262   0.78952   1.04364   1.09433   1.27530   1.05304   0.47251   0.40993   0.52173   0.22073   1.51164   0.45961   0.20178   0.04668   0.26863   0.10416   0.21160   0.20885   0.12240   1.43428   0.05650   2.02842   0.93585   1.89113  -48.57549  -49.25545   0.07887  466.60543  
125  0.5129   7435.790365  x:  4.92794   0.11805   0.06239   0.45453   0.64305   0.86428   0.57616   0.89744   0.04786   0.10980   0.25060   0.81143   0.67952   0.00000   0.34263   0.78952   1.04364   1.09434   1.27530   1.05304   0.47251   0.40995   0.52173   0.22075   1.51165   0.45962   0.20180   0.04671   0.26866   0.10411   0.21159   0.20896   0.12240   1.43428   0.05679   2.02843   0.93585   1.89115  -48.57549  -49.25545   0.07889  466.60543  
126  1.0212   7435.790348  x:  4.92795   0.11800   0.06237   0.45452   0.64304   0.86430   0.57617   0.89742   0.04787   0.10983   0.25061   0.81144   0.67950   0.00000   0.34264   0.78954   1.04364   1.09434   1.27532   1.05305   0.47252   0.41001   0.52174   0.22080   1.51168   0.45963   0.20181   0.04673   0.26874   0.10403   0.21156   0.20918   0.12237   1.43428   0.05675   2.02846   0.93584   1.89122  -48.57552  -49.25542   0.07889  466.60543  
127  0.1286   7435.790340  x:  4.92798   0.11792   0.06236   0.45450   0.64303   0.86435   0.57620   0.89738   0.04786   0.10989   0.25062   0.81149   0.67948   0.00000   0.34269   0.78957   1.04366   1.09437   1.27535   1.05306   0.47251   0.41010   0.52176   0.22091   1.51175   0.45966   0.20177   0.04670   0.26882   0.10408   0.21151   0.20916   0.12235   1.43429   0.05676   2.02852   0.93583   1.89137  -48.57561  -49.25534   0.07889  466.60543  
128  0.0596   7435.790336  x:  4.92801   0.11790   0.06237   0.45451   0.64303   0.86440   0.57623   0.89735   0.04785   0.10991   0.25063   0.81153   0.67947   0.00000   0.34272   0.78961   1.04368   1.09440   1.27539   1.05307   0.47250   0.41015   0.52176   0.22097   1.51182   0.45967   0.20179   0.04676   0.26881   0.10407   0.21154   0.20914   0.12237   1.43430   0.05675   2.02858   0.93583   1.89146  -48.57566  -49.25528   0.07889  466.60543  
129  0.0893   7435.790333  x:  4.92804   0.11792   0.06238   0.45452   0.64303   0.86446   0.57627   0.89733   0.04785   0.10990   0.25063   0.81157   0.67946   0.00000   0.34276   0.78964   1.04370   1.09444   1.27543   1.05309   0.47249   0.41019   0.52177   0.22101   1.51190   0.45967   0.20179   0.04673   0.26877   0.10404   0.21159   0.20914   0.12241   1.43432   0.05675   2.02866   0.93583   1.89155  -48.57572  -49.25523   0.07889  466.60543  
130  0.0899   7435.790329  x:  4.92809   0.11796   0.06237   0.45455   0.64306   0.86455   0.57634   0.89732   0.04786   0.10988   0.25064   0.81163   0.67948   0.00000   0.34280   0.78970   1.04374   1.09449   1.27550   1.05313   0.47249   0.41019   0.52177   0.22101   1.51202   0.45965   0.20182   0.04672   0.26875   0.10410   0.21160   0.20918   0.12246   1.43437   0.05675   2.02879   0.93586   1.89163  -48.57577  -49.25518   0.07889  466.60543  
131  0.0764   7435.790325  x:  4.92818   0.11799   0.06237   0.45460   0.64309   0.86467   0.57642   0.89732   0.04787   0.10985   0.25065   0.81170   0.67952   0.00000   0.34285   0.78976   1.04379   1.09457   1.27559   1.05318   0.47250   0.41017   0.52179   0.22098   1.51217   0.45962   0.20184   0.04673   0.26879   0.10407   0.21154   0.20917   0.12249   1.43444   0.05675   2.02897   0.93589   1.89167  -48.57582  -49.25513   0.07888  466.60543  
132  0.0920   7435.790320  x:  4.92829   0.11797   0.06239   0.45464   0.64313   0.86478   0.57650   0.89733   0.04786   0.10987   0.25066   0.81175   0.67958   0.00000   0.34288   0.78983   1.04386   1.09466   1.27570   1.05326   0.47255   0.41014   0.52183   0.22093   1.51235   0.45962   0.20180   0.04674   0.26885   0.10407   0.21161   0.20917   0.12244   1.43453   0.05675   2.02921   0.93594   1.89164  -48.57587  -49.25508   0.07888  466.60543  
133  0.0724   7435.790317  x:  4.92842   0.11794   0.06240   0.45465   0.64314   0.86484   0.57651   0.89736   0.04785   0.10990   0.25064   0.81176   0.67962   0.00000   0.34285   0.78988   1.04391   1.09473   1.27579   1.05332   0.47259   0.41015   0.52187   0.22094   1.51250   0.45968   0.20183   0.04674   0.26879   0.10408   0.21158   0.20919   0.12238   1.43464   0.05676   2.02945   0.93598   1.89156  -48.57594  -49.25501   0.07888  466.60543  
134  0.0563   7435.790315  x:  4.92855   0.11798   0.06238   0.45464   0.64314   0.86485   0.57647   0.89740   0.04788   0.10990   0.25063   0.81174   0.67965   0.00000   0.34279   0.78990   1.04394   1.09478   1.27585   1.05336   0.47260   0.41018   0.52190   0.22096   1.51259   0.45975   0.20185   0.04673   0.26883   0.10408   0.21161   0.20919   0.12241   1.43474   0.05675   2.02965   0.93602   1.89150  -48.57601  -49.25495   0.07888  466.60543  
135  0.0473   7435.790314  x:  4.92864   0.11799   0.06239   0.45463   0.64315   0.86483   0.57645   0.89744   0.04784   0.10990   0.25064   0.81173   0.67965   0.00000   0.34275   0.78991   1.04396   1.09479   1.27588   1.05337   0.47259   0.41020   0.52189   0.22095   1.51260   0.45976   0.20182   0.04675   0.26883   0.10408   0.21160   0.20920   0.12244   1.43478   0.05675   2.02975   0.93603   1.89151  -48.57603  -49.25493   0.07888  466.60543  
136  0.0261   7435.790313  x:  4.92878   0.11798   0.06241   0.45463   0.64318   0.86480   0.57641   0.89750   0.04788   0.10991   0.25068   0.81174   0.67966   0.00000   0.34270   0.78992   1.04398   1.09479   1.27592   1.05338   0.47259   0.41022   0.52187   0.22094   1.51260   0.45975   0.20181   0.04675   0.26883   0.10409   0.21160   0.20920   0.12245   1.43484   0.05675   2.02988   0.93603   1.89154  -48.57603  -49.25493   0.07888  466.60543  
137  0.0412   7435.790312  x:  4.92892   0.11795   0.06239   0.45463   0.64320   0.86477   0.57639   0.89756   0.04787   0.10989   0.25070   0.81175   0.67965   0.00000   0.34266   0.78993   1.04399   1.09479   1.27596   1.05338   0.47258   0.41023   0.52185   0.22093   1.51259   0.45973   0.20184   0.04674   0.26883   0.10408   0.21161   0.20919   0.12244   1.43488   0.05675   2.02999   0.93603   1.89158  -48.57603  -49.25493   0.07888  466.60543  
138  0.0516   7435.790311  x:  4.92912   0.11796   0.06242   0.45463   0.64320   0.86475   0.57640   0.89759   0.04786   0.10988   0.25065   0.81175   0.67964   0.00000   0.34265   0.78996   1.04401   1.09478   1.27600   1.05338   0.47260   0.41021   0.52186   0.22097   1.51255   0.45973   0.20184   0.04673   0.26884   0.10408   0.21160   0.20919   0.12243   1.43490   0.05675   2.03009   0.93601   1.89160  -48.57601  -49.25495   0.07888  466.60543  
139  0.0194   7435.790310  x:  4.92940   0.11797   0.06238   0.45463   0.64320   0.86475   0.57640   0.89760   0.04787   0.10990   0.25062   0.81175   0.67963   0.00000   0.34266   0.79001   1.04403   1.09476   1.27605   1.05338   0.47261   0.41019   0.52188   0.22099   1.51250   0.45972   0.20182   0.04675   0.26882   0.10409   0.21160   0.20919   0.12242   1.43489   0.05675   2.03019   0.93598   1.89162  -48.57600  -49.25496   0.07888  466.60543  
140  0.0417   7435.790308  x:  4.92989   0.11800   0.06239   0.45462   0.64317   0.86476   0.57641   0.89756   0.04786   0.10996   0.25063   0.81176   0.67964   0.00000   0.34266   0.79006   1.04404   1.09471   1.27610   1.05336   0.47260   0.41017   0.52190   0.22099   1.51241   0.45969   0.20185   0.04673   0.26883   0.10408   0.21161   0.20919   0.12243   1.43487   0.05675   2.03031   0.93593   1.89160  -48.57602  -49.25495   0.07888  466.60543  
141  0.0413   7435.790307  x:  4.93051   0.11798   0.06240   0.45463   0.64316   0.86480   0.57643   0.89749   0.04788   0.10988   0.25066   0.81176   0.67966   0.00000   0.34264   0.79010   1.04404   1.09465   1.27614   1.05334   0.47258   0.41019   0.52192   0.22097   1.51235   0.45970   0.20184   0.04674   0.26883   0.10409   0.21161   0.20919   0.12243   1.43482   0.05676   2.03041   0.93590   1.89158  -48.57605  -49.25492   0.07888  466.60543  
142  0.0609   7435.790305  x:  4.93123   0.11796   0.06239   0.45467   0.64317   0.86485   0.57648   0.89744   0.04786   0.10988   0.25070   0.81177   0.67968   0.00000   0.34261   0.79013   1.04404   1.09463   1.27614   1.05334   0.47259   0.41024   0.52189   0.22098   1.51235   0.45977   0.20183   0.04674   0.26883   0.10409   0.21160   0.20919   0.12247   1.43479   0.05675   2.03045   0.93592   1.89156  -48.57601  -49.25497   0.07887  466.60543  
143  0.0552   7435.790302  x:  4.93228   0.11795   0.06239   0.45466   0.64316   0.86488   0.57652   0.89741   0.04787   0.10991   0.25066   0.81174   0.67964   0.00000   0.34254   0.79013   1.04404   1.09466   1.27609   1.05338   0.47260   0.41021   0.52179   0.22094   1.51243   0.45980   0.20183   0.04674   0.26883   0.10409   0.21161   0.20919   0.12247   1.43477   0.05675   2.03041   0.93599   1.89160  -48.57603  -49.25495   0.07887  466.60543  
144  0.0575   7435.790300  x:  4.93320   0.11798   0.06240   0.45461   0.64316   0.86487   0.57650   0.89745   0.04787   0.10990   0.25065   0.81175   0.67963   0.00000   0.34254   0.79012   1.04405   1.09472   1.27604   1.05342   0.47262   0.41025   0.52189   0.22092   1.51255   0.45976   0.20184   0.04674   0.26883   0.10409   0.21161   0.20919   0.12245   1.43479   0.05675   2.03032   0.93604   1.89163  -48.57603  -49.25496   0.07887  466.60543  
145  0.0600   7435.790298  x:  4.93371   0.11798   0.06239   0.45461   0.64319   0.86484   0.57646   0.89750   0.04787   0.10989   0.25070   0.81178   0.67967   0.00000   0.34259   0.79010   1.04405   1.09477   1.27604   1.05343   0.47261   0.41019   0.52190   0.22098   1.51262   0.45976   0.20184   0.04674   0.26883   0.10409   0.21161   0.20919   0.12244   1.43482   0.05675   2.03023   0.93604   1.89162  -48.57606  -49.25493   0.07887  466.60543  
146  0.0411   7435.790298  x:  4.93392   0.11797   0.06239   0.45464   0.64322   0.86484   0.57645   0.89755   0.04786   0.10989   0.25068   0.81179   0.67967   0.00000   0.34265   0.79010   1.04405   1.09481   1.27606   1.05342   0.47263   0.41022   0.52189   0.22098   1.51262   0.45975   0.20184   0.04674   0.26884   0.10409   0.21161   0.20920   0.12246   1.43486   0.05675   2.03017   0.93602   1.89159  -48.57608  -49.25491   0.07887  466.60543  
147  0.0164   7435.790298  x:  4.93395   0.11797   0.06239   0.45464   0.64321   0.86484   0.57646   0.89756   0.04787   0.10990   0.25068   0.81179   0.67968   0.00000   0.34267   0.79008   1.04405   1.09481   1.27607   1.05342   0.47261   0.41022   0.52190   0.22097   1.51261   0.45977   0.20184   0.04674   0.26884   0.10409   0.21161   0.20920   0.12245   1.43489   0.05675   2.03016   0.93602   1.89160  -48.57609  -49.25490   0.07887  466.60543  
148  0.0031   7435.790298  x:  4.93395   0.11797   0.06239   0.45464   0.64321   0.86485   0.57646   0.89755   0.04787   0.10990   0.25068   0.81179   0.67968   0.00000   0.34266   0.79007   1.04405   1.09481   1.27607   1.05342   0.47262   0.41022   0.52190   0.22097   1.51260   0.45977   0.20184   0.04674   0.26884   0.10409   0.21161   0.20920   0.12245   1.43491   0.05675   2.03016   0.93602   1.89160  -48.57609  -49.25490   0.07887  466.60543  
149  0.0015   7435.790298  x:  4.93396   0.11797   0.06239   0.45464   0.64321   0.86485   0.57646   0.89755   0.04787   0.10990   0.25068   0.81179   0.67968   0.00000   0.34267   0.79007   1.04405   1.09482   1.27607   1.05342   0.47262   0.41022   0.52190   0.22098   1.51260   0.45976   0.20184   0.04674   0.26884   0.10409   0.21161   0.20920   0.12245   1.43491   0.05675   2.03016   0.93602   1.89160  -48.57609  -49.25490   0.07887  466.60543  