

TREE # 1

  0  0.0000   9215.428032  x:  0.17444   0.02804   0.07307   0.00000   0.21220   0.15259   0.14764   0.15672   0.09176   0.01488   0.10164   0.09888   0.08304   0.02822   0.03654   0.11840   0.16638   0.13073   0.17006   0.12456   0.13600   0.08105   0.05011   0.02312   0.14692   0.15208   0.08109   0.04353   0.13235   0.02986   0.05286   0.04009   0.10565   0.11049   0.05181   0.16210   0.10351   2.00000   1.39835   0.16116   0.29812   1.40136  
  1 99.0000   8110.325226  x:  0.33781   0.14805   0.13390   0.28833   0.26327   0.21855   0.20649   0.22851   0.13389   0.10624   0.15853   0.22666   0.21320   0.09793   0.16471   0.18659   0.24285   0.24150   0.25559   0.23508   0.18585   0.17951   0.21758   0.13225   0.26922   0.19660   0.10883   0.05585   0.15024   0.08357   0.12633   0.14446   0.14689   0.24422   0.15018   0.28315   0.25571   1.99211   1.43140   0.12811   0.00000   1.40136  
  2 3477.5477   7952.631895  x:  0.52639   0.28654   0.20409   0.62105   0.32221   0.29469   0.27442   0.31137   0.18250   0.21166   0.22419   0.37414   0.36342   0.17838   0.31263   0.26530   0.33112   0.36936   0.35432   0.36264   0.24338   0.29314   0.41083   0.25819   0.41039   0.24798   0.14084   0.07005   0.17087   0.14554   0.21111   0.26490   0.19448   0.39857   0.26371   0.42288   0.43138   1.98301   1.46955   0.08996   0.00102   1.40136  
  3 17679.7332   7866.639584  x:  0.62837   0.26856   0.14919   0.61365   0.31800   0.31888   0.30583   0.36154   0.12333   0.15702   0.18793   0.39139   0.36639   0.13849   0.31826   0.29173   0.38114   0.43245   0.40157   0.38746   0.22408   0.26747   0.38792   0.22033   0.47842   0.24526   0.10175   0.00000   0.13853   0.06481   0.14188   0.18845   0.17714   0.43851   0.26687   0.49685   0.47880   1.98021   1.42447   0.13547   0.00101   1.40186  
  4 389.1871   7814.463283  x:  0.76661   0.23131   0.06163   0.59003   0.30892   0.34987   0.33970   0.42002   0.03161   0.07333   0.13665   0.41212   0.36733   0.07870   0.31834   0.31983   0.44058   0.50700   0.46059   0.42173   0.20526   0.23234   0.35013   0.15866   0.57133   0.24105   0.14056   0.11566   0.14397   0.02126   0.07693   0.09416   0.13969   0.49065   0.25835   0.59126   0.53297   1.97629   1.36581   0.19528   0.00099   1.40231  
  5 797.6999   7797.097316  x:  0.82570   0.20468   0.02660   0.56418   0.30349   0.36068   0.34859   0.43977   0.00000   0.04182   0.11967   0.41729   0.36514   0.05378   0.31135   0.32680   0.46138   0.53232   0.48241   0.43753   0.20836   0.21914   0.32725   0.13033   0.60860   0.23591   0.13715   0.11763   0.15776   0.07713   0.10216   0.09443   0.11406   0.51139   0.24316   0.62811   0.54726   1.97445   1.33893   0.22326   0.00099   1.40218  
  6 433.7451   7768.445852  x:  1.01136   0.09158   0.04701   0.42947   0.28992   0.38507   0.35049   0.47621   0.07302   0.06083   0.12603   0.42245   0.36492   0.02224   0.26933   0.32843   0.50437   0.58084   0.53546   0.50680   0.28902   0.21047   0.24446   0.08978   0.71941   0.23574   0.14610   0.14450   0.18194   0.04166   0.18260   0.17395   0.00000   0.57949   0.14466   0.72611   0.55354   1.96662   1.25768   0.31160   0.00097   1.39954  
  7 248.1463   7756.705476  x:  1.12728   0.07404   0.07144   0.29704   0.31236   0.39621   0.33094   0.47574   0.09516   0.09178   0.16756   0.42571   0.37507   0.04707   0.23826   0.31062   0.51107   0.57697   0.56149   0.55299   0.32898   0.26041   0.25817   0.11618   0.76614   0.26746   0.16000   0.14225   0.20272   0.09300   0.13502   0.13610   0.00518   0.65157   0.07809   0.78013   0.52996   1.95814   1.20950   0.36997   0.00095   1.39362  
  8 139.6027   7751.774372  x:  1.19405   0.10067   0.06390   0.20740   0.35534   0.40512   0.31670   0.46770   0.07440   0.07984   0.18278   0.42757   0.38279   0.04705   0.21839   0.29566   0.50584   0.55907   0.57214   0.56973   0.33865   0.28619   0.28119   0.13103   0.77593   0.28153   0.16619   0.14832   0.19868   0.07559   0.16285   0.16237   0.05701   0.69831   0.07949   0.81077   0.51615   1.95134   1.17843   0.41183   0.00094   1.38626  
  9 105.3029   7749.168310  x:  1.23855   0.06877   0.07671   0.18549   0.45727   0.42825   0.32418   0.46266   0.05934   0.07135   0.20202   0.43910   0.40447   0.05495   0.23060   0.30199   0.50027   0.53114   0.57791   0.57251   0.33795   0.28715   0.30836   0.13623   0.74849   0.27729   0.15895   0.15537   0.19769   0.07351   0.16929   0.16553   0.03194   0.71749   0.11070   0.82149   0.50390   1.94661   1.15189   0.45829   0.00094   1.37117  
 10 39.5836   7747.935108  x:  1.26570   0.09571   0.08455   0.17640   0.49728   0.44369   0.34126   0.47264   0.07780   0.08358   0.20068   0.43929   0.41056   0.05257   0.24678   0.32652   0.51081   0.53303   0.58070   0.57070   0.34213   0.26560   0.29344   0.13909   0.73006   0.27565   0.16584   0.15615   0.21151   0.08257   0.16565   0.16604   0.03370   0.72490   0.13400   0.82606   0.50243   1.94376   1.14437   0.48696   0.00094   1.35465  
 11 25.1758   7745.206551  x:  1.30350   0.12540   0.04804   0.18864   0.50122   0.46669   0.36933   0.49420   0.09432   0.08850   0.19259   0.46115   0.42652   0.04090   0.28889   0.38800   0.54722   0.56720   0.58102   0.57047   0.36172   0.31076   0.34337   0.16515   0.70096   0.29760   0.19485   0.15313   0.20881   0.08270   0.17638   0.17806   0.00000   0.73231   0.13363   0.81923   0.50911   1.94538   1.13976   0.56681   0.00093   1.29438  
 12 19.0290   7738.692604  x:  1.38362   0.14427   0.11734   0.33078   0.42407   0.47985   0.36154   0.50291   0.06742   0.06500   0.21684   0.54657   0.48681   0.08389   0.35020   0.42606   0.57802   0.62341   0.58633   0.62865   0.36688   0.33435   0.39592   0.22271   0.73929   0.32784   0.17157   0.18569   0.21237   0.09036   0.21690   0.18611   0.01080   0.78920   0.15586   0.83051   0.61545   1.95823   1.11274   0.82466   0.00090   1.10641  
 13 35.0302   7735.285364  x:  1.39668   0.12309   0.07692   0.40899   0.42431   0.48570   0.38708   0.53262   0.04717   0.10585   0.25647   0.57058   0.51553   0.08708   0.35141   0.39804   0.56516   0.63467   0.60153   0.66370   0.38522   0.34145   0.42311   0.21548   0.80559   0.31645   0.17570   0.18655   0.24514   0.08843   0.18815   0.23432   0.03595   0.83158   0.17014   0.86454   0.66255   1.96814   1.15085   0.91103   0.00088   1.00000  
 14 45.4955   7734.167036  x:  1.38599   0.12820   0.07462   0.45181   0.45464   0.48652   0.39882   0.54381   0.05444   0.11388   0.24405   0.55348   0.51584   0.07472   0.34595   0.37099   0.55602   0.63826   0.62501   0.67790   0.39401   0.34497   0.43279   0.22386   0.85124   0.31159   0.19404   0.18209   0.22920   0.08932   0.21549   0.20876   0.03829   0.85923   0.15653   0.89392   0.65825   1.97381   1.18043   0.93995   0.00088   1.00000  
 15 23.1422   7733.656251  x:  1.37044   0.14262   0.07446   0.47080   0.46684   0.47690   0.38878   0.53479   0.05421   0.11141   0.21775   0.53865   0.51624   0.07819   0.35594   0.35979   0.56282   0.64237   0.65223   0.68434   0.39049   0.34695   0.43834   0.23321   0.86981   0.29891   0.19328   0.18296   0.23236   0.09079   0.20204   0.22689   0.02591   0.87843   0.14717   0.91750   0.63894   1.97891   1.19068   0.97467   0.00088   1.00000  
 16 13.4594   7733.161793  x:  1.35123   0.14179   0.05979   0.46216   0.46061   0.46543   0.38711   0.53369   0.05346   0.12659   0.21040   0.54523   0.52995   0.09793   0.36978   0.35514   0.58288   0.64643   0.67856   0.68597   0.38492   0.34647   0.43635   0.24111   0.87588   0.29066   0.18103   0.18749   0.24248   0.08575   0.21653   0.21567   0.01678   0.89952   0.16076   0.94420   0.62102   1.98062   1.22295   1.01508   0.00088   1.00000  
 17  9.4044   7731.820548  x:  1.32541   0.11911   0.07926   0.43942   0.43925   0.46614   0.41459   0.56149   0.06103   0.12710   0.19165   0.57788   0.55566   0.08254   0.36641   0.33847   0.61710   0.65335   0.70210   0.66402   0.37881   0.34710   0.43138   0.26063   0.88103   0.30943   0.19145   0.18986   0.21680   0.09976   0.20736   0.22849   0.01230   0.95052   0.19947   0.99586   0.60758   1.97856   1.32980   1.15342   0.00087   1.00000  
 18 13.9044   7726.960122  x:  1.34912   0.13294   0.10351   0.45397   0.42527   0.53942   0.42970   0.59763   0.07789   0.11794   0.19343   0.64410   0.54754   0.02818   0.33630   0.32977   0.65815   0.67812   0.70372   0.65496   0.40019   0.38198   0.44851   0.21242   0.88600   0.32186   0.20146   0.16799   0.30816   0.08535   0.22056   0.20137   0.00296   1.05784   0.19986   1.07996   0.62272   1.97553   1.71715   1.71976   0.00086   1.00000  
 19 31.7118   7723.189361  x:  1.37856   0.13766   0.10118   0.45170   0.42950   0.56679   0.43085   0.60657   0.07495   0.11435   0.20302   0.65531   0.53587   0.04585   0.33855   0.34407   0.67193   0.69141   0.71021   0.67332   0.40371   0.38193   0.44365   0.18931   0.89681   0.33261   0.21107   0.16410   0.29633   0.08705   0.22104   0.20343   0.00000   1.08311   0.18942   1.10296   0.63646   1.97460   1.89843   1.94250   0.00086   1.00000  
 20 142.0450   7723.189361  x:  1.37856   0.13766   0.10118   0.45170   0.42950   0.56679   0.43085   0.60657   0.07495   0.11435   0.20302   0.65531   0.53587   0.04585   0.33855   0.34407   0.67193   0.69141   0.71021   0.67332   0.40371   0.38193   0.44365   0.18931   0.89681   0.33261   0.21107   0.16410   0.29633   0.08705   0.22104   0.20343   0.00000   1.08311   0.18942   1.10296   0.63646   1.97460   1.89843   1.94250   0.00086   1.00000  
 21 145.3501   7581.647273  x:  1.37865   0.13765   0.10112   0.45167   0.42952   0.56679   0.43087   0.60660   0.07489   0.11432   0.20301   0.65530   0.53586   0.04586   0.33858   0.34411   0.67196   0.69146   0.71026   0.67335   0.40368   0.38189   0.44362   0.18929   0.89686   0.33261   0.21096   0.16387   0.29622   0.08699   0.22096   0.20338   0.00001   1.08311   0.18942   1.10299   0.63650   1.97459   1.89843   1.94250   0.07175   1.00000  
 22 24209.5438   7511.744926  x:  1.52235   0.22697   0.12040   0.48234   0.51870   0.63482   0.52567   0.70583   0.10775   0.16642   0.26765   0.70711   0.59851   0.15412   0.43183   0.46669   0.76914   0.80487   0.81939   0.77423   0.44528   0.41261   0.48422   0.24071   1.01160   0.40887   0.17304   0.00000   0.26563   0.10801   0.21239   0.22733   0.72891   1.13416   0.26919   1.19188   0.74757   1.92311   2.23170   1.61432   0.08379   1.00000  
 23 324.3544   7506.009818  x:  1.54922   0.23537   0.11911   0.48539   0.53209   0.64650   0.54044   0.72197   0.10751   0.16802   0.27419   0.71522   0.60731   0.16401   0.44475   0.48642   0.78552   0.82434   0.83785   0.78997   0.45048   0.41590   0.48935   0.24440   1.03205   0.41920   0.17736   0.08255   0.26154   0.11164   0.20932   0.22740   0.81851   1.14105   0.27839   1.20825   0.76522   1.91443   2.28408   1.56307   0.08552   1.00000  
 24 542.2806   7485.902283  x:  1.71040   0.17581   0.04347   0.46114   0.56104   0.69939   0.58007   0.77988   0.01559   0.05942   0.23176   0.74076   0.61466   0.07373   0.45386   0.55687   0.85408   0.91268   0.91815   0.83773   0.44528   0.39751   0.48278   0.18276   1.13379   0.40363   0.16705   0.07670   0.23138   0.05349   0.16652   0.16274   0.74346   1.14528   0.25704   1.30377   0.82705   1.87377   2.42087   1.43610   0.08588   1.00000  
 25 91.1762   7477.708861  x:  1.83634   0.12637   0.03671   0.44335   0.57965   0.73162   0.59577   0.81163   0.04432   0.01926   0.21419   0.75379   0.61980   0.01563   0.45391   0.60200   0.89753   0.96822   0.97087   0.87397   0.44744   0.38164   0.47317   0.15866   1.20702   0.39602   0.17123   0.06660   0.23350   0.13737   0.18316   0.17800   0.66357   1.14548   0.23130   1.37249   0.86446   1.84875   2.50926   1.35605   0.08627   1.00000  
 26 167.0818   7471.674134  x:  1.99264   0.07451   0.09763   0.41763   0.59608   0.75806   0.59399   0.83230   0.08989   0.10268   0.22207   0.76108   0.62547   0.00239   0.44839   0.64539   0.93734   1.01726   1.02541   0.92086   0.45490   0.36426   0.45791   0.16261   1.28431   0.39774   0.16936   0.06225   0.22123   0.10241   0.19486   0.19484   0.57269   1.14408   0.19259   1.44950   0.89597   1.82920   2.57158   1.30495   0.08646   1.00000  
 27 108.3675   7471.055762  x:  2.00894   0.07379   0.09747   0.41348   0.59621   0.75874   0.59061   0.83152   0.08800   0.10519   0.22274   0.75998   0.62402   0.00000   0.44585   0.64769   0.93864   1.01881   1.02930   0.92398   0.45388   0.36365   0.45717   0.16390   1.28928   0.39773   0.16913   0.06233   0.22407   0.10330   0.19379   0.19631   0.57410   1.14433   0.18933   1.45630   0.89677   1.83036   2.56815   1.30970   0.08645   1.00000  
 28 43.6338   7467.598740  x:  2.21619   0.06643   0.08838   0.38821   0.61364   0.77241   0.55929   0.82720   0.10419   0.09158   0.23335   0.75682   0.61376   0.00000   0.41022   0.67031   0.94822   1.02434   1.07283   0.95875   0.45742   0.39039   0.47619   0.18359   1.33852   0.40622   0.17821   0.06406   0.16004   0.10586   0.24374   0.17406   0.59056   1.15551   0.16796   1.53947   0.89806   1.84861   2.51188   1.38538   0.08630   1.00000  
 29 78.7186   7465.262495  x:  2.38150   0.05909   0.08104   0.41167   0.65222   0.79555   0.56533   0.84231   0.14215   0.05355   0.25054   0.77724   0.62929   0.00000   0.38416   0.68284   0.95255   1.01392   1.10256   0.97954   0.48835   0.44225   0.51962   0.19259   1.35762   0.42058   0.20999   0.06196   0.20541   0.08080   0.26780   0.15586   0.58305   1.17885   0.18731   1.60322   0.89067   1.86094   2.47047   1.44681   0.08636   1.00000  
 30 50.4169   7462.756866  x:  2.56765   0.06100   0.06243   0.46659   0.70934   0.83186   0.60760   0.88098   0.14147   0.03628   0.27640   0.82273   0.67253   0.00000   0.36795   0.69640   0.96100   0.99362   1.13590   0.99745   0.53598   0.49534   0.56782   0.18064   1.35845   0.43989   0.20155   0.06297   0.19353   0.08713   0.23129   0.20994   0.55173   1.22225   0.24403   1.67402   0.87716   1.86964   2.41629   1.52962   0.08624   1.00000  
 31 54.7708   7461.590807  x:  2.65306   0.07391   0.06432   0.49693   0.73345   0.85060   0.64171   0.90780   0.11817   0.05591   0.28177   0.85070   0.70051   0.00000   0.37422   0.70603   0.97169   0.98531   1.15269   1.00605   0.55381   0.50103   0.57492   0.17458   1.35052   0.45537   0.19558   0.06238   0.19771   0.11952   0.22883   0.17537   0.53068   1.25391   0.28217   1.70662   0.86922   1.87018   2.38954   1.57455   0.08615   1.00000  
 32 44.1826   7460.746292  x:  2.71379   0.09063   0.07458   0.51587   0.73875   0.86302   0.67650   0.93242   0.08625   0.04892   0.26749   0.87346   0.72213   0.00000   0.39650   0.71862   0.99021   0.98460   1.16597   1.01376   0.55328   0.47634   0.55674   0.17888   1.33866   0.47351   0.20917   0.06097   0.20571   0.12127   0.27054   0.19013   0.51539   1.29255   0.31690   1.73069   0.86067   1.86918   2.37057   1.61469   0.08611   1.00000  
 33 26.9807   7460.226687  x:  2.74593   0.08707   0.06674   0.51871   0.71955   0.86438   0.69646   0.94299   0.11286   0.03663   0.25019   0.88514   0.73215   0.00000   0.43117   0.73257   1.01598   0.99490   1.17160   1.02377   0.54402   0.45019   0.53961   0.19761   1.33183   0.48518   0.21826   0.06052   0.20279   0.11869   0.25145   0.18549   0.50910   1.33645   0.33465   1.74602   0.85002   1.87225   2.36111   1.65111   0.08599   1.00000  
 34 12.4001   7459.849670  x:  2.76692   0.08018   0.03987   0.51676   0.69645   0.86179   0.70387   0.94393   0.12160   0.05019   0.24387   0.89094   0.73566   0.00000   0.46024   0.74036   1.03821   1.00599   1.17293   1.03163   0.53827   0.45461   0.54998   0.19906   1.32908   0.48296   0.21161   0.06100   0.20807   0.11632   0.26070   0.18895   0.50267   1.37729   0.33919   1.75886   0.83873   1.87751   2.36611   1.67563   0.08594   1.00000  
 35 12.4532   7459.088679  x:  2.81627   0.07989   0.06964   0.51382   0.64314   0.85371   0.70766   0.93621   0.11314   0.04696   0.23674   0.89659   0.73638   0.00000   0.52003   0.75022   1.08649   1.03254   1.17211   1.04715   0.52189   0.48606   0.59355   0.19815   1.33165   0.47134   0.19842   0.06165   0.21408   0.11930   0.25916   0.19285   0.48806   1.47752   0.33077   1.79249   0.80992   1.88932   2.39152   1.73151   0.08588   1.00000  
 36 19.5301   7458.462355  x:  2.85462   0.08196   0.06859   0.53209   0.63099   0.85203   0.69950   0.92399   0.09617   0.05858   0.26203   0.89463   0.73618   0.00000   0.54208   0.74072   1.10798   1.04526   1.16301   1.05397   0.51532   0.48841   0.60422   0.19915   1.34846   0.46616   0.24644   0.05624   0.20798   0.12474   0.24857   0.19724   0.47548   1.55292   0.30644   1.82473   0.79041   1.89441   2.43036   1.77517   0.08587   1.00000  
 37 14.0337   7456.366121  x:  2.96947   0.08109   0.06384   0.62008   0.65542   0.86064   0.66472   0.88805   0.08026   0.04989   0.34337   0.87154   0.72658   0.00000   0.55682   0.68530   1.13584   1.06786   1.12133   1.06262   0.51004   0.43890   0.57543   0.21885   1.42645   0.46661   0.20529   0.05751   0.22185   0.11834   0.25112   0.19883   0.44217   1.76141   0.21163   1.93170   0.75123   1.89420   2.57115   1.92380   0.08564   1.00000  
 38 22.8486   7453.669569  x:  3.10225   0.06345   0.07032   0.62385   0.67483   0.87751   0.64639   0.90044   0.07281   0.08993   0.21865   0.80407   0.66612   0.00000   0.49728   0.62451   1.08342   1.06634   1.09100   1.05812   0.51975   0.45334   0.53664   0.20952   1.51303   0.46643   0.20864   0.05448   0.22958   0.11828   0.23284   0.20893   0.41000   1.88895   0.20700   2.04606   0.80892   1.87129   2.77638   2.12457   0.08532   1.00000  
 39 14.1185   7449.199083  x:  3.31415   0.11568   0.06658   0.43587   0.61603   0.87031   0.60393   0.94723   0.07643   0.08426   0.26325   0.82711   0.74441   0.00000   0.40677   0.61949   0.94498   1.05733   1.16662   1.03448   0.46460   0.43933   0.49617   0.19731   1.59364   0.42913   0.20148   0.04918   0.24454   0.11238   0.21531   0.20954   0.30630   1.85903   0.23629   2.16261   0.91088   1.88601   3.16749   2.46082   0.08464   1.00000  
 40 19.0442   7445.816964  x:  3.45233   0.05086   0.06587   0.36905   0.65211   0.86435   0.56851   0.95191   0.02509   0.07873   0.26243   0.83806   0.72581   0.00000   0.39929   0.72064   0.92423   1.08386   1.24418   1.03348   0.48314   0.42136   0.51098   0.24588   1.58102   0.46982   0.20194   0.04301   0.25640   0.12773   0.20365   0.21335   0.24030   1.69994   0.18892   2.18518   0.90813   1.91822   3.43481   2.70887   0.08414   1.00000  
 41 26.9956   7443.269115  x:  3.61111   0.13447   0.06098   0.35657   0.70686   0.86850   0.54457   0.94394   0.03965   0.09162   0.24058   0.82897   0.67550   0.00000   0.39680   0.84073   0.95532   1.13360   1.31889   1.04151   0.48403   0.38757   0.52059   0.20035   1.54919   0.45897   0.20442   0.03933   0.26785   0.12071   0.18784   0.22067   0.18227   1.50813   0.13167   2.19519   0.88711   1.92887   3.66110   2.94695   0.08364   1.00000  
 42 48.5961   7442.330255  x:  3.71425   0.10643   0.07346   0.39433   0.68463   0.87431   0.55067   0.91081   0.03863   0.10283   0.27088   0.79702   0.66749   0.00000   0.35913   0.87137   1.01163   1.16052   1.32543   1.05290   0.44950   0.38638   0.50162   0.19416   1.53123   0.43867   0.20384   0.03910   0.27214   0.11572   0.18740   0.22377   0.17845   1.40748   0.18971   2.17825   0.88734   1.89483   3.73643   3.04500   0.08347   1.00000  
 43 14.2899   7441.930896  x:  3.79247   0.12364   0.06998   0.40918   0.63865   0.87121   0.57828   0.89866   0.03467   0.11124   0.26390   0.79581   0.68427   0.00000   0.31734   0.86401   1.04531   1.15812   1.31595   1.05792   0.46423   0.39667   0.48944   0.22611   1.51717   0.46022   0.20005   0.03869   0.27315   0.11223   0.18366   0.22669   0.17194   1.36173   0.17889   2.14750   0.87628   1.88305   3.78399   3.07922   0.08343   1.00000  
 44  9.4205   7441.720207  x:  3.85313   0.10421   0.07588   0.41723   0.61743   0.85861   0.59137   0.89317   0.03771   0.11418   0.25259   0.81086   0.69332   0.00000   0.29860   0.84656   1.05822   1.13819   1.30985   1.05759   0.47290   0.37801   0.48801   0.20394   1.49876   0.45248   0.20048   0.03863   0.27239   0.10901   0.18361   0.22499   0.18026   1.34976   0.16185   2.10439   0.87353   1.89590   3.81623   3.09649   0.08341   1.00000  
 45  6.2344   7441.415502  x:  3.96946   0.10776   0.07077   0.42693   0.61998   0.82537   0.57574   0.87260   0.03819   0.11474   0.24340   0.81781   0.67123   0.00000   0.30861   0.81511   1.06928   1.08999   1.30776   1.04764   0.45180   0.36540   0.49498   0.21105   1.46974   0.45724   0.19549   0.03778   0.27099   0.10648   0.17979   0.22262   0.16249   1.35517   0.17158   2.00345   0.89131   1.90613   3.88928   3.10978   0.08333   1.00000  
 46  6.0436   7441.231033  x:  4.03929   0.10332   0.06813   0.41573   0.62425   0.82133   0.57980   0.87891   0.03859   0.11011   0.25186   0.80085   0.66104   0.00000   0.33344   0.80303   1.06827   1.07034   1.30351   1.03024   0.45936   0.38158   0.47457   0.20941   1.45941   0.44314   0.19518   0.03743   0.27060   0.10583   0.18053   0.22024   0.15547   1.36385   0.16051   1.93228   0.89170   1.87822   3.92734   3.13310   0.08327   1.00000  
 47  6.0985   7441.069632  x:  4.09560   0.10249   0.06671   0.40371   0.63460   0.84175   0.57791   0.89129   0.04009   0.11118   0.24975   0.78228   0.67663   0.00000   0.34231   0.79918   1.05564   1.08840   1.27536   1.01755   0.45926   0.36614   0.50463   0.21228   1.47467   0.44597   0.19656   0.03708   0.27085   0.10498   0.18383   0.21958   0.14897   1.37099   0.16274   1.88367   0.88555   1.86384   3.95720   3.17264   0.08321   1.00000  
 48  3.1618   7440.826302  x:  4.17016   0.10337   0.06757   0.40466   0.64671   0.86765   0.56007   0.89551   0.04169   0.11309   0.24584   0.80674   0.68562   0.00000   0.35698   0.80018   1.03014   1.13448   1.22994   1.02615   0.46671   0.38900   0.49008   0.20883   1.50097   0.45337   0.19745   0.03671   0.27199   0.10379   0.19026   0.21899   0.13777   1.37802   0.17804   1.84582   0.88034   1.89356   4.00695   3.24260   0.08311   1.00000  
 49  4.3054   7440.497927  x:  4.24628   0.10215   0.06396   0.43298   0.63070   0.85495   0.58381   0.90303   0.04461   0.11040   0.25625   0.83196   0.65662   0.00000   0.37128   0.78062   0.98784   1.14713   1.21756   1.07133   0.46647   0.39511   0.51300   0.21764   1.49047   0.45209   0.19993   0.03644   0.27340   0.10416   0.20022   0.21661   0.12213   1.37553   0.17042   1.89518   0.89932   1.87502   4.08308   3.35015   0.08299   1.00000  
 50  3.0835   7440.236001  x:  4.30326   0.10055   0.06276   0.44675   0.63186   0.83218   0.57403   0.88341   0.04970   0.10924   0.24861   0.80434   0.68898   0.00000   0.37828   0.77277   0.99885   1.12870   1.24128   1.04976   0.48937   0.40347   0.51680   0.21341   1.46766   0.46070   0.20158   0.03628   0.27313   0.10233   0.20807   0.21357   0.11132   1.38110   0.17705   1.97367   0.90505   1.88297   4.15729   3.43562   0.08291   1.00000  
 51  4.5803   7440.137627  x:  4.31904   0.09789   0.06258   0.43831   0.64442   0.83968   0.58493   0.89054   0.05350   0.11216   0.24680   0.80589   0.68358   0.00000   0.35750   0.77172   1.02338   1.10439   1.24932   1.03046   0.46889   0.41300   0.51713   0.21941   1.46450   0.45605   0.20176   0.03629   0.27288   0.10185   0.21044   0.21245   0.10965   1.38837   0.17763   2.00352   0.88158   1.89339   4.19168   3.46869   0.08289   1.00000  
 52  3.3204   7440.098234  x:  4.32284   0.10007   0.06269   0.42966   0.64302   0.84899   0.57609   0.88837   0.05363   0.11148   0.24781   0.81328   0.67397   0.00000   0.34437   0.77511   1.03919   1.08563   1.25373   1.03413   0.48089   0.40892   0.51909   0.21950   1.46882   0.45291   0.20196   0.03647   0.27254   0.10193   0.21175   0.21155   0.10900   1.39565   0.18816   2.01027   0.86791   1.88741   4.20907   3.48551   0.08290   1.00000  
 53  2.1954   7440.068044  x:  4.32570   0.10043   0.06220   0.43606   0.63984   0.85873   0.56953   0.88939   0.05352   0.11120   0.24673   0.80878   0.68026   0.00000   0.33613   0.78285   1.04582   1.06666   1.26282   1.05060   0.47410   0.41396   0.51868   0.21325   1.47637   0.46143   0.20251   0.03663   0.27278   0.10238   0.21255   0.21134   0.11047   1.40252   0.18349   2.00311   0.86963   1.88506   4.22559   3.50975   0.08290   1.00000  
 54  1.0087   7440.026302  x:  4.33984   0.10368   0.06313   0.44808   0.63682   0.85850   0.57431   0.89404   0.05154   0.11261   0.25014   0.80323   0.67708   0.00000   0.32769   0.79142   1.04962   1.05918   1.27390   1.04996   0.48077   0.41375   0.52145   0.22189   1.48759   0.44993   0.20363   0.03733   0.27255   0.10253   0.21455   0.21113   0.11479   1.41079   0.18111   1.99217   0.88513   1.89731   4.25419   3.55353   0.08292   1.00000  
 55  1.3016   7439.974263  x:  4.36832   0.10392   0.06426   0.45080   0.64127   0.84374   0.57521   0.88497   0.05177   0.11459   0.24988   0.81613   0.67429   0.00000   0.32175   0.78534   1.04546   1.06942   1.27563   1.03480   0.47896   0.41652   0.52221   0.21794   1.48868   0.45837   0.20499   0.03826   0.27200   0.10224   0.21578   0.21060   0.12434   1.41579   0.17846   1.98720   0.88666   1.88417   4.30021   3.61294   0.08295   1.00000  
 56  1.7837   7439.911692  x:  4.41171   0.10749   0.06337   0.44501   0.64372   0.83899   0.58195   0.87502   0.04951   0.11088   0.25209   0.79745   0.67087   0.00000   0.32982   0.75730   1.03014   1.07827   1.25323   1.04505   0.47935   0.41605   0.51836   0.21283   1.47260   0.45846   0.20512   0.03914   0.26991   0.10296   0.21577   0.20744   0.13038   1.40742   0.18494   1.99314   0.86308   1.89215   4.37874   3.67786   0.08299   1.00000  
 57  2.2469   7439.892458  x:  4.43081   0.10780   0.06318   0.44892   0.64014   0.84896   0.57237   0.87752   0.04854   0.11101   0.24878   0.80098   0.67387   0.00000   0.34251   0.75244   1.02593   1.07015   1.23556   1.04020   0.47636   0.41580   0.51786   0.21695   1.46649   0.45139   0.20528   0.03957   0.26913   0.10297   0.21542   0.20672   0.13343   1.39825   0.18213   2.00245   0.86275   1.88996   4.40847   3.70405   0.08301   1.00000  
 58  1.5310   7439.885299  x:  4.44007   0.10777   0.06384   0.44735   0.63754   0.85088   0.57171   0.88256   0.04910   0.11109   0.25286   0.79993   0.66963   0.00000   0.34718   0.75299   1.02641   1.06605   1.22830   1.03688   0.47721   0.41508   0.51773   0.21343   1.46661   0.45809   0.20528   0.03968   0.26903   0.10254   0.21526   0.20668   0.13384   1.39579   0.18234   2.00653   0.86604   1.89221   4.42288   3.71974   0.08300   1.00000  
 59  0.9969   7439.843924  x:  4.49194   0.11038   0.06423   0.43744   0.65084   0.83334   0.57507   0.88648   0.04822   0.10934   0.25462   0.80195   0.67767   0.00000   0.34703   0.76139   1.03559   1.06270   1.20927   1.04852   0.47791   0.41578   0.51545   0.21514   1.47926   0.45497   0.20602   0.04046   0.26841   0.10293   0.21342   0.20604   0.12877   1.39693   0.18128   2.01432   0.87786   1.89004   4.53902   3.84630   0.08296   1.00000  
 60  0.8356   7439.748655  x:  4.61764   0.11397   0.06466   0.44291   0.64189   0.85631   0.57514   0.88077   0.04904   0.10869   0.25492   0.80500   0.67478   0.00000   0.34369   0.75885   1.01852   1.07919   1.24193   1.04461   0.47520   0.41172   0.51002   0.21801   1.49986   0.45590   0.20640   0.04226   0.26641   0.10370   0.20781   0.20454   0.11736   1.40720   0.18161   2.02357   0.87906   1.89271   4.82714   4.14626   0.08288   1.00000  
 61  4.4963   7439.741149  x:  4.62856   0.11359   0.06499   0.44388   0.64182   0.85467   0.56653   0.89294   0.04929   0.10916   0.25570   0.80375   0.67482   0.00000   0.33758   0.76108   1.01736   1.08461   1.24560   1.04697   0.47519   0.41164   0.50893   0.21954   1.49080   0.45549   0.20609   0.04253   0.26619   0.10343   0.20747   0.20470   0.11740   1.41125   0.18160   2.02424   0.87775   1.89208   4.85368   4.17224   0.08288   1.00000  
 62  0.9730   7439.690394  x:  4.69280   0.11220   0.06609   0.43433   0.64546   0.86603   0.57654   0.87677   0.05110   0.10857   0.25725   0.80519   0.67459   0.00000   0.32519   0.79374   1.01671   1.08353   1.25296   1.05089   0.47557   0.41137   0.51043   0.22020   1.46760   0.45584   0.20344   0.04483   0.26516   0.10235   0.20899   0.20625   0.12189   1.41625   0.17838   2.02773   0.88704   1.89308   5.07772   4.38749   0.08293   1.00000  
 63  0.5537   7439.626319  x:  4.76427   0.11218   0.06470   0.44496   0.63507   0.84913   0.57493   0.88918   0.05115   0.10446   0.25257   0.80719   0.67524   0.00000   0.32581   0.79969   1.03397   1.08181   1.27173   1.04882   0.47482   0.41288   0.51421   0.21629   1.48822   0.45609   0.20054   0.04748   0.26406   0.10309   0.21144   0.20739   0.12691   1.39583   0.18142   2.02788   0.87661   1.89412   5.36279   4.66339   0.08298   1.00000  
 64  5.5209   7439.620559  x:  4.77060   0.11163   0.06533   0.44071   0.64065   0.85371   0.57487   0.89142   0.05155   0.10503   0.25282   0.80967   0.67663   0.00000   0.32995   0.78803   1.04204   1.08362   1.27782   1.05306   0.47625   0.41338   0.51545   0.21762   1.48818   0.45684   0.20064   0.04779   0.26433   0.10284   0.21185   0.20810   0.12837   1.39349   0.18067   2.02845   0.88130   1.89492   5.38923   4.69562   0.08298   1.00000  
 65  0.9885   7439.615306  x:  4.77587   0.11210   0.06432   0.44225   0.63937   0.85765   0.57416   0.89125   0.05072   0.10342   0.25411   0.80986   0.67624   0.00000   0.32799   0.78377   1.04901   1.08961   1.27409   1.05159   0.47671   0.41401   0.51618   0.21626   1.48783   0.45768   0.20102   0.04788   0.26454   0.10383   0.21201   0.20796   0.12726   1.39786   0.17858   2.03085   0.88703   1.89502   5.43110   4.73765   0.08296   1.00000  
 66  0.3642   7439.588107  x:  4.82403   0.10891   0.06508   0.44915   0.64687   0.86197   0.57929   0.89599   0.04916   0.10633   0.25577   0.81259   0.68123   0.00000   0.33707   0.78212   1.04553   1.09501   1.27013   1.05539   0.48033   0.41352   0.51835   0.21680   1.50565   0.46072   0.20208   0.04893   0.26629   0.10378   0.21224   0.21043   0.12899   1.42565   0.17997   2.05412   0.87976   1.89446   5.66180   4.97794   0.08283   1.00000  
 67  1.7940   7439.562469  x:  4.85844   0.10389   0.06274   0.44325   0.64911   0.86399   0.57548   0.89746   0.05073   0.10711   0.25538   0.81014   0.68010   0.00000   0.32849   0.78855   1.03428   1.09633   1.27321   1.05683   0.48062   0.41757   0.51866   0.21966   1.51137   0.46128   0.20320   0.04922   0.27002   0.10565   0.21097   0.21022   0.13280   1.41437   0.18261   2.06014   0.88496   1.89447   5.98822   5.30739   0.08243   1.00000  
 68  0.2219   7439.527025  x:  4.88669   0.10947   0.06425   0.44576   0.64349   0.86146   0.57822   0.89798   0.04695   0.11057   0.25371   0.81328   0.68057   0.00000   0.33163   0.78935   1.04091   1.09157   1.27942   1.05533   0.47800   0.41547   0.51592   0.21726   1.50311   0.46028   0.20144   0.04804   0.27351   0.10508   0.21375   0.20961   0.13009   1.41783   0.18265   2.06016   0.88439   1.89418   6.51237   5.83099   0.08151   1.00000  
 69  0.2716   7439.508280  x:  4.87909   0.10764   0.06354   0.44928   0.64160   0.86106   0.57826   0.89446   0.05095   0.10762   0.25498   0.81185   0.68023   0.00000   0.33501   0.78670   1.04760   1.09205   1.27417   1.05584   0.47898   0.41518   0.51779   0.21842   1.50285   0.45850   0.20189   0.04703   0.27104   0.10439   0.21063   0.20863   0.13268   1.42129   0.18220   2.05745   0.87891   1.89479   6.83444   6.15035   0.08096   1.00000  
 70  0.2929   7439.503152  x:  4.87744   0.10781   0.06407   0.44732   0.64632   0.86342   0.57745   0.89638   0.04987   0.10654   0.25420   0.81171   0.68011   0.00000   0.33087   0.79001   1.04293   1.09275   1.27573   1.05492   0.47995   0.41423   0.51760   0.21719   1.50530   0.45976   0.20319   0.04651   0.26857   0.10424   0.21170   0.20910   0.13225   1.41714   0.18241   2.05896   0.88017   1.89450   6.97369   6.28920   0.08079   1.00000  
 71  0.1449   7439.501741  x:  4.88155   0.10719   0.06421   0.44658   0.64339   0.86250   0.57728   0.89633   0.04963   0.10624   0.25466   0.81176   0.68032   0.00000   0.33195   0.78874   1.04240   1.09359   1.27558   1.05568   0.47874   0.41522   0.51744   0.21829   1.50614   0.45929   0.20274   0.04647   0.26751   0.10423   0.21210   0.20935   0.13262   1.41984   0.18249   2.06143   0.88123   1.89460   7.06457   6.38036   0.08078   1.00000  
 72  0.0650   7439.497151  x:  4.88837   0.10568   0.06380   0.44846   0.64495   0.86106   0.57780   0.89510   0.04831   0.10698   0.25564   0.81195   0.67912   0.00000   0.33193   0.79079   1.04498   1.08994   1.27655   1.05530   0.48047   0.41575   0.51733   0.21904   1.50148   0.46024   0.20211   0.04562   0.26661   0.10524   0.21103   0.20893   0.13292   1.41695   0.18217   2.05996   0.88001   1.89443   7.47936   6.79400   0.08098   1.00000  
 73  0.0732   7439.490209  x:  4.86547   0.10762   0.06354   0.44606   0.64400   0.86298   0.57773   0.89608   0.05029   0.10790   0.25306   0.81130   0.68069   0.00000   0.33176   0.78796   1.04243   1.09393   1.27445   1.05482   0.47896   0.41474   0.51690   0.21767   1.50536   0.45983   0.20428   0.04427   0.26811   0.10462   0.21203   0.20893   0.13294   1.41821   0.18283   2.05761   0.88096   1.89462   7.96071   7.27569   0.08123   1.00000  
 74  0.2338   7439.487189  x:  4.85209   0.10739   0.06431   0.44775   0.64468   0.86097   0.57632   0.89543   0.04970   0.10612   0.25593   0.81124   0.67919   0.00000   0.33209   0.78795   1.04136   1.09215   1.27416   1.05512   0.47930   0.41436   0.51815   0.21718   1.50416   0.45872   0.20326   0.04400   0.26843   0.10449   0.21192   0.20911   0.13252   1.41610   0.18107   2.05576   0.88104   1.89444   8.50618   7.82084   0.08135   1.00000  
 75  0.2993   7439.483670  x:  4.84032   0.10763   0.06442   0.44776   0.64331   0.86085   0.57869   0.89633   0.04983   0.10519   0.25374   0.81197   0.68059   0.00000   0.33332   0.78735   1.04202   1.09028   1.27349   1.05451   0.47946   0.41502   0.51706   0.21838   1.50068   0.46007   0.20396   0.04494   0.26844   0.10455   0.21142   0.20931   0.13204   1.41774   0.18346   2.05513   0.88087   1.89402   9.30849   8.62345   0.08135   1.00000  
 76  0.3148   7439.481331  x:  4.82836   0.10737   0.06440   0.44689   0.64375   0.86135   0.57637   0.89434   0.04968   0.10629   0.25467   0.81045   0.67959   0.00000   0.33247   0.78658   1.04120   1.09227   1.27160   1.05393   0.47872   0.41451   0.51658   0.21828   1.50352   0.45930   0.20292   0.04601   0.26866   0.10394   0.21187   0.20927   0.13169   1.41606   0.18193   2.05375   0.87968   1.89450  10.00278   9.31636   0.08132   1.00000  
 77  0.4702   7439.480703  x:  4.82096   0.10760   0.06414   0.44747   0.64353   0.86066   0.57698   0.89514   0.04964   0.10688   0.25428   0.81103   0.67949   0.00000   0.33282   0.78623   1.04082   1.09114   1.27228   1.05402   0.47888   0.41466   0.51727   0.21748   1.50222   0.45891   0.20276   0.04627   0.26803   0.10419   0.21158   0.20896   0.13128   1.41629   0.18206   2.05238   0.88032   1.89405  10.47282   9.78642   0.08136   1.00000  
 78  0.4155   7439.480512  x:  4.81682   0.10769   0.06381   0.44752   0.64329   0.86052   0.57686   0.89475   0.04977   0.10707   0.25409   0.81056   0.67933   0.00000   0.33311   0.78593   1.04114   1.09100   1.27186   1.05380   0.47866   0.41429   0.51675   0.21801   1.50199   0.45915   0.20289   0.04617   0.26780   0.10428   0.21173   0.20899   0.13123   1.41604   0.18200   2.05255   0.88012   1.89395  11.01270  10.32576   0.08138   1.00000  
 79  0.2761   7439.480264  x:  4.82144   0.10753   0.06435   0.44727   0.64338   0.86089   0.57686   0.89489   0.04970   0.10697   0.25418   0.81087   0.67958   0.00000   0.33263   0.78614   1.04085   1.09146   1.27201   1.05395   0.47884   0.41467   0.51724   0.21744   1.50251   0.45895   0.20288   0.04598   0.26807   0.10429   0.21160   0.20918   0.13143   1.41613   0.18214   2.05309   0.88009   1.89428  11.87377  11.18739   0.08136   1.00000  
 80  0.3416   7439.480152  x:  4.82641   0.10765   0.06400   0.44749   0.64367   0.86072   0.57697   0.89510   0.04976   0.10672   0.25440   0.81094   0.67951   0.00000   0.33291   0.78639   1.04115   1.09119   1.27241   1.05410   0.47887   0.41450   0.51698   0.21784   1.50238   0.45911   0.20289   0.04602   0.26806   0.10431   0.21173   0.20902   0.13144   1.41638   0.18202   2.05294   0.88034   1.89401  12.64068  11.95434   0.08135   1.00000  
 81  0.5018   7439.480110  x:  4.82622   0.10759   0.06412   0.44732   0.64347   0.86095   0.57693   0.89500   0.04971   0.10695   0.25417   0.81086   0.67955   0.00000   0.33270   0.78647   1.04119   1.09151   1.27231   1.05406   0.47884   0.41457   0.51714   0.21766   1.50259   0.45909   0.20296   0.04604   0.26804   0.10422   0.21164   0.20906   0.13146   1.41634   0.18210   2.05341   0.88022   1.89422  13.45819  12.77185   0.08135   1.00000  
 82  0.4566   7439.480089  x:  4.82506   0.10759   0.06404   0.44741   0.64364   0.86078   0.57696   0.89506   0.04972   0.10679   0.25433   0.81093   0.67954   0.00000   0.33281   0.78638   1.04106   1.09128   1.27238   1.05407   0.47886   0.41453   0.51706   0.21776   1.50244   0.45909   0.20287   0.04603   0.26808   0.10425   0.21169   0.20900   0.13146   1.41634   0.18206   2.05310   0.88029   1.89407  14.32029  13.63392   0.08135   1.00000  
 83  0.4580   7439.480081  x:  4.82461   0.10759   0.06410   0.44739   0.64349   0.86082   0.57692   0.89499   0.04970   0.10687   0.25425   0.81086   0.67952   0.00000   0.33279   0.78639   1.04114   1.09137   1.27228   1.05404   0.47884   0.41456   0.51708   0.21772   1.50245   0.45909   0.20295   0.04603   0.26805   0.10424   0.21166   0.20905   0.13144   1.41630   0.18207   2.05311   0.88023   1.89415  15.16683  14.48042   0.08135   1.00000  
 84  0.4867   7439.480077  x:  4.82494   0.10760   0.06408   0.44739   0.64358   0.86082   0.57695   0.89504   0.04972   0.10683   0.25428   0.81090   0.67954   0.00000   0.33279   0.78635   1.04108   1.09132   1.27230   1.05405   0.47885   0.41454   0.51706   0.21773   1.50246   0.45908   0.20287   0.04604   0.26806   0.10425   0.21168   0.20903   0.13144   1.41632   0.18207   2.05311   0.88026   1.89410  16.03718  15.35080   0.08135   1.00000  
 85  0.4817   7439.480076  x:  4.82513   0.10760   0.06408   0.44739   0.64354   0.86081   0.57693   0.89501   0.04972   0.10685   0.25428   0.81089   0.67952   0.00000   0.33280   0.78639   1.04113   1.09135   1.27231   1.05405   0.47885   0.41455   0.51708   0.21773   1.50245   0.45908   0.20293   0.04603   0.26805   0.10425   0.21167   0.20904   0.13144   1.41632   0.18206   2.05312   0.88025   1.89413  16.85781  16.17143   0.08135   1.00000  
 86  0.4917   7439.480075  x:  4.82505   0.10760   0.06408   0.44739   0.64355   0.86084   0.57695   0.89503   0.04972   0.10685   0.25426   0.81089   0.67954   0.00000   0.33278   0.78637   1.04110   1.09135   1.27231   1.05405   0.47885   0.41455   0.51707   0.21772   1.50247   0.45909   0.20289   0.04604   0.26806   0.10425   0.21167   0.20904   0.13145   1.41632   0.18207   2.05314   0.88026   1.89412  17.72990  17.04352   0.08135   1.00000  
 87  0.4835   7439.480075  x:  4.82503   0.10760   0.06408   0.44739   0.64355   0.86081   0.57694   0.89502   0.04972   0.10684   0.25428   0.81090   0.67953   0.00000   0.33280   0.78638   1.04111   1.09134   1.27232   1.05405   0.47885   0.41455   0.51708   0.21773   1.50245   0.45908   0.20292   0.04604   0.26806   0.10425   0.21167   0.20904   0.13144   1.41632   0.18207   2.05311   0.88025   1.89412  18.55525  17.86886   0.08135   1.00000  
 88  0.4951   7439.480075  x:  4.82500   0.10760   0.06408   0.44739   0.64355   0.86083   0.57694   0.89502   0.04972   0.10685   0.25426   0.81089   0.67953   0.00000   0.33279   0.78638   1.04111   1.09135   1.27231   1.05405   0.47885   0.41455   0.51707   0.21773   1.50247   0.45908   0.20290   0.04604   0.26806   0.10425   0.21167   0.20904   0.13144   1.41632   0.18207   2.05313   0.88025   1.89412  19.46331  18.77693   0.08135   1.00000  
 89  0.4933   7439.480075  x:  4.82503   0.10760   0.06408   0.44739   0.64355   0.86082   0.57694   0.89502   0.04972   0.10684   0.25428   0.81089   0.67953   0.00000   0.33279   0.78638   1.04111   1.09134   1.27232   1.05405   0.47885   0.41455   0.51708   0.21773   1.50246   0.45908   0.20291   0.04604   0.26806   0.10425   0.21167   0.20904   0.13144   1.41632   0.18207   2.05312   0.88025   1.89412  20.27989  19.59351   0.08135   1.00000  
 90  0.4806   7439.480074  x:  4.82503   0.10760   0.06408   0.44739   0.64355   0.86082   0.57694   0.89502   0.04972   0.10685   0.25427   0.81089   0.67953   0.00000   0.33279   0.78638   1.04111   1.09135   1.27231   1.05405   0.47885   0.41455   0.51707   0.21773   1.50246   0.45908   0.20291   0.04604   0.26805   0.10425   0.21167   0.20904   0.13144   1.41632   0.18207   2.05313   0.88025   1.89412  21.28939  20.60301   0.08135   1.00000  
 91  0.5152   7439.480074  x:  4.82503   0.10760   0.06408   0.44739   0.64355   0.86082   0.57694   0.89502   0.04972   0.10684   0.25427   0.81089   0.67953   0.00000   0.33279   0.78638   1.04111   1.09134   1.27231   1.05405   0.47885   0.41455   0.51707   0.21773   1.50246   0.45908   0.20291   0.04604   0.26806   0.10425   0.21167   0.20904   0.13144   1.41632   0.18207   2.05312   0.88025   1.89412  21.35895  20.67257   0.08135   1.00000  
 92  0.0762   7439.480074  x:  4.82503   0.10760   0.06408   0.44739   0.64355   0.86082   0.57694   0.89502   0.04972   0.10684   0.25428   0.81089   0.67953   0.00000   0.33279   0.78638   1.04111   1.09134   1.27231   1.05405   0.47885   0.41455   0.51707   0.21773   1.50246   0.45908   0.20291   0.04604   0.26806   0.10425   0.21167   0.20904   0.13144   1.41632   0.18207   2.05312   0.88025   1.89412  21.51596  20.82958   0.08135   1.00000  
 93  1.2941   7439.480074  x:  4.82503   0.10760   0.06408   0.44739   0.64355   0.86082   0.57694   0.89502   0.04972   0.10684   0.25428   0.81089   0.67953   0.00000   0.33279   0.78638   1.04111   1.09134   1.27231   1.05405   0.47885   0.41455   0.51707   0.21773   1.50246   0.45908   0.20291   0.04604   0.26806   0.10425   0.21167   0.20904   0.13144   1.41632   0.18207   2.05312   0.88025   1.89412  21.50614  20.81976   0.08135   1.00000  
 94  0.2220   7439.480074  x:  4.82502   0.10760   0.06408   0.44739   0.64355   0.86082   0.57694   0.89502   0.04972   0.10684   0.25427   0.81089   0.67953   0.00000   0.33279   0.78638   1.04111   1.09134   1.27231   1.05405   0.47885   0.41455   0.51707   0.21773   1.50246   0.45908   0.20291   0.04604   0.26806   0.10425   0.21167   0.20904   0.13144   1.41632   0.18207   2.05312   0.88025   1.89412  21.50614  20.81976   0.08135   1.00000  