

TREE # 1

  0  0.0000   9223.272836  x:  0.17444   0.02804   0.07307   0.00000   0.21220   0.15259   0.14764   0.15672   0.09176   0.01488   0.10164   0.09888   0.08304   0.02822   0.03654   0.11840   0.16638   0.13073   0.17006   0.12456   0.13600   0.08105   0.05011   0.02312   0.14692   0.15208   0.08109   0.04353   0.13235   0.02986   0.05286   0.04009   0.10565   0.11049   0.05181   0.16210   0.10351   2.00000   1.39835   0.16116   0.29812   1.40136  
  1 99.0000   8116.524132  x:  0.33902   0.14866   0.13456   0.33401   0.26373   0.21974   0.20629   0.23083   0.13434   0.10656   0.15894   0.22762   0.21425   0.09830   0.16562   0.18710   0.24343   0.24237   0.25625   0.23593   0.18635   0.18043   0.21865   0.13334   0.27029   0.19687   0.10890   0.05608   0.15038   0.08401   0.12684   0.14535   0.14722   0.24524   0.15102   0.28403   0.25697   1.99211   1.43227   0.12848   0.00000   1.40004  
  2 3564.1870   7962.546355  x:  0.52329   0.28370   0.20338   0.70789   0.32141   0.29492   0.27197   0.31382   0.18199   0.20918   0.22308   0.37175   0.36115   0.17674   0.31013   0.26403   0.32972   0.36737   0.35275   0.36063   0.24272   0.29170   0.40731   0.25673   0.40843   0.24702   0.14002   0.07012   0.17055   0.14462   0.20966   0.26318   0.19375   0.39610   0.26209   0.42056   0.42878   1.98328   1.47024   0.09190   0.00099   1.39856  
  3 19470.9476   7873.084756  x:  0.62698   0.26514   0.14691   0.69441   0.31827   0.32015   0.31035   0.37331   0.12026   0.15465   0.18604   0.38971   0.36514   0.13798   0.31666   0.29125   0.38132   0.43211   0.40194   0.38699   0.22113   0.26655   0.38379   0.21895   0.47919   0.24419   0.10131   0.00000   0.13881   0.06378   0.14033   0.18651   0.17718   0.43768   0.26590   0.49657   0.47746   1.98069   1.42579   0.14027   0.00098   1.39469  
  4 394.8573   7818.076729  x:  0.77136   0.22676   0.05515   0.65767   0.30890   0.35414   0.35416   0.44313   0.02214   0.06978   0.13281   0.41242   0.36825   0.07926   0.31847   0.32107   0.44423   0.51050   0.46515   0.42474   0.19984   0.23259   0.34517   0.15653   0.57839   0.23973   0.14514   0.12316   0.14703   0.02333   0.07623   0.09173   0.13984   0.49383   0.25812   0.59608   0.53477   1.97678   1.36690   0.20524   0.00096   1.38853  
  5 804.5615   7802.309952  x:  0.81508   0.20767   0.03177   0.63165   0.30381   0.36294   0.36312   0.45924   0.00000   0.04914   0.12134   0.41673   0.36780   0.06306   0.31400   0.32621   0.45958   0.52903   0.48160   0.43739   0.20354   0.22474   0.32923   0.13767   0.60662   0.23624   0.14211   0.12410   0.15757   0.06235   0.09948   0.09720   0.12138   0.51002   0.24690   0.62339   0.54528   1.97543   1.34782   0.22659   0.00095   1.38616  
  6 411.9933   7770.333491  x:  1.02277   0.09393   0.06257   0.44694   0.27642   0.39837   0.37593   0.49913   0.06949   0.07170   0.13282   0.43040   0.37899   0.03805   0.27676   0.32924   0.50691   0.58267   0.54266   0.52001   0.30519   0.23033   0.25452   0.10729   0.73386   0.23772   0.15117   0.15962   0.18819   0.00777   0.18643   0.19242   0.00000   0.59452   0.14264   0.73323   0.55645   1.96646   1.26220   0.32557   0.00093   1.37184  
  7 270.7195   7770.333491  x:  1.02277   0.09393   0.06257   0.44694   0.27642   0.39837   0.37593   0.49913   0.06949   0.07170   0.13282   0.43040   0.37899   0.03805   0.27676   0.32924   0.50691   0.58267   0.54266   0.52001   0.30519   0.23033   0.25452   0.10729   0.73386   0.23772   0.15117   0.15962   0.18819   0.00777   0.18643   0.19242   0.00000   0.59452   0.14264   0.73323   0.55645   1.96646   1.26220   0.32557   0.00093   1.37184  
  8 221.3101   7626.955960  x:  1.02288   0.09399   0.06253   0.44687   0.27646   0.39839   0.37593   0.49915   0.06943   0.07169   0.13284   0.43042   0.37901   0.03806   0.27676   0.32924   0.50693   0.58269   0.54270   0.52004   0.30517   0.23038   0.25459   0.10732   0.73390   0.23775   0.15107   0.15937   0.18819   0.00822   0.18632   0.19232   0.00008   0.59460   0.14264   0.73330   0.55647   1.96646   1.26216   0.32562   0.06350   1.37183  
  9 25673.2404   7573.543018  x:  1.09359   0.16601   0.08786   0.45087   0.33249   0.44141   0.40282   0.53896   0.08705   0.10939   0.18491   0.47767   0.42515   0.09194   0.31224   0.36528   0.54824   0.62174   0.59044   0.56699   0.33305   0.28858   0.32391   0.15901   0.77981   0.28930   0.14827   0.09146   0.23065   0.26703   0.18177   0.18817   0.48328   0.66360   0.18247   0.79006   0.59777   1.94248   1.37055   0.22339   0.07467   1.36609  
 10 591.3557   7539.124880  x:  1.17982   0.16462   0.08218   0.44837   0.38332   0.49171   0.43150   0.58739   0.07093   0.10061   0.20442   0.52779   0.46400   0.09812   0.33994   0.40571   0.59874   0.67163   0.64649   0.61373   0.35421   0.32557   0.36867   0.16564   0.83574   0.31340   0.13381   0.00000   0.19687   0.17176   0.15303   0.15555   0.49926   0.71050   0.19699   0.85814   0.64367   1.91610   1.44394   0.15865   0.07622   1.35806  
 11 189.8550   7515.979546  x:  1.29298   0.16185   0.07439   0.44445   0.44730   0.55578   0.46717   0.64920   0.04966   0.08804   0.22788   0.59099   0.51288   0.10376   0.37449   0.45732   0.66350   0.73576   0.71837   0.67357   0.38062   0.37032   0.42358   0.17328   0.90853   0.34452   0.13218   0.03859   0.16323   0.05311   0.12286   0.12043   0.51941   0.77106   0.21502   0.94659   0.70246   1.88208   1.53835   0.07566   0.07848   1.34747  
 12 850.6229   7496.627753  x:  1.45639   0.13155   0.05442   0.42861   0.50622   0.62612   0.49341   0.71750   0.01610   0.04771   0.22997   0.65198   0.55488   0.07247   0.40005   0.51581   0.73903   0.81297   0.80283   0.74092   0.40059   0.38490   0.45206   0.16314   1.00366   0.36174   0.18794   0.04103   0.21932   0.08700   0.20903   0.21945   0.43414   0.83993   0.22141   1.06423   0.76973   1.84077   1.62955   0.00210   0.07960   1.33150  
 13 202.9171   7486.373278  x:  1.70207   0.09328   0.08311   0.38716   0.52843   0.67706   0.46513   0.76175   0.16418   0.04251   0.20761   0.67225   0.56460   0.00000   0.38782   0.56439   0.80276   0.88230   0.88162   0.80935   0.40526   0.32232   0.40762   0.16235   1.11566   0.35642   0.16097   0.05006   0.26970   0.18222   0.15786   0.15965   0.35833   0.92459   0.19075   1.21155   0.82020   1.80657   1.61242   0.04833   0.07913   1.30602  
 14 94.0848   7486.373278  x:  1.70207   0.09328   0.08311   0.38716   0.52843   0.67706   0.46513   0.76175   0.16418   0.04251   0.20761   0.67225   0.56460   0.00000   0.38782   0.56439   0.80276   0.88230   0.88162   0.80935   0.40526   0.32232   0.40762   0.16235   1.11566   0.35642   0.16097   0.05006   0.26970   0.18222   0.15786   0.15965   0.35833   0.92459   0.19075   1.21155   0.82020   1.80657   1.61242   0.04833   0.07913   1.30602  
 15 87.8029   7483.935981  x:  1.70300   0.09314   0.08245   0.38686   0.52828   0.67709   0.46480   0.76176   0.16267   0.04293   0.20748   0.67218   0.56441   0.00004   0.38765   0.56439   0.80281   0.88230   0.88183   0.80947   0.40515   0.32246   0.40767   0.16204   1.11583   0.35625   0.16050   0.04876   0.26827   0.17935   0.15815   0.15991   0.35718   0.92480   0.19048   1.21200   0.82011   1.80669   1.61151   0.04940   0.09356   1.30588  
 16 343.4245   7477.529852  x:  1.74111   0.08845   0.05676   0.37506   0.52292   0.67793   0.45211   0.76208   0.10168   0.06325   0.20424   0.67038   0.55786   0.00204   0.38031   0.56368   0.80431   0.88218   0.89070   0.81546   0.40180   0.33009   0.41165   0.15101   1.12246   0.35137   0.14641   0.00000   0.21268   0.06383   0.17405   0.17388   0.30831   0.93364   0.17780   1.23023   0.81650   1.81207   1.57675   0.09085   0.09101   1.29981  
 17 106.3902   7476.610396  x:  1.74744   0.08771   0.05288   0.37321   0.52210   0.67809   0.45003   0.76215   0.09184   0.06649   0.20373   0.67008   0.55682   0.00230   0.37911   0.56357   0.80457   0.88217   0.89216   0.81645   0.40126   0.33132   0.41231   0.14938   1.12359   0.35078   0.14556   0.00510   0.20444   0.04740   0.17651   0.17607   0.30021   0.93514   0.17572   1.23325   0.81590   1.81295   1.57124   0.09747   0.09077   1.29880  
 18 421.7396   7472.003785  x:  1.80208   0.08336   0.03809   0.36225   0.51810   0.68024   0.43358   0.76357   0.02151   0.08920   0.20105   0.66765   0.55015   0.00182   0.36969   0.56340   0.80732   0.88238   0.90426   0.82506   0.39762   0.34032   0.41756   0.14437   1.13446   0.35098   0.18273   0.00476   0.17865   0.06408   0.19246   0.19221   0.23156   0.94940   0.15846   1.25900   0.81051   1.81960   1.53498   0.14347   0.09046   1.28979  
 19 91.3969   7466.247995  x:  1.93764   0.09137   0.09113   0.35570   0.52087   0.69028   0.40053   0.77249   0.02600   0.14220   0.20619   0.66502   0.54462   0.00178   0.35103   0.56719   0.81643   0.88625   0.93340   0.85033   0.40364   0.36032   0.43150   0.17149   1.16554   0.37223   0.20184   0.00402   0.20615   0.05932   0.19100   0.18364   0.07844   0.99324   0.12367   1.32285   0.79928   1.83130   1.47080   0.23242   0.09045   1.26630  
 20 82.5661   7465.669423  x:  1.95111   0.09454   0.08700   0.35645   0.52226   0.69224   0.39920   0.77470   0.02741   0.14167   0.20641   0.66575   0.54513   0.00000   0.34985   0.56803   0.81788   0.88727   0.93666   0.85256   0.40398   0.36107   0.43278   0.17221   1.16875   0.37358   0.19699   0.00431   0.20718   0.06150   0.19082   0.18450   0.07423   0.99911   0.12485   1.32972   0.79958   1.83195   1.46728   0.23859   0.09036   1.26367  
 21 56.7081   7459.934808  x:  2.37107   0.17134   0.03560   0.40024   0.57808   0.76256   0.38263   0.85683   0.02682   0.11415   0.22232   0.70027   0.58055   0.00000   0.33796   0.60505   0.87376   0.92674   1.04529   0.93097   0.41809   0.37616   0.46364   0.21124   1.27185   0.41846   0.27675   0.00000   0.26364   0.03436   0.17425   0.16875   0.11472   1.18791   0.17772   1.54152   0.82098   1.84410   1.41450   0.37754   0.08925   1.17522  
 22 94.4920   7455.533981  x:  2.67596   0.16317   0.09406   0.43379   0.61648   0.81823   0.38866   0.92217   0.04241   0.11764   0.24321   0.73527   0.61878   0.00000   0.34741   0.64281   0.92378   0.96334   1.12737   0.99062   0.43796   0.38825   0.48090   0.23069   1.34617   0.44210   0.28881   0.00093   0.21491   0.04448   0.23328   0.21047   0.18080   1.31103   0.19621   1.69017   0.83867   1.85337   1.39235   0.46628   0.08891   1.10409  
 23 121.9639   7452.534992  x:  2.85017   0.07702   0.12583   0.44289   0.62752   0.85328   0.40986   0.96164   0.00973   0.11808   0.25197   0.76499   0.64559   0.00000   0.36581   0.67558   0.96233   0.99335   1.17447   1.02124   0.45546   0.39513   0.48567   0.21205   1.38656   0.43155   0.25758   0.00267   0.23061   0.05456   0.21486   0.18838   0.22762   1.35838   0.18081   1.76935   0.84783   1.86346   1.38053   0.52180   0.08769   1.05314  
 24 68.2296   7451.739390  x:  2.90888   0.03620   0.11911   0.44061   0.62647   0.86405   0.41774   0.97253   0.02544   0.11951   0.25110   0.77501   0.65244   0.00000   0.37253   0.68785   0.97641   1.00460   1.18913   1.02943   0.46014   0.39786   0.48634   0.19586   1.39917   0.42090   0.26289   0.00273   0.23143   0.05630   0.20859   0.18896   0.24151   1.36692   0.16940   1.79427   0.85025   1.86881   1.37425   0.54440   0.08734   1.03290  
 25 85.3201   7451.242477  x:  2.95732   0.04714   0.12016   0.42722   0.61312   0.86941   0.43087   0.97156   0.02608   0.12472   0.24059   0.78371   0.65500   0.00000   0.38307   0.70517   0.99350   1.02026   1.19432   1.02777   0.46396   0.40055   0.48468   0.17949   1.40724   0.40739   0.26083   0.00297   0.25655   0.05370   0.21562   0.21011   0.25753   1.34406   0.14124   1.80546   0.85254   1.87662   1.38067   0.55967   0.08742   1.00000  
 26 16.6701   7450.910142  x:  3.00292   0.06477   0.11872   0.41539   0.60017   0.87124   0.44365   0.96215   0.03057   0.12768   0.22948   0.79001   0.65524   0.00000   0.39083   0.72208   1.00934   1.03575   1.19373   1.02105   0.46591   0.40217   0.48421   0.17984   1.41407   0.40622   0.26003   0.00323   0.24533   0.05844   0.21324   0.19152   0.26875   1.30700   0.12274   1.81063   0.85879   1.88362   1.39157   0.57497   0.08715   1.00000  
 27 15.7352   7450.386859  x:  3.09287   0.05561   0.10892   0.41117   0.59030   0.86891   0.46321   0.92985   0.02952   0.11920   0.22128   0.79647   0.65431   0.00000   0.39307   0.74771   1.03179   1.05971   1.18250   1.00110   0.46789   0.40011   0.48827   0.21286   1.42505   0.42855   0.25952   0.00313   0.24509   0.05809   0.20618   0.20211   0.26634   1.22007   0.13579   1.81306   0.88123   1.89177   1.43550   0.59470   0.08711   1.00000  
 28 14.4665   7450.137680  x:  3.14311   0.05428   0.10577   0.42158   0.59792   0.86194   0.46941   0.90986   0.03021   0.11772   0.23698   0.79451   0.65574   0.00000   0.38305   0.75115   1.03134   1.06306   1.17120   0.99221   0.46617   0.39349   0.48681   0.20359   1.42312   0.42288   0.25916   0.00327   0.25252   0.05794   0.22447   0.19105   0.26473   1.17864   0.14927   1.80737   0.89115   1.89005   1.46203   0.61426   0.08712   1.00000  
 29 11.8431   7449.870069  x:  3.19914   0.06152   0.11375   0.43458   0.60905   0.85003   0.47538   0.88989   0.03075   0.11267   0.25498   0.78768   0.65563   0.00000   0.36709   0.74838   1.02227   1.05993   1.15643   0.98553   0.46487   0.38856   0.48465   0.18535   1.41578   0.41255   0.25919   0.00355   0.24707   0.06006   0.20622   0.19727   0.26713   1.14337   0.15779   1.79569   0.89743   1.88404   1.49390   0.64287   0.08696   1.00000  
 30 17.1797   7449.367150  x:  3.30344   0.05444   0.11530   0.42789   0.60813   0.81346   0.48967   0.87206   0.03127   0.08126   0.24559   0.76293   0.63795   0.00000   0.33433   0.72686   0.98218   1.03420   1.12723   0.98838   0.46991   0.40488   0.48492   0.18098   1.38840   0.42308   0.25406   0.00401   0.24837   0.06289   0.20872   0.19411   0.27918   1.12963   0.13984   1.75620   0.88994   1.86787   1.58337   0.70509   0.08688   1.00000  
 31  9.6159   7448.882491  x:  3.40476   0.05072   0.09789   0.41114   0.59879   0.77713   0.50361   0.86148   0.03139   0.11442   0.25127   0.74794   0.63143   0.00000   0.32098   0.70856   0.94362   1.00831   1.10503   0.99598   0.47430   0.40462   0.47257   0.18632   1.35838   0.43409   0.24609   0.00467   0.24954   0.06794   0.20242   0.19222   0.28906   1.13611   0.13388   1.71221   0.88053   1.85685   1.69722   0.76210   0.08714   1.00000  
 32 23.7807   7448.345257  x:  3.49215   0.05229   0.09843   0.39336   0.58297   0.75733   0.50844   0.85616   0.03277   0.09818   0.23863   0.75235   0.63310   0.00000   0.34797   0.70315   0.92082   0.99284   1.10024   0.99076   0.45346   0.36349   0.44567   0.19091   1.32691   0.41734   0.24456   0.00519   0.24633   0.07016   0.19968   0.18893   0.26690   1.16687   0.15026   1.66339   0.86422   1.86428   1.82522   0.84287   0.08675   1.00000  
 33 14.1381   7447.820983  x:  3.55498   0.05794   0.09101   0.40660   0.58502   0.76213   0.50421   0.84987   0.03353   0.09112   0.23570   0.76403   0.63722   0.00000   0.38999   0.70544   0.91776   0.98995   1.10042   0.96908   0.44780   0.38230   0.47963   0.19244   1.30354   0.39373   0.24557   0.00571   0.24240   0.07244   0.19742   0.18522   0.24041   1.20376   0.16195   1.62000   0.83992   1.87887   1.96502   0.93502   0.08685   1.00000  
 34 16.5879   7446.931650  x:  3.60127   0.05898   0.07444   0.45544   0.60485   0.80253   0.48818   0.83779   0.03517   0.10317   0.23460   0.75835   0.62729   0.00000   0.42874   0.70279   0.93810   1.00357   1.08898   0.91597   0.44238   0.37070   0.48344   0.22083   1.30002   0.41426   0.24215   0.00691   0.25221   0.08051   0.20003   0.18969   0.25106   1.25481   0.15660   1.57998   0.80025   1.88753   2.13697   1.19050   0.08625   1.00000  
 35 13.9362   7444.781255  x:  3.61782   0.08670   0.06478   0.44735   0.56637   0.89306   0.54575   0.89957   0.04260   0.09458   0.25745   0.75866   0.65168   0.00000   0.42082   0.66741   1.01390   1.06466   1.07332   0.95039   0.46459   0.40664   0.48778   0.19915   1.42028   0.46108   0.25038   0.00910   0.26604   0.09584   0.20247   0.19284   0.19126   1.34249   0.22908   1.64760   0.84929   1.80995   2.64102   1.82518   0.08517   1.00000  
 36 17.0294   7443.353677  x:  3.61009   0.09919   0.04141   0.46580   0.62912   0.88191   0.53123   0.90002   0.04512   0.08033   0.26326   0.80056   0.67253   0.00000   0.38078   0.65848   1.03385   1.08936   1.11057   1.05283   0.46947   0.38704   0.49950   0.21717   1.49916   0.47178   0.24903   0.01057   0.26852   0.10433   0.20198   0.19610   0.15588   1.37154   0.18852   1.77159   0.89302   1.86939   3.00408   2.20440   0.08493   1.00000  
 37 25.2168   7442.864443  x:  3.61226   0.09964   0.05076   0.44697   0.64201   0.84713   0.51274   0.88541   0.04710   0.09530   0.23845   0.79484   0.66036   0.00000   0.36957   0.67656   1.02249   1.08439   1.15396   1.06297   0.45547   0.40140   0.51443   0.22220   1.50385   0.45783   0.24316   0.01159   0.27632   0.10995   0.20119   0.19557   0.16585   1.37657   0.22042   1.84538   0.91104   1.89310   3.11577   2.35541   0.08436   1.00000  
 38 16.2206   7442.358602  x:  3.63119   0.10471   0.04675   0.44270   0.65777   0.80882   0.54601   0.89118   0.04820   0.08915   0.25687   0.77950   0.66374   0.00000   0.35883   0.73148   0.99560   1.06188   1.23981   1.01794   0.47530   0.41023   0.50032   0.23824   1.47673   0.45223   0.24313   0.01207   0.27587   0.11101   0.20249   0.19623   0.14692   1.37459   0.21751   1.96111   0.88529   1.87672   3.25341   2.50174   0.08399   1.00000  
 39 10.0725   7442.136479  x:  3.66566   0.10353   0.05227   0.45255   0.64274   0.82407   0.55307   0.88389   0.04804   0.09886   0.23902   0.78577   0.66799   0.00000   0.31961   0.76015   0.99685   1.05433   1.25039   1.00514   0.45918   0.39065   0.51933   0.21761   1.45393   0.47240   0.24112   0.01203   0.27407   0.10985   0.20199   0.19470   0.13555   1.38081   0.21735   2.01230   0.85302   1.86993   3.33246   2.55912   0.08373   1.00000  
 40  5.0127   7441.933052  x:  3.72201   0.10242   0.05665   0.45120   0.60777   0.84793   0.53376   0.86364   0.04758   0.09304   0.25987   0.79473   0.66360   0.00000   0.29269   0.78195   1.00982   1.04583   1.24354   1.01647   0.46355   0.40569   0.50098   0.22116   1.43720   0.46748   0.23715   0.01225   0.27168   0.10911   0.20203   0.19491   0.13118   1.38766   0.22116   2.03955   0.82405   1.88389   3.40626   2.62729   0.08336   1.00000  
 41  4.7801   7441.674120  x:  3.82107   0.10277   0.05900   0.46287   0.61781   0.87003   0.54474   0.87903   0.04670   0.10196   0.24654   0.76996   0.64338   0.00000   0.29955   0.79151   1.02625   1.03662   1.22951   1.04374   0.47198   0.40755   0.49229   0.23271   1.43534   0.44261   0.23234   0.01260   0.26865   0.10708   0.20388   0.19583   0.11336   1.38541   0.22004   2.04170   0.82726   1.88935   3.50153   2.72699   0.08284   1.00000  
 42  4.7870   7441.267858  x:  3.99182   0.10174   0.06382   0.43947   0.62866   0.86444   0.54246   0.90041   0.04744   0.10126   0.26705   0.76892   0.67528   0.00000   0.33352   0.77526   1.03370   1.02459   1.22430   1.05485   0.45369   0.40053   0.52373   0.24284   1.45258   0.44634   0.22394   0.01296   0.26854   0.10372   0.20777   0.20062   0.09880   1.38038   0.19644   2.01969   0.85598   1.88512   3.63749   2.91091   0.08228   1.00000  
 43 10.0913   7441.097346  x:  4.06865   0.10235   0.06842   0.43835   0.64180   0.85055   0.53392   0.89898   0.04727   0.10479   0.25334   0.79788   0.67715   0.00000   0.34562   0.75853   1.03058   1.03762   1.23174   1.04033   0.47733   0.40689   0.51146   0.22333   1.46972   0.46379   0.22164   0.01296   0.26739   0.10199   0.20915   0.20135   0.08837   1.38672   0.19335   2.00553   0.87531   1.88413   3.70296   2.98533   0.08208   1.00000  
 44  7.9734   7441.018944  x:  4.10715   0.10117   0.07005   0.44122   0.63716   0.84345   0.55144   0.89449   0.04716   0.10771   0.25985   0.80628   0.65859   0.00000   0.33329   0.74221   1.02158   1.07223   1.24795   1.02973   0.46667   0.40819   0.51238   0.22673   1.48742   0.45657   0.21943   0.01318   0.26667   0.10186   0.20951   0.20200   0.08911   1.39611   0.18888   1.99734   0.87619   1.89022   3.73972   3.02139   0.08205   1.00000  
 45  2.3775   7440.927720  x:  4.15431   0.09962   0.06832   0.44824   0.62666   0.84113   0.55061   0.87548   0.04680   0.10858   0.25321   0.78862   0.67387   0.00000   0.33004   0.74094   1.01294   1.10506   1.27000   1.04062   0.48134   0.40111   0.51811   0.22685   1.49660   0.45027   0.21683   0.01357   0.26585   0.10274   0.21054   0.20293   0.09538   1.39944   0.18610   1.99063   0.87156   1.88234   3.78607   3.07133   0.08204   1.00000  
 46  2.1279   7440.722956  x:  4.26340   0.09974   0.06558   0.45662   0.63510   0.84939   0.56502   0.88502   0.04805   0.11090   0.24754   0.78963   0.69205   0.00000   0.33250   0.76790   1.00511   1.11732   1.28720   1.06285   0.46262   0.42578   0.50047   0.20951   1.48878   0.47225   0.21196   0.01430   0.26652   0.10513   0.21209   0.20607   0.11151   1.38906   0.18474   1.98688   0.87179   1.89662   3.89281   3.19793   0.08224   1.00000  
 47  3.3297   7440.508285  x:  4.38285   0.09881   0.06515   0.43945   0.64189   0.85703   0.56358   0.90719   0.04871   0.11165   0.25339   0.81817   0.67153   0.00000   0.32367   0.79577   1.01441   1.09826   1.27620   1.05823   0.48805   0.40981   0.51882   0.20791   1.48358   0.46646   0.20763   0.01538   0.26598   0.10854   0.21397   0.20898   0.13553   1.38556   0.17937   1.99939   0.88590   1.89845   4.01211   3.33617   0.08233   1.00000  
 48  7.0311   7440.451799  x:  4.41833   0.09641   0.06437   0.43509   0.64821   0.85681   0.55336   0.90124   0.04865   0.11283   0.25065   0.81224   0.67234   0.00000   0.32320   0.79370   1.03300   1.08757   1.26668   1.04184   0.47777   0.41331   0.51155   0.20877   1.49284   0.45806   0.20506   0.01575   0.26494   0.10923   0.21347   0.20870   0.13970   1.39375   0.16775   2.01510   0.89642   1.88768   4.05801   3.36559   0.08230   1.00000  
 49  3.1668   7440.423444  x:  4.44038   0.09661   0.06548   0.43605   0.64387   0.85264   0.56329   0.89542   0.04878   0.11237   0.25021   0.80307   0.67652   0.00000   0.32970   0.77624   1.04463   1.07587   1.26061   1.03414   0.48195   0.41191   0.51199   0.20465   1.49854   0.45991   0.20516   0.01592   0.26494   0.10960   0.21330   0.20843   0.14099   1.39639   0.16922   2.02898   0.89193   1.90309   4.08593   3.39037   0.08232   1.00000  
 50  1.4194   7440.382070  x:  4.47765   0.09755   0.06521   0.44445   0.63971   0.84473   0.57247   0.88432   0.04943   0.11245   0.24799   0.81342   0.67110   0.00000   0.35014   0.75283   1.05325   1.06897   1.25524   1.04409   0.47846   0.41248   0.51329   0.20644   1.49767   0.45919   0.20559   0.01635   0.26623   0.11066   0.21324   0.20857   0.14273   1.39187   0.17169   2.05016   0.87516   1.89253   4.13206   3.44009   0.08231   1.00000  
 51  1.7440   7440.221359  x:  4.64442   0.10218   0.06678   0.44718   0.63809   0.85111   0.56125   0.91251   0.05145   0.10868   0.24901   0.80988   0.68481   0.00000   0.36163   0.74040   1.02780   1.12109   1.22624   1.04336   0.48037   0.41593   0.51322   0.21672   1.46521   0.45430   0.21335   0.01812   0.27040   0.11401   0.21183   0.20849   0.13972   1.39205   0.17202   2.09694   0.87808   1.89770   4.35593   3.66464   0.08224   1.00000  
 52  1.9960   7440.126855  x:  4.74247   0.10532   0.06825   0.43754   0.64485   0.86481   0.56492   0.89799   0.05290   0.10380   0.26140   0.79916   0.66882   0.00000   0.36461   0.77224   1.01822   1.11938   1.24148   1.05351   0.47978   0.41228   0.51853   0.20682   1.48612   0.46766   0.21759   0.01908   0.27287   0.11570   0.21066   0.20809   0.13618   1.40300   0.17144   2.09281   0.88182   1.89804   4.49464   3.79798   0.08216   1.00000  
 53  4.5105   7440.058140  x:  4.81458   0.10838   0.06821   0.43871   0.64902   0.86989   0.58044   0.88963   0.05386   0.10562   0.25272   0.81031   0.68449   0.00000   0.33955   0.79687   1.01926   1.10104   1.25885   1.05637   0.48064   0.41649   0.51816   0.21722   1.50892   0.45669   0.22117   0.01996   0.27525   0.11720   0.21092   0.20864   0.13478   1.41047   0.17588   2.07398   0.88064   1.89697   4.59153   3.90618   0.08207   1.00000  
 54  5.6589   7440.033199  x:  4.84340   0.10956   0.06783   0.44895   0.64121   0.85677   0.57512   0.90162   0.05430   0.10526   0.25371   0.80895   0.68261   0.00000   0.32551   0.80200   1.04411   1.09559   1.28037   1.05987   0.48013   0.41617   0.51905   0.21699   1.50707   0.45857   0.22191   0.02029   0.27576   0.11764   0.21075   0.20866   0.13402   1.40948   0.17686   2.06008   0.88300   1.89591   4.63301   3.94850   0.08198   1.00000  
 55  1.8007   7440.021145  x:  4.86282   0.11020   0.06744   0.44236   0.64575   0.86987   0.57542   0.89859   0.05465   0.10573   0.25345   0.80982   0.68185   0.00000   0.32061   0.79090   1.05050   1.09280   1.29493   1.06025   0.48090   0.41630   0.51890   0.21800   1.49574   0.45928   0.22149   0.02055   0.27546   0.11765   0.21089   0.20862   0.13362   1.40751   0.17704   2.05761   0.88792   1.89536   4.66447   3.97947   0.08186   1.00000  
 56  0.5387   7439.912261  x:  5.05690   0.11228   0.06001   0.43627   0.64876   0.86628   0.57312   0.90016   0.05519   0.10730   0.25392   0.80965   0.68088   0.00000   0.32445   0.79412   1.04931   1.09732   1.28025   1.05517   0.47942   0.41674   0.52040   0.21670   1.50421   0.46509   0.21565   0.02319   0.26719   0.11537   0.21485   0.20874   0.12665   1.41766   0.19133   2.06791   0.86844   1.89561   4.99545   4.31242   0.08022   1.00000  
 57  1.0384   7439.903688  x:  5.07095   0.11245   0.05920   0.44635   0.63889   0.86816   0.57467   0.89765   0.05516   0.10767   0.25378   0.81125   0.67986   0.00000   0.32759   0.79482   1.04355   1.09289   1.28014   1.05428   0.47861   0.41640   0.52089   0.21739   1.50286   0.46523   0.21522   0.02343   0.26685   0.11514   0.21514   0.20888   0.12595   1.42037   0.18859   2.07021   0.87977   1.89595   5.02153   4.34043   0.08012   1.00000  
 58  1.3551   7439.838454  x:  5.13392   0.11193   0.06586   0.44706   0.65434   0.85769   0.58961   0.88807   0.05353   0.10335   0.26158   0.81677   0.68433   0.00000   0.33231   0.79739   1.05939   1.10207   1.26797   1.06077   0.48469   0.41451   0.52020   0.21901   1.49549   0.46780   0.21456   0.02586   0.26769   0.11051   0.21411   0.20850   0.12704   1.43847   0.18301   2.07311   0.89422   1.89471   5.25097   4.58645   0.08016   1.00000  
 59  0.2763   7439.797825  x:  5.17193   0.11095   0.07007   0.45175   0.65493   0.86826   0.57526   0.90552   0.05240   0.10241   0.26189   0.81732   0.68419   0.00000   0.33669   0.78569   1.04913   1.09450   1.27488   1.05846   0.48560   0.41291   0.51716   0.21941   1.51679   0.46571   0.21262   0.02744   0.26770   0.10779   0.21259   0.20730   0.13070   1.42729   0.18109   2.07582   0.88700   1.89513   5.40023   4.73212   0.08016   1.00000  
 60  4.1342   7439.655588  x:  5.09306   0.10554   0.06140   0.44523   0.64633   0.86303   0.57526   0.89874   0.04755   0.10702   0.25287   0.81590   0.68288   0.00000   0.33038   0.79433   1.04699   1.09596   1.28159   1.05746   0.47971   0.41388   0.51943   0.21913   1.50495   0.45842   0.21151   0.03389   0.27301   0.09926   0.21118   0.20841   0.13319   1.42412   0.18911   2.07899   0.88270   1.89770   5.93455   5.24716   0.08140   1.00000  
 61  0.2805   7439.558341  x:  4.87478   0.10737   0.06230   0.45000   0.64507   0.86521   0.57813   0.89887   0.04565   0.10496   0.25576   0.80970   0.68181   0.00000   0.32580   0.79562   1.04177   1.09446   1.28639   1.06161   0.47933   0.41590   0.51907   0.21853   1.50973   0.45898   0.20851   0.03939   0.27374   0.10050   0.21079   0.20869   0.13741   1.42511   0.18648   2.07802   0.87821   1.89668   6.30028   5.62022   0.08030   1.00000  
 62  0.2256   7439.498222  x:  4.80296   0.11159   0.06362   0.44862   0.64413   0.86141   0.57818   0.89587   0.04693   0.10616   0.25590   0.81072   0.67969   0.00000   0.33113   0.78695   1.04079   1.09127   1.27396   1.05567   0.48025   0.41543   0.51742   0.21828   1.50651   0.46138   0.20283   0.04498   0.26683   0.10439   0.21224   0.20857   0.13172   1.41886   0.18176   2.06002   0.88042   1.89357   6.77558   6.09091   0.08162   1.00000  
 63  0.2830   7439.491111  x:  4.83604   0.10995   0.06430   0.44703   0.64342   0.86107   0.57588   0.89548   0.04789   0.10752   0.25382   0.81157   0.67965   0.00000   0.33343   0.78636   1.04195   1.09194   1.27180   1.05378   0.47908   0.41453   0.51707   0.21817   1.50283   0.45878   0.20264   0.04661   0.26806   0.10455   0.21163   0.20900   0.13003   1.41541   0.18174   2.05189   0.88082   1.89443   6.93225   6.24533   0.08128   1.00000  
 64  0.1431   7439.489754  x:  4.83198   0.10785   0.06417   0.44793   0.64366   0.86093   0.57661   0.89524   0.04877   0.10694   0.25459   0.81023   0.67936   0.00000   0.33207   0.78697   1.04029   1.09111   1.27246   1.05429   0.47889   0.41456   0.51706   0.21770   1.50209   0.45921   0.20217   0.04728   0.26816   0.10420   0.21168   0.20923   0.13129   1.41616   0.18178   2.05394   0.87958   1.89405   7.00356   6.31803   0.08134   1.00000  
 65  0.0420   7439.489225  x:  4.83129   0.10713   0.06407   0.44736   0.64373   0.86106   0.57642   0.89550   0.04973   0.10681   0.25436   0.81112   0.67962   0.00000   0.33273   0.78651   1.04142   1.09168   1.27267   1.05435   0.47895   0.41475   0.51706   0.21792   1.50316   0.45931   0.20239   0.04702   0.26799   0.10423   0.21162   0.20904   0.13179   1.41661   0.18227   2.05377   0.88064   1.89414   7.00064   6.31455   0.08133   1.00000  
 66  0.0025   7439.489020  x:  4.82557   0.10764   0.06407   0.44759   0.64354   0.86137   0.57657   0.89580   0.05011   0.10693   0.25411   0.81114   0.67979   0.00000   0.33269   0.78676   1.04134   1.09159   1.27299   1.05430   0.47879   0.41450   0.51723   0.21766   1.50274   0.45895   0.20252   0.04678   0.26796   0.10413   0.21180   0.20920   0.13115   1.41681   0.18193   2.05439   0.88013   1.89418   7.00740   6.32184   0.08133   1.00000  
 67  0.0034   7439.488387  x:  4.82250   0.10876   0.06402   0.44656   0.64353   0.85969   0.57622   0.89433   0.05058   0.10670   0.25426   0.81017   0.67865   0.00000   0.33294   0.78569   1.04059   1.09016   1.27133   1.05324   0.47848   0.41466   0.51668   0.21739   1.50182   0.45870   0.20229   0.04677   0.26828   0.10373   0.21125   0.20904   0.13092   1.41482   0.18193   2.05194   0.88032   1.89403   7.14632   6.45864   0.08138   1.00000  
 68  0.0244   7439.485495  x:  4.83446   0.10937   0.06301   0.44819   0.64281   0.86279   0.57673   0.89549   0.05034   0.10645   0.25402   0.81150   0.68025   0.00000   0.33225   0.78698   1.04205   1.09350   1.27206   1.05422   0.47921   0.41459   0.51691   0.21779   1.50264   0.45990   0.20261   0.04668   0.26842   0.10392   0.21170   0.20891   0.13201   1.41565   0.18113   2.05228   0.87972   1.89394   7.72164   7.03636   0.08131   1.00000  
 69  0.1019   7439.481183  x:  4.82512   0.10745   0.06458   0.44770   0.64414   0.86107   0.57726   0.89587   0.04932   0.10670   0.25453   0.81119   0.67973   0.00000   0.33324   0.78651   1.04089   1.09189   1.27333   1.05477   0.47879   0.41466   0.51763   0.21794   1.50413   0.45890   0.20295   0.04587   0.26803   0.10452   0.21205   0.20919   0.13153   1.41841   0.18298   2.05622   0.88071   1.89470   9.45833   8.77305   0.08133   1.00000  
 70  0.5379   7439.480614  x:  4.82440   0.10746   0.06405   0.44716   0.64350   0.86049   0.57690   0.89472   0.04978   0.10700   0.25421   0.81078   0.67942   0.00000   0.33271   0.78637   1.04121   1.09088   1.27223   1.05383   0.47882   0.41451   0.51698   0.21767   1.50191   0.45908   0.20293   0.04605   0.26804   0.10418   0.21154   0.20904   0.13132   1.41593   0.18190   2.05259   0.88017   1.89398   9.83326   9.14651   0.08136   1.00000  
 71  0.3478   7439.480282  x:  4.82441   0.10763   0.06406   0.44775   0.64336   0.86125   0.57684   0.89522   0.04961   0.10653   0.25432   0.81084   0.67955   0.00000   0.33281   0.78611   1.04063   1.09194   1.27173   1.05413   0.47893   0.41455   0.51696   0.21773   1.50285   0.45904   0.20292   0.04591   0.26803   0.10437   0.21183   0.20895   0.13170   1.41601   0.18212   2.05235   0.88023   1.89413  11.15738  10.47102   0.08134   1.00000  
 72  0.3737   7439.480158  x:  4.82501   0.10751   0.06407   0.44730   0.64357   0.86065   0.57701   0.89484   0.04975   0.10693   0.25429   0.81087   0.67951   0.00000   0.33284   0.78637   1.04124   1.09114   1.27232   1.05394   0.47878   0.41451   0.51710   0.21772   1.50214   0.45910   0.20292   0.04604   0.26806   0.10422   0.21162   0.20905   0.13140   1.41628   0.18201   2.05288   0.88021   1.89409  11.73729  11.05081   0.08136   1.00000  
 73  0.4284   7439.480107  x:  4.82495   0.10770   0.06412   0.44746   0.64356   0.86098   0.57683   0.89526   0.04968   0.10679   0.25423   0.81092   0.67956   0.00000   0.33273   0.78644   1.04097   1.09148   1.27241   1.05417   0.47892   0.41459   0.51707   0.21773   1.50283   0.45906   0.20289   0.04605   0.26805   0.10427   0.21171   0.20904   0.13147   1.41645   0.18217   2.05358   0.88030   1.89415  12.88428  12.19802   0.08134   1.00000  
 74  0.4567   7439.480089  x:  4.82540   0.10761   0.06405   0.44734   0.64356   0.86078   0.57701   0.89496   0.04974   0.10687   0.25429   0.81091   0.67954   0.00000   0.33280   0.78640   1.04124   1.09132   1.27235   1.05406   0.47883   0.41454   0.51709   0.21774   1.50238   0.45911   0.20291   0.04606   0.26806   0.10423   0.21166   0.20904   0.13142   1.41633   0.18201   2.05316   0.88027   1.89412  13.53422  12.84787   0.08135   1.00000  
 75  0.4408   7439.480080  x:  4.82472   0.10759   0.06410   0.44743   0.64355   0.86085   0.57688   0.89508   0.04970   0.10682   0.25425   0.81088   0.67953   0.00000   0.33279   0.78636   1.04101   1.09136   1.27228   1.05404   0.47886   0.41455   0.51706   0.21772   1.50252   0.45906   0.20291   0.04602   0.26805   0.10427   0.21168   0.20903   0.13147   1.41629   0.18212   2.05308   0.88023   1.89411  14.64104  13.95463   0.08135   1.00000  
 76  0.4736   7439.480077  x:  4.82507   0.10758   0.06407   0.44737   0.64355   0.86079   0.57697   0.89498   0.04972   0.10686   0.25429   0.81088   0.67953   0.00000   0.33281   0.78637   1.04115   1.09132   1.27230   1.05404   0.47884   0.41454   0.51708   0.21774   1.50240   0.45909   0.20291   0.04604   0.26805   0.10424   0.21167   0.20904   0.13144   1.41632   0.18205   2.05307   0.88026   1.89412  15.33468  14.64829   0.08135   1.00000  
 77  0.4553   7439.480075  x:  4.82498   0.10761   0.06409   0.44740   0.64355   0.86084   0.57691   0.89506   0.04971   0.10684   0.25426   0.81090   0.67953   0.00000   0.33278   0.78638   1.04108   1.09136   1.27232   1.05406   0.47886   0.41455   0.51707   0.21772   1.50251   0.45908   0.20291   0.04604   0.26806   0.10425   0.21168   0.20904   0.13145   1.41632   0.18209   2.05317   0.88025   1.89412  16.42169  15.73531   0.08135   1.00000  
 78  0.4823   7439.480075  x:  4.82508   0.10760   0.06408   0.44738   0.64355   0.86081   0.57695   0.89501   0.04972   0.10685   0.25428   0.81089   0.67953   0.00000   0.33280   0.78638   1.04113   1.09134   1.27231   1.05405   0.47885   0.41454   0.51708   0.21773   1.50245   0.45909   0.20291   0.04604   0.26805   0.10425   0.21167   0.20904   0.13144   1.41632   0.18206   2.05312   0.88026   1.89412  17.16124  16.47486   0.08135   1.00000  
 79  0.4798   7439.480075  x:  4.82498   0.10760   0.06408   0.44740   0.64355   0.86083   0.57693   0.89503   0.04971   0.10684   0.25427   0.81089   0.67953   0.00000   0.33279   0.78638   1.04109   1.09135   1.27231   1.05405   0.47885   0.41455   0.51707   0.21772   1.50247   0.45908   0.20291   0.04603   0.26806   0.10425   0.21167   0.20904   0.13145   1.41631   0.18208   2.05313   0.88025   1.89412  18.22069  17.53431   0.08135   1.00000  
 80  0.4860   7439.480075  x:  4.82504   0.10760   0.06408   0.44739   0.64355   0.86082   0.57695   0.89501   0.04972   0.10685   0.25428   0.81089   0.67953   0.00000   0.33280   0.78638   1.04112   1.09134   1.27231   1.05405   0.47885   0.41455   0.51708   0.21773   1.50245   0.45909   0.20291   0.04604   0.26805   0.10425   0.21167   0.20904   0.13144   1.41632   0.18206   2.05312   0.88026   1.89412  19.08786  18.40148   0.08135   1.00000  
 81  0.5310   7439.480075  x:  4.82501   0.10760   0.06408   0.44739   0.64355   0.86082   0.57694   0.89503   0.04972   0.10684   0.25427   0.81089   0.67953   0.00000   0.33279   0.78638   1.04110   1.09134   1.27231   1.05405   0.47885   0.41455   0.51707   0.21773   1.50247   0.45908   0.20291   0.04604   0.26806   0.10425   0.21167   0.20904   0.13144   1.41632   0.18207   2.05313   0.88025   1.89412  19.97870  19.29232   0.08135   1.00000  
 82  0.4748   7439.480074  x:  4.82503   0.10760   0.06408   0.44739   0.64355   0.86082   0.57694   0.89502   0.04972   0.10685   0.25427   0.81089   0.67953   0.00000   0.33279   0.78638   1.04111   1.09134   1.27231   1.05405   0.47885   0.41455   0.51708   0.21773   1.50246   0.45908   0.20291   0.04604   0.26805   0.10425   0.21167   0.20904   0.13144   1.41632   0.18207   2.05312   0.88025   1.89412  20.69931  20.01294   0.08135   1.00000  
 83  0.4305   7439.480074  x:  4.82502   0.10760   0.06408   0.44739   0.64355   0.86082   0.57694   0.89502   0.04972   0.10684   0.25427   0.81089   0.67953   0.00000   0.33279   0.78638   1.04111   1.09134   1.27231   1.05405   0.47885   0.41455   0.51707   0.21773   1.50246   0.45908   0.20291   0.04604   0.26806   0.10425   0.21167   0.20904   0.13144   1.41632   0.18207   2.05313   0.88025   1.89412  20.93629  20.24991   0.08135   1.00000  
 84  0.1888   7439.480074  x:  4.82501   0.10760   0.06408   0.44739   0.64355   0.86082   0.57694   0.89503   0.04972   0.10684   0.25427   0.81089   0.67953   0.00000   0.33279   0.78638   1.04111   1.09134   1.27231   1.05405   0.47885   0.41455   0.51707   0.21773   1.50246   0.45908   0.20291   0.04604   0.26806   0.10425   0.21167   0.20904   0.13144   1.41632   0.18207   2.05313   0.88025   1.89412  22.88638  22.20000   0.08135   1.00000  
 85  0.5684   7439.480074  x:  4.82502   0.10760   0.06408   0.44739   0.64355   0.86082   0.57694   0.89502   0.04972   0.10684   0.25427   0.81089   0.67953   0.00000   0.33279   0.78638   1.04111   1.09134   1.27231   1.05405   0.47885   0.41455   0.51707   0.21773   1.50246   0.45908   0.20291   0.04604   0.26806   0.10425   0.21167   0.20904   0.13144   1.41632   0.18207   2.05312   0.88025   1.89412  26.87220  26.18582   0.08135   1.00000  
 86  3.1299   7439.480074  x:  4.82502   0.10760   0.06408   0.44739   0.64355   0.86082   0.57694   0.89502   0.04972   0.10684   0.25427   0.81089   0.67953   0.00000   0.33279   0.78638   1.04111   1.09134   1.27231   1.05405   0.47885   0.41455   0.51707   0.21773   1.50246   0.45908   0.20291   0.04604   0.26806   0.10425   0.21167   0.20904   0.13144   1.41632   0.18207   2.05312   0.88025   1.89412  25.87575  25.18937   0.08135   1.00000  
 87  5.6368   7439.480074  x:  4.82502   0.10760   0.06408   0.44739   0.64355   0.86082   0.57694   0.89502   0.04972   0.10684   0.25427   0.81089   0.67953   0.00000   0.33279   0.78638   1.04111   1.09134   1.27231   1.05405   0.47885   0.41455   0.51707   0.21773   1.50246   0.45908   0.20291   0.04604   0.26806   0.10425   0.21167   0.20904   0.13144   1.41632   0.18207   2.05312   0.88025   1.89412  25.87575  25.18937   0.08135   1.00000  
 88 37.9017   7439.480074  x:  4.82502   0.10760   0.06408   0.44739   0.64355   0.86082   0.57694   0.89502   0.04972   0.10684   0.25427   0.81089   0.67953   0.00000   0.33279   0.78638   1.04111   1.09134   1.27231   1.05405   0.47885   0.41455   0.51707   0.21773   1.50246   0.45908   0.20291   0.04604   0.26806   0.10425   0.21167   0.20904   0.13144   1.41632   0.18207   2.05312   0.88025   1.89412  25.87575  25.18937   0.08135   1.00000  