

TREE # 1

  0  0.0000   9224.846453  x:  0.17444   0.02804   0.07307   0.00000   0.21220   0.15259   0.14764   0.15672   0.09176   0.01488   0.10164   0.09888   0.08304   0.02822   0.03654   0.11840   0.16638   0.13073   0.17006   0.12456   0.13600   0.08105   0.05011   0.02312   0.14692   0.15208   0.08109   0.04353   0.13235   0.02986   0.05286   0.04009   0.10565   0.11049   0.05181   0.16210   0.10351   2.00000   1.39835   0.16116   0.29812   1.40136  
  1 99.0000   8109.053195  x:  0.33972   0.14943   0.13461   0.33205   0.26387   0.21933   0.20718   0.22934   0.13450   0.10751   0.15907   0.22820   0.21467   0.09806   0.16641   0.18858   0.24541   0.24143   0.25684   0.23643   0.18637   0.18062   0.21959   0.13353   0.27066   0.19711   0.10917   0.05597   0.15044   0.08419   0.12720   0.14567   0.14739   0.24579   0.15129   0.28456   0.25750   1.99212   1.43237   0.12863   0.00000   1.40039  
  2 3555.3567   7950.936203  x:  0.54078   0.29707   0.20945   0.73588   0.32670   0.30052   0.27962   0.31769   0.18646   0.22015   0.22891   0.38550   0.37477   0.18299   0.32437   0.27396   0.34157   0.37611   0.36241   0.37252   0.24762   0.30172   0.42571   0.26782   0.42119   0.25188   0.14332   0.07108   0.17244   0.15024   0.21761   0.27405   0.19815   0.41037   0.27230   0.43354   0.44481   1.98253   1.47375   0.08906   0.00142   1.39920  
  3 19433.9154   7861.362062  x:  0.64406   0.27919   0.15339   0.72486   0.32290   0.32463   0.31341   0.36939   0.12484   0.16546   0.19084   0.40274   0.37723   0.14317   0.33040   0.30474   0.40163   0.44538   0.41360   0.39814   0.22571   0.27529   0.40174   0.22991   0.49169   0.24922   0.10379   0.00000   0.14082   0.06755   0.14614   0.19551   0.18397   0.45131   0.27622   0.50948   0.49336   1.98017   1.42731   0.14083   0.00140   1.39521  
  4 386.3656   7804.138519  x:  0.79282   0.24044   0.05838   0.69211   0.31170   0.35790   0.35165   0.43261   0.02259   0.07663   0.13369   0.42542   0.37835   0.08001   0.33130   0.33950   0.47595   0.53246   0.48103   0.43619   0.20300   0.23815   0.36128   0.16460   0.59398   0.24409   0.15202   0.12730   0.15230   0.02202   0.07718   0.09435   0.14903   0.50831   0.26820   0.61211   0.55254   1.97691   1.36219   0.21418   0.00137   1.38889  
  5 788.3791   7788.649060  x:  0.83462   0.22236   0.03501   0.66937   0.30629   0.36584   0.35831   0.44643   0.00000   0.05530   0.12164   0.42941   0.37729   0.06311   0.32668   0.34541   0.49284   0.55226   0.49739   0.44794   0.20588   0.22978   0.34569   0.14575   0.62101   0.24039   0.14929   0.12900   0.16240   0.06003   0.09874   0.09775   0.13282   0.52338   0.25764   0.63832   0.56283   1.97599   1.34220   0.23688   0.00137   1.38677  
  6 419.1849   7759.439063  x:  1.02264   0.11607   0.05308   0.51111   0.27740   0.39571   0.36025   0.47960   0.05370   0.06353   0.12887   0.44179   0.38537   0.03294   0.28943   0.34860   0.53789   0.60754   0.55333   0.52272   0.30046   0.23332   0.27506   0.11224   0.73625   0.23810   0.15568   0.16326   0.18967   0.00000   0.19113   0.19912   0.02833   0.59692   0.16036   0.73669   0.57208   1.97019   1.25513   0.33843   0.00133   1.37521  
  7 261.0117   7747.703618  x:  1.10863   0.07577   0.08367   0.42270   0.27381   0.40997   0.35650   0.48930   0.09984   0.09104   0.15019   0.44752   0.39470   0.03625   0.27180   0.34525   0.55136   0.62384   0.57626   0.55960   0.34195   0.24948   0.25985   0.11716   0.78204   0.24965   0.15939   0.17165   0.19625   0.03769   0.15391   0.19647   0.00000   0.63914   0.11071   0.77933   0.56809   1.96744   1.21490   0.38669   0.00132   1.36880  
  8 302.6083   7738.793912  x:  1.21963   0.08322   0.08735   0.27760   0.29518   0.42928   0.33718   0.48426   0.11464   0.10132   0.18196   0.45480   0.40898   0.03931   0.24192   0.32470   0.54552   0.61879   0.59618   0.60233   0.38410   0.29305   0.27916   0.13687   0.82155   0.27163   0.16688   0.17869   0.21440   0.04565   0.16384   0.18986   0.11387   0.71143   0.06882   0.83088   0.55149   1.96183   1.15652   0.46017   0.00130   1.35712  
  9 164.0979   7735.081073  x:  1.27299   0.06047   0.08145   0.22196   0.39434   0.44986   0.33237   0.47538   0.08823   0.08511   0.20894   0.46859   0.42740   0.05174   0.24073   0.31302   0.52229   0.58273   0.60138   0.61773   0.38671   0.32720   0.33083   0.15370   0.80560   0.28667   0.17091   0.17731   0.21316   0.03910   0.17853   0.17857   0.08168   0.74192   0.08470   0.84803   0.53521   1.95913   1.12675   0.50745   0.00130   1.34239  
 10 54.7292   7733.932820  x:  1.30471   0.09261   0.09414   0.20294   0.44207   0.45460   0.33922   0.48066   0.08494   0.08562   0.21337   0.46599   0.43144   0.05348   0.24944   0.32563   0.51968   0.56757   0.60316   0.61909   0.38364   0.30760   0.31394   0.15876   0.78632   0.28844   0.17693   0.17814   0.22089   0.04052   0.17021   0.19908   0.07253   0.75584   0.11136   0.85581   0.52980   1.95638   1.11908   0.53462   0.00130   1.32555  
 11 28.9192   7732.886047  x:  1.33947   0.09298   0.09189   0.21673   0.46131   0.45072   0.35354   0.49428   0.10422   0.10158   0.22097   0.46658   0.43987   0.04651   0.27043   0.36605   0.53762   0.56335   0.59969   0.61360   0.39317   0.30280   0.31642   0.15769   0.75182   0.28465   0.17660   0.18245   0.22476   0.04126   0.19308   0.17454   0.07764   0.76793   0.11192   0.85374   0.52240   1.95437   1.12695   0.57884   0.00129   1.27970  
 12 13.2848   7730.926336  x:  1.39567   0.07571   0.07175   0.24987   0.45336   0.43852   0.36724   0.50824   0.11109   0.09163   0.22408   0.48089   0.45687   0.03140   0.29780   0.41719   0.56723   0.55752   0.59154   0.60733   0.40311   0.32407   0.35572   0.17080   0.71081   0.29599   0.18514   0.18603   0.22192   0.04422   0.17139   0.21784   0.08958   0.78779   0.11259   0.85107   0.52783   1.95332   1.15785   0.67233   0.00129   1.16799  
 13 29.1252   7727.152057  x:  1.44930   0.08540   0.08236   0.29093   0.42158   0.43518   0.36768   0.50919   0.09613   0.07904   0.23101   0.50885   0.47681   0.06802   0.31560   0.42307   0.57829   0.54961   0.59120   0.63154   0.39645   0.33233   0.37663   0.20595   0.72995   0.32463   0.18958   0.18738   0.22967   0.04361   0.18538   0.21426   0.07931   0.80706   0.12950   0.86191   0.56489   1.95455   1.22155   0.78943   0.00127   1.00000  
 14 40.0224   7723.981599  x:  1.47527   0.12829   0.06598   0.38899   0.44858   0.48699   0.38346   0.51594   0.08576   0.12810   0.24776   0.53094   0.50562   0.04079   0.30690   0.36799   0.54455   0.57718   0.59955   0.66061   0.40837   0.35244   0.41473   0.20228   0.81294   0.28442   0.17675   0.19838   0.23194   0.04705   0.18323   0.22498   0.07218   0.83897   0.12130   0.88917   0.60289   1.96742   1.30525   0.97596   0.00126   1.00000  
 15 35.3669   7722.718258  x:  1.42736   0.11467   0.06721   0.39918   0.49020   0.51392   0.39460   0.53017   0.08415   0.14187   0.22977   0.52387   0.50466   0.05073   0.34534   0.35781   0.54516   0.63982   0.65150   0.67644   0.41248   0.35762   0.42499   0.21763   0.84893   0.28959   0.21250   0.18777   0.23586   0.04860   0.18798   0.23529   0.08530   0.86008   0.11864   0.90848   0.59671   1.97673   1.34557   1.04907   0.00125   1.00000  
 16 20.1914   7722.043276  x:  1.37556   0.11180   0.07508   0.40134   0.49302   0.50492   0.38446   0.53394   0.08953   0.14275   0.21848   0.53777   0.52117   0.05147   0.36933   0.35495   0.54964   0.66432   0.67295   0.68281   0.41891   0.35753   0.43166   0.22561   0.85619   0.28517   0.19000   0.20054   0.24354   0.04999   0.18927   0.23779   0.08578   0.88281   0.13790   0.92850   0.60049   1.98258   1.33515   1.12124   0.00125   1.00000  
 17 13.6391   7721.203254  x:  1.32126   0.13636   0.06503   0.37857   0.49185   0.49488   0.41352   0.57585   0.09199   0.13875   0.22985   0.56865   0.54613   0.04166   0.36383   0.35862   0.56996   0.66035   0.67114   0.69130   0.43317   0.36666   0.43415   0.22154   0.86255   0.30431   0.19408   0.20132   0.23459   0.05102   0.19498   0.23576   0.07076   0.91610   0.13710   0.96141   0.61145   1.97866   1.36533   1.17419   0.00124   1.00000  
 18  8.6834   7718.587567  x:  1.29815   0.15357   0.08952   0.39854   0.51725   0.50401   0.39803   0.57584   0.08931   0.10340   0.23473   0.56860   0.52671   0.04570   0.33540   0.40436   0.62714   0.62612   0.65793   0.72840   0.44453   0.38394   0.44072   0.17157   0.88299   0.31017   0.23002   0.16797   0.29590   0.04600   0.18601   0.22579   0.05959   0.97654   0.09333   1.02726   0.65883   1.96057   1.46733   1.33898   0.00124   1.00000  
 19 10.1975   7712.663905  x:  1.36357   0.12115   0.09109   0.40772   0.54317   0.53974   0.38162   0.55699   0.08301   0.09726   0.26457   0.54222   0.49367   0.06718   0.30796   0.47458   0.68689   0.59148   0.67470   0.77520   0.43974   0.37001   0.42246   0.12818   0.94164   0.32020   0.24245   0.17214   0.19044   0.06394   0.19330   0.22879   0.07532   1.03753   0.10604   1.11566   0.73527   1.94114   1.70589   1.66049   0.00122   1.00000  
 20 37.5324   7698.448410  x:  1.66758   0.03084   0.04136   0.36901   0.55167   0.62397   0.45641   0.59381   0.05051   0.11552   0.31003   0.53110   0.51702   0.02091   0.28672   0.56090   0.72991   0.60806   0.77612   0.79947   0.40408   0.33057   0.40564   0.21521   1.08141   0.36518   0.14538   0.17199   0.28171   0.06248   0.17141   0.21347   0.07767   1.07881   0.15723   1.24056   0.80173   1.94212   2.37897   2.39946   0.00118   1.00000  
 21 84.7264   7688.905693  x:  1.86588   0.08699   0.07375   0.35010   0.52152   0.63098   0.47555   0.62230   0.03006   0.09343   0.26011   0.56434   0.54821   0.00000   0.30530   0.55952   0.73164   0.66982   0.83525   0.78918   0.37993   0.35338   0.43362   0.23199   1.12061   0.35347   0.17176   0.14766   0.26244   0.06840   0.18144   0.18950   0.03850   1.06329   0.13323   1.26823   0.77681   1.97204   2.67057   2.79694   0.00117   1.00000  
 22 123.8620   7686.227654  x:  1.95004   0.09742   0.02523   0.34640   0.51759   0.61325   0.47257   0.64486   0.04436   0.10223   0.23568   0.60562   0.56325   0.06158   0.32251   0.52560   0.72934   0.69944   0.84425   0.79697   0.38820   0.35150   0.43347   0.19332   1.11999   0.33915   0.19202   0.12899   0.27271   0.06804   0.17167   0.18726   0.03040   1.05440   0.13910   1.27886   0.76555   1.99182   2.77498   2.93856   0.00116   1.00000  
 23 71.7672   7684.844957  x:  2.00867   0.06721   0.04859   0.35908   0.54117   0.58560   0.47205   0.68164   0.06644   0.08243   0.20430   0.64227   0.56801   0.06842   0.31684   0.46291   0.73015   0.73055   0.82522   0.79174   0.40254   0.33865   0.42973   0.15176   1.10996   0.35938   0.19776   0.12288   0.27462   0.07242   0.17028   0.18185   0.05067   1.05657   0.16062   1.29237   0.76717   2.00300   2.83916   3.00155   0.00115   1.00000  
 24 33.3346   7684.427806  x:  2.02964   0.06756   0.04064   0.36896   0.55188   0.55859   0.44894   0.68651   0.05694   0.10114   0.20703   0.64112   0.55893   0.05571   0.32689   0.42899   0.74367   0.75369   0.80876   0.78883   0.40053   0.33693   0.42149   0.15091   1.10003   0.39225   0.19974   0.12019   0.27396   0.07179   0.17176   0.18068   0.04619   1.06545   0.15474   1.30373   0.76774   2.00330   2.85056   3.01802   0.00115   1.00000  
 25 12.5737   7684.255450  x:  2.04029   0.07309   0.04266   0.36442   0.55415   0.55044   0.44813   0.69051   0.05619   0.09522   0.21466   0.62860   0.55078   0.05799   0.34860   0.41122   0.75302   0.76600   0.80146   0.79147   0.39518   0.34496   0.42411   0.14533   1.09357   0.38757   0.18543   0.12645   0.27308   0.07153   0.17160   0.18194   0.04271   1.07461   0.14848   1.31466   0.76989   1.99664   2.85721   3.01009   0.00115   1.00000  
 26  5.8282   7684.023340  x:  2.05261   0.06924   0.03713   0.36641   0.54687   0.54904   0.45471   0.68810   0.06628   0.08401   0.22331   0.61541   0.55325   0.05007   0.37294   0.38854   0.75384   0.77134   0.78577   0.79386   0.39042   0.33871   0.42430   0.16207   1.08830   0.36941   0.19985   0.11870   0.27175   0.07219   0.17347   0.17878   0.04008   1.08980   0.14894   1.33491   0.77821   1.98842   2.84269   3.00234   0.00115   1.00000  
 27  4.7379   7683.327932  x:  2.08567   0.05606   0.05533   0.36706   0.53244   0.56636   0.47629   0.67936   0.02816   0.11370   0.20370   0.62728   0.56621   0.05225   0.40332   0.39079   0.75201   0.77908   0.76972   0.79832   0.39519   0.33289   0.43009   0.16635   1.08204   0.35439   0.20934   0.10896   0.26988   0.07247   0.17307   0.18047   0.04235   1.11348   0.14090   1.38275   0.78697   1.98536   2.78007   2.95634   0.00115   1.00000  
 28  4.4392   7680.997057  x:  2.20023   0.08355   0.03844   0.39265   0.53335   0.62498   0.49430   0.64140   0.04958   0.10675   0.13485   0.66310   0.57351   0.04661   0.43613   0.44048   0.74613   0.82169   0.78395   0.80994   0.41766   0.33801   0.44850   0.19288   1.10709   0.39312   0.19753   0.09678   0.25511   0.08053   0.18002   0.17542   0.02767   1.15733   0.12141   1.51462   0.80002   2.00431   2.55658   2.78830   0.00113   1.00000  
 29 20.2382   7677.636494  x:  2.37030   0.09997   0.05816   0.44118   0.52467   0.65908   0.49743   0.65522   0.05923   0.08717   0.22981   0.71697   0.61125   0.03712   0.44699   0.51825   0.76534   0.90908   0.88807   0.81592   0.36568   0.35085   0.47381   0.16601   1.16695   0.42500   0.22773   0.05975   0.25677   0.08862   0.19223   0.18216   0.02814   1.17822   0.12361   1.65055   0.81523   2.05507   2.17967   2.56097   0.00111   1.00000  
 30 43.0757   7676.082097  x:  2.44834   0.10989   0.06355   0.47281   0.52836   0.63800   0.51391   0.74073   0.04101   0.09604   0.22723   0.66638   0.59478   0.04787   0.42287   0.53185   0.80749   0.91534   0.94218   0.85416   0.39956   0.39499   0.49072   0.19424   1.21444   0.41773   0.24283   0.04374   0.25883   0.09459   0.19611   0.17870   0.02534   1.17545   0.15813   1.64254   0.84242   2.05790   1.98299   2.48154   0.00110   1.00000  
 31 23.3132   7675.600950  x:  2.47043   0.11055   0.06208   0.48034   0.55113   0.63029   0.50356   0.76222   0.03528   0.09125   0.21599   0.67239   0.62736   0.04924   0.42054   0.52569   0.85070   0.90704   0.96528   0.88610   0.39661   0.36912   0.49720   0.21391   1.23825   0.40535   0.23664   0.04388   0.25085   0.09638   0.19494   0.18308   0.03075   1.19048   0.12898   1.59101   0.85204   2.03860   1.93096   2.44961   0.00110   1.00000  
 32 10.4585   7675.449451  x:  2.47846   0.11233   0.06066   0.46722   0.55509   0.63278   0.49754   0.75501   0.04139   0.09971   0.20744   0.68579   0.63043   0.03391   0.42908   0.52095   0.87290   0.90360   0.97659   0.89030   0.39351   0.37533   0.49874   0.20858   1.24862   0.39959   0.24184   0.03943   0.25266   0.09691   0.19598   0.18104   0.02817   1.20313   0.14018   1.55721   0.87267   2.03067   1.91965   2.43449   0.00110   1.00000  
 33  6.3151   7675.383941  x:  2.48135   0.11320   0.06073   0.46875   0.55402   0.64391   0.51155   0.75068   0.04199   0.09841   0.21102   0.69499   0.61845   0.03320   0.43924   0.51226   0.87883   0.89986   0.97956   0.88794   0.39449   0.37626   0.49332   0.20623   1.25057   0.40764   0.24028   0.03922   0.25299   0.09702   0.19592   0.18163   0.02868   1.21457   0.13589   1.53255   0.88127   2.03608   1.90663   2.43647   0.00110   1.00000  
 34  3.1581   7675.298934  x:  2.48727   0.11703   0.06070   0.46340   0.54631   0.65066   0.51584   0.74944   0.04311   0.09947   0.21222   0.67941   0.62323   0.03532   0.43343   0.51093   0.87694   0.91091   0.97396   0.88741   0.39863   0.36148   0.50849   0.19566   1.24831   0.41742   0.23900   0.03770   0.25425   0.09661   0.19656   0.18191   0.02420   1.22718   0.14044   1.51971   0.88328   2.04431   1.90140   2.43021   0.00110   1.00000  
 35  0.7052   7674.738895  x:  2.52795   0.11468   0.05799   0.45841   0.54328   0.65358   0.51043   0.75842   0.03667   0.08712   0.21860   0.66913   0.64179   0.04422   0.40118   0.51963   0.85305   0.96029   0.93927   0.87802   0.41088   0.38510   0.46255   0.19372   1.24117   0.41177   0.22596   0.03069   0.24905   0.09740   0.19307   0.18263   0.02104   1.26347   0.14847   1.49040   0.86330   2.04815   1.88515   2.37536   0.00111   1.00000  
 36  1.7753   7674.020752  x:  2.58087   0.11255   0.05596   0.43849   0.54707   0.63190   0.52044   0.79352   0.05998   0.10713   0.20583   0.68766   0.60006   0.04410   0.38543   0.51489   0.83757   0.96729   0.91763   0.86323   0.37470   0.37354   0.46616   0.19491   1.25244   0.40629   0.20886   0.02628   0.24617   0.09936   0.19553   0.19400   0.02607   1.23975   0.13707   1.50232   0.85375   2.03433   1.85055   2.31747   0.00113   1.00000  
 37  5.6067   7673.643369  x:  2.60925   0.11694   0.05637   0.43063   0.54862   0.62020   0.51912   0.79527   0.05813   0.10477   0.21520   0.69262   0.59471   0.03057   0.40304   0.49756   0.84169   0.94804   0.93687   0.85119   0.41526   0.35760   0.46452   0.18593   1.25510   0.40944   0.20160   0.02064   0.24309   0.10142   0.19079   0.19364   0.03192   1.19588   0.12962   1.52129   0.85201   2.03139   1.83753   2.28009   0.00114   1.00000  
 38  7.7469   7673.535293  x:  2.61643   0.11624   0.05596   0.43033   0.54971   0.62513   0.52899   0.78948   0.06392   0.10879   0.20836   0.68019   0.61404   0.02757   0.40380   0.48214   0.85732   0.93544   0.94566   0.85610   0.40849   0.36714   0.45458   0.17958   1.24558   0.41747   0.19845   0.02061   0.24329   0.10196   0.19121   0.19557   0.03628   1.17333   0.12608   1.53263   0.85572   2.04354   1.82883   2.27162   0.00114   1.00000  
 39  4.2322   7673.505484  x:  2.61741   0.11712   0.05628   0.43015   0.54799   0.62997   0.53087   0.78478   0.06318   0.10952   0.21035   0.68495   0.60801   0.02578   0.39417   0.47589   0.87061   0.93761   0.94999   0.86589   0.41029   0.36558   0.45556   0.18497   1.23412   0.41188   0.19726   0.02174   0.24301   0.10202   0.19149   0.19564   0.03602   1.17026   0.12975   1.53607   0.85024   2.05063   1.82529   2.26416   0.00114   1.00000  
 40  1.2021   7673.291621  x:  2.62526   0.11428   0.05576   0.44253   0.53116   0.63631   0.52094   0.79256   0.06726   0.11590   0.20672   0.67859   0.60440   0.02356   0.38851   0.46045   0.86740   0.90792   0.98303   0.86199   0.41030   0.36793   0.45221   0.17819   1.22091   0.41564   0.19406   0.02678   0.24491   0.10061   0.19404   0.19855   0.03450   1.19947   0.13835   1.53246   0.81653   2.02294   1.76389   2.19415   0.00115   1.00000  
 41  0.5693   7672.796066  x:  2.63600   0.11147   0.05967   0.42716   0.55279   0.60316   0.51461   0.79287   0.06928   0.11750   0.21644   0.66940   0.60736   0.02421   0.40472   0.47840   0.86127   0.88986   0.95437   0.85704   0.43229   0.37166   0.44947   0.18879   1.24487   0.40275   0.18679   0.04243   0.24846   0.09913   0.19922   0.20794   0.04254   1.19686   0.13313   1.50160   0.82569   2.05984   1.60785   2.03044   0.00118   1.00000  
 42  4.1405   7672.695075  x:  2.63639   0.11334   0.06037   0.42258   0.55520   0.60844   0.52026   0.78826   0.07040   0.11602   0.22343   0.67107   0.60972   0.02121   0.40827   0.48412   0.85147   0.90452   0.94021   0.87888   0.43869   0.37381   0.44843   0.18532   1.23930   0.41155   0.18601   0.04492   0.25060   0.09924   0.19972   0.20951   0.04531   1.17306   0.13450   1.48980   0.83291   2.03060   1.57081   2.00740   0.00119   1.00000  
 43  3.3991   7672.441720  x:  2.65629   0.11197   0.06076   0.41318   0.55106   0.63455   0.48699   0.81682   0.07108   0.11671   0.22430   0.67105   0.60479   0.01829   0.40717   0.48603   0.82379   0.89981   0.95706   0.89031   0.43886   0.37287   0.44403   0.19380   1.19847   0.40602   0.18961   0.04347   0.25200   0.09873   0.20300   0.21042   0.04601   1.16835   0.11658   1.48508   0.87664   2.04231   1.53297   1.96432   0.00121   1.00000  
 44  0.3979   7670.549998  x:  2.82119   0.10325   0.07311   0.39711   0.55546   0.63197   0.49891   0.73900   0.07446   0.11658   0.23836   0.64750   0.59484   0.05020   0.36390   0.48438   0.86444   0.85765   0.96616   0.86770   0.44644   0.37865   0.44687   0.20470   1.19822   0.37709   0.23298   0.01952   0.27377   0.09655   0.22352   0.21945   0.04921   1.15508   0.11789   1.46871   0.83953   2.02444   1.24844   1.69301   0.00138   1.00000  
 45  2.9380   7670.423572  x:  2.83233   0.09990   0.07398   0.39867   0.54964   0.63183   0.49267   0.74265   0.07531   0.11508   0.23906   0.64746   0.59117   0.03490   0.38168   0.49065   0.85656   0.84176   0.95690   0.90545   0.44246   0.37974   0.44476   0.19621   1.20836   0.38113   0.23542   0.01618   0.27461   0.09644   0.22306   0.21880   0.05049   1.15692   0.12613   1.46443   0.81437   2.04146   1.23978   1.67866   0.00139   1.00000  
 46  3.1652   7669.436986  x:  2.92938   0.09291   0.07857   0.38217   0.54611   0.73647   0.43232   0.78421   0.07416   0.10865   0.24882   0.65691   0.59998   0.04576   0.40205   0.49431   0.90284   0.83836   0.89266   0.86666   0.44276   0.38163   0.44928   0.20001   1.25033   0.39406   0.22712   0.01976   0.27228   0.09997   0.22769   0.21961   0.05559   1.13055   0.14610   1.47297   0.78092   2.04170   1.32533   1.78141   0.00149   1.00000  
 47  0.4452   7662.262504  x:  3.95814   0.00000   0.08808   0.29745   0.62874   0.66814   0.51220   0.61265   0.04145   0.08452   0.27547   0.70139   0.62669   0.02296   0.32625   0.58178   0.70976   0.89399   0.95217   0.94311   0.42917   0.38129   0.45623   0.17717   1.33831   0.47117   0.14942   0.04142   0.22359   0.13163   0.26068   0.20302   0.09490   1.21693   0.09891   1.55369   0.88468   2.05462   2.32712   2.74113   0.00245   1.00000  
 48  9.0862   7641.480075  x:  5.81568   0.01559   0.07278   0.56197   0.69249   0.95926   0.49958   0.96995   0.05111   0.10631   0.29832   0.81498   0.72178   0.02846   0.45655   0.53914   1.10360   0.85941   1.09855   1.02620   0.51502   0.46182   0.60791   0.23079   1.52994   0.48781   0.28499   0.00000   0.30246   0.18953   0.26704   0.26134   0.26023   1.36412   0.14281   1.94312   0.98959   2.07845   0.42844   1.09262   0.00420   1.00000  
 49  0.7885   7641.480075  x:  5.81568   0.01559   0.07278   0.56197   0.69249   0.95926   0.49958   0.96995   0.05111   0.10631   0.29832   0.81498   0.72178   0.02846   0.45655   0.53914   1.10360   0.85941   1.09855   1.02620   0.51502   0.46182   0.60791   0.23079   1.52994   0.48781   0.28499   0.00000   0.30246   0.18953   0.26704   0.26134   0.26023   1.36412   0.14281   1.94312   0.98959   2.07845   0.42844   1.09262   0.00420   1.00000  
 50  2.5285   7504.297407  x:  5.81568   0.01555   0.07276   0.56193   0.69246   0.95923   0.49960   0.96995   0.05111   0.10632   0.29830   0.81498   0.72177   0.02848   0.45656   0.53918   1.10360   0.85945   1.09857   1.02621   0.51501   0.46179   0.60787   0.23078   1.52994   0.48781   0.28494   0.00008   0.30243   0.18937   0.26696   0.26126   0.26019   1.36413   0.14279   1.94312   0.98959   2.07844   0.42852   1.09256   0.06538   1.00000  
 51 12569.6083   7495.010883  x:  5.81503   0.04709   0.08888   0.56553   0.69828   0.96218   0.52030   0.98156   0.06649   0.12896   0.30701   0.82727   0.73350   0.04683   0.47137   0.56267   1.11453   0.88009   1.11458   1.04061   0.52589   0.46923   0.61089   0.24370   1.53905   0.50419   0.29029   0.25726   0.31122   0.16278   0.26309   0.25463   0.26289   1.37628   0.15280   1.95038   1.00027   2.06147   0.51729   1.00930   0.07009   1.00000  
 52 224.1821   7459.592050  x:  5.81256   0.14405   0.11209   0.57964   0.72302   0.97839   0.61085   1.03213   0.09237   0.17861   0.33280   0.88379   0.77951   0.08554   0.52637   0.66286   1.16454   0.96869   1.18840   1.10051   0.56317   0.49930   0.62200   0.28493   1.58136   0.54674   0.16328   0.23101   0.30406   0.03310   0.24358   0.24410   0.25082   1.43071   0.20423   1.98626   1.04174   1.97904   0.89576   0.65748   0.07372   1.00000  
 53 123.0388   7454.642120  x:  5.81215   0.15459   0.09749   0.57560   0.72419   0.98143   0.63047   1.04182   0.07652   0.16825   0.32656   0.89583   0.78452   0.07462   0.53285   0.69070   1.17741   0.99009   1.21045   1.11376   0.56361   0.49724   0.61694   0.28545   1.59299   0.55105   0.14331   0.22741   0.31701   0.11794   0.24001   0.24607   0.23546   1.44520   0.21332   1.99866   1.04875   1.95470   0.99231   0.57156   0.07461   1.00000  
 54 128.0409   7450.980317  x:  5.81225   0.13969   0.04742   0.55123   0.71158   0.97949   0.63784   1.04110   0.02052   0.11250   0.29212   0.89888   0.77107   0.01950   0.51943   0.72177   1.18737   1.00622   1.23819   1.12169   0.54305   0.47126   0.59023   0.26565   1.60499   0.54210   0.13253   0.23712   0.29493   0.10893   0.21058   0.22012   0.19459   1.46057   0.20906   2.01777   1.04556   1.92590   1.05268   0.53018   0.07470   1.00000  
 55 49.1239   7450.039109  x:  5.81225   0.13384   0.04591   0.54138   0.70593   0.97713   0.63640   1.03760   0.03801   0.09982   0.28102   0.89749   0.76429   0.00000   0.51163   0.73186   1.18915   1.00903   1.24703   1.12404   0.53522   0.46079   0.57874   0.26043   1.60860   0.53908   0.13320   0.23821   0.28844   0.10743   0.20986   0.21886   0.17954   1.46566   0.20440   2.02440   1.04167   1.91755   1.06838   0.52246   0.07471   1.00000  
 56 45.6913   7449.030829  x:  5.81187   0.12516   0.08790   0.50618   0.68539   0.96399   0.62069   1.01693   0.02624   0.10979   0.25998   0.88853   0.73912   0.00000   0.48080   0.76206   1.18978   1.00811   1.27355   1.13285   0.51074   0.43300   0.54362   0.24894   1.61644   0.53126   0.13975   0.23783   0.28126   0.10120   0.22993   0.23337   0.14082   1.48104   0.18472   2.04532   1.02181   1.89844   1.10803   0.51303   0.07473   1.00000  
 57 30.8690   7448.286701  x:  5.81057   0.12985   0.08768   0.47120   0.66658   0.94523   0.59628   0.98611   0.03052   0.15408   0.25744   0.87571   0.71137   0.00000   0.43483   0.79332   1.18418   0.99557   1.30160   1.13830   0.49278   0.42492   0.52539   0.23465   1.62064   0.51883   0.12874   0.23652   0.29147   0.10356   0.20474   0.21108   0.12544   1.49783   0.16805   2.07013   0.99222   1.88924   1.14285   0.51997   0.07465   1.00000  
 58 20.8032   7447.707524  x:  5.80830   0.13977   0.05512   0.44894   0.65703   0.92713   0.57485   0.95493   0.03140   0.16924   0.25522   0.86096   0.68520   0.00000   0.37817   0.82207   1.17415   0.97399   1.32922   1.13525   0.48165   0.43407   0.52753   0.22689   1.62091   0.51010   0.13047   0.23602   0.28663   0.09958   0.21782   0.22774   0.13350   1.51337   0.16382   2.09648   0.95925   1.88974   1.18251   0.53050   0.07467   1.00000  
 59 20.3657   7447.119629  x:  5.80407   0.14698   0.06936   0.44612   0.66112   0.90902   0.56120   0.92249   0.02692   0.14419   0.25002   0.84189   0.66272   0.00000   0.29843   0.85740   1.15810   0.93694   1.36526   1.12042   0.47681   0.44729   0.53909   0.23797   1.61552   0.51171   0.14325   0.23243   0.27022   0.10313   0.20882   0.21232   0.15139   1.52872   0.17355   2.13117   0.91627   1.89740   1.23530   0.55404   0.07468   1.00000  
 60 18.3193   7446.772520  x:  5.79989   0.12986   0.07316   0.45637   0.66859   0.90192   0.56827   0.91231   0.02389   0.12726   0.25982   0.83495   0.66613   0.00000   0.25014   0.88377   1.14876   0.90867   1.39095   1.10517   0.48035   0.43762   0.53497   0.23845   1.60505   0.50608   0.11808   0.23478   0.28105   0.10202   0.20953   0.21487   0.14674   1.53019   0.18468   2.15482   0.88888   1.90592   1.26759   0.58426   0.07465   1.00000  
 61 14.4845   7446.549650  x:  5.79564   0.11252   0.06660   0.46566   0.67168   0.89981   0.58260   0.91342   0.02231   0.13094   0.27148   0.83459   0.67895   0.00000   0.22675   0.90875   1.14635   0.89002   1.41207   1.09418   0.48512   0.42406   0.52537   0.23774   1.59324   0.50398   0.13833   0.23111   0.28231   0.10048   0.20444   0.21627   0.14071   1.52528   0.19481   2.17275   0.87348   1.91107   1.29608   0.61192   0.07461   1.00000  
 62 13.0217   7446.366335  x:  5.79001   0.11432   0.06442   0.46642   0.66411   0.90038   0.59824   0.92152   0.02209   0.13602   0.26471   0.83633   0.69056   0.00000   0.22519   0.94073   1.15299   0.88086   1.43432   1.08679   0.48616   0.41896   0.52050   0.23010   1.57724   0.49944   0.13783   0.22944   0.26568   0.10561   0.21494   0.20532   0.14733   1.51383   0.20191   2.19006   0.86990   1.90873   1.32043   0.65577   0.07457   1.00000  
 63  8.0489   7446.153907  x:  5.78191   0.12130   0.06687   0.46406   0.65112   0.90256   0.61154   0.93154   0.02213   0.13163   0.24468   0.83949   0.69885   0.00000   0.23089   0.98144   1.16705   0.87572   1.46135   1.08133   0.48606   0.42429   0.52399   0.22444   1.55760   0.49715   0.14135   0.22619   0.27231   0.10597   0.20275   0.21830   0.15469   1.49696   0.20369   2.21163   0.87183   1.90288   1.35449   0.71745   0.07454   1.00000  
 64 13.5575   7446.013988  x:  5.77508   0.11751   0.06394   0.46634   0.64745   0.90574   0.60900   0.93442   0.02233   0.12722   0.23914   0.84485   0.69977   0.00000   0.23343   1.00414   1.18109   0.87743   1.47664   1.08382   0.48697   0.43389   0.53357   0.23100   1.54893   0.50240   0.14738   0.22291   0.28843   0.10342   0.21304   0.20900   0.14842   1.48506   0.19593   2.22634   0.87862   1.90000   1.38718   0.76435   0.07453   1.00000  
 65  9.6523   7445.722772  x:  5.75882   0.10987   0.06128   0.48099   0.65482   0.91567   0.58774   0.93502   0.02313   0.12671   0.25507   0.85983   0.69868   0.00000   0.22922   1.03617   1.21331   0.88829   1.50027   1.09892   0.48800   0.44160   0.54870   0.24979   1.54283   0.51500   0.14351   0.21965   0.27225   0.10774   0.20843   0.21680   0.13374   1.46563   0.17595   2.25563   0.90423   1.89782   1.46857   0.87282   0.07453   1.00000  
 66 11.7183   7445.294906  x:  5.73253   0.13395   0.06170   0.49889   0.67339   0.93456   0.56431   0.94347   0.02669   0.11680   0.27850   0.87426   0.69535   0.00000   0.20372   1.05762   1.25234   0.90867   1.52194   1.12449   0.48370   0.41635   0.53927   0.24990   1.55069   0.51483   0.15063   0.21060   0.28487   0.10611   0.21292   0.21759   0.15587   1.45523   0.17415   2.29455   0.95482   1.90039   1.61099   1.04209   0.07459   1.00000  
 67 15.7126   7444.604836  x:  5.68887   0.11710   0.07793   0.48778   0.68301   0.96460   0.58528   0.98404   0.03394   0.12905   0.27576   0.87229   0.69496   0.00000   0.15275   1.04314   1.27582   0.93863   1.52901   1.15207   0.51991   0.45174   0.54830   0.21338   1.59105   0.48944   0.16030   0.19827   0.28474   0.10383   0.21687   0.21981   0.15623   1.46909   0.18927   2.33621   1.00631   1.92064   1.86682   1.31340   0.07464   1.00000  
 68 15.6276   7443.859591  x:  5.64137   0.12058   0.06881   0.44120   0.67310   0.97323   0.62319   1.00977   0.03983   0.13549   0.26246   0.85897   0.72787   0.00000   0.15891   0.99454   1.24363   0.97574   1.52524   1.15265   0.52913   0.45163   0.52923   0.26711   1.64807   0.52821   0.15436   0.18267   0.28647   0.10449   0.21867   0.22431   0.16282   1.51192   0.18707   2.34958   0.99097   1.93340   2.14832   1.61482   0.07460   1.00000  
 69 16.3856   7442.448014  x:  5.55778   0.14060   0.07362   0.44525   0.71556   0.95290   0.62479   0.97284   0.04894   0.11527   0.27189   0.85628   0.77266   0.00000   0.30275   0.88793   1.11966   1.07378   1.49893   1.12184   0.49518   0.44498   0.55768   0.22256   1.71297   0.50065   0.17185   0.15041   0.28528   0.10145   0.22059   0.22220   0.13824   1.59471   0.17771   2.32483   0.87823   1.91397   2.68516   2.14268   0.07448   1.00000  
 70 20.4333   7441.807813  x:  5.52234   0.11024   0.06470   0.47230   0.71660   0.92880   0.60544   0.93875   0.05115   0.12567   0.23242   0.84675   0.71841   0.00000   0.37090   0.83548   1.06849   1.12353   1.43592   1.10471   0.49879   0.42731   0.53887   0.23002   1.70210   0.49546   0.17190   0.13553   0.28125   0.10046   0.21729   0.22040   0.13375   1.60768   0.23189   2.29103   0.86101   1.90314   2.93132   2.36314   0.07432   1.00000  
 71 17.9423   7441.075945  x:  5.48620   0.10080   0.06159   0.46277   0.63398   0.88639   0.60707   0.92403   0.05087   0.09056   0.26472   0.84660   0.67053   0.00000   0.39821   0.76007   1.03086   1.15955   1.29470   1.07760   0.48703   0.41898   0.51213   0.22596   1.62817   0.46473   0.17808   0.11543   0.27044   0.09926   0.20991   0.21199   0.13407   1.57276   0.20365   2.21696   0.86116   1.89932   3.21526   2.57109   0.07408   1.00000  
 72 12.0915   7440.772794  x:  5.47154   0.11476   0.05552   0.46852   0.63609   0.87268   0.60091   0.91090   0.05191   0.09809   0.23374   0.81784   0.69175   0.00000   0.37879   0.73739   1.02125   1.14693   1.22904   1.06033   0.47116   0.40348   0.51747   0.21631   1.57696   0.46968   0.17838   0.10584   0.26554   0.09763   0.20711   0.20911   0.11719   1.53071   0.18127   2.16738   0.86653   1.88509   3.33616   2.64362   0.07401   1.00000  
 73  8.3133   7440.513399  x:  5.45715   0.09973   0.05928   0.43243   0.64443   0.86007   0.57841   0.88563   0.05532   0.09301   0.24243   0.79624   0.70817   0.00000   0.38180   0.75100   1.01879   1.10507   1.22289   1.04525   0.46665   0.41384   0.50091   0.21112   1.53175   0.46899   0.17695   0.09762   0.26380   0.09451   0.20532   0.20742   0.13012   1.47180   0.19434   2.09948   0.86538   1.87406   3.43281   2.68988   0.07399   1.00000  
 74  4.8315   7440.314789  x:  5.44313   0.11766   0.05822   0.42176   0.66079   0.85830   0.58841   0.88805   0.05761   0.09412   0.24361   0.79976   0.67393   0.00000   0.37761   0.77166   1.01528   1.07151   1.24021   1.04028   0.48213   0.40587   0.49682   0.21712   1.50787   0.45911   0.17853   0.08957   0.26217   0.09372   0.20507   0.20671   0.12233   1.42817   0.18555   2.03769   0.84787   1.88476   3.48925   2.72275   0.07400   1.00000  
 75  4.9831   7440.134062  x:  5.42481   0.11147   0.05969   0.42575   0.64484   0.85759   0.59604   0.89487   0.05961   0.10140   0.24480   0.81948   0.66422   0.00000   0.35036   0.78950   1.01558   1.06511   1.26991   1.04166   0.45302   0.39415   0.52543   0.22092   1.50958   0.45602   0.18145   0.08111   0.26262   0.09390   0.20546   0.20698   0.12306   1.41817   0.19899   1.98909   0.85308   1.88131   3.51295   2.74911   0.07402   1.00000  
 76  2.6176   7439.804184  x:  5.38662   0.10752   0.05761   0.46302   0.61887   0.85861   0.58217   0.89037   0.05888   0.10227   0.23555   0.83231   0.67982   0.00000   0.30315   0.82257   1.03029   1.07731   1.32577   1.04470   0.47219   0.40742   0.50829   0.21102   1.52626   0.45854   0.19060   0.06314   0.26317   0.09679   0.20692   0.20723   0.13307   1.43540   0.18115   1.92862   0.86815   1.86720   3.53015   2.79136   0.07404   1.00000  
 77  3.8541   7439.631035  x:  5.36410   0.11816   0.05584   0.45206   0.62813   0.86006   0.57930   0.89377   0.05812   0.09637   0.24708   0.79650   0.68132   0.00000   0.30261   0.83763   1.04851   1.07903   1.33791   1.04925   0.47014   0.40994   0.51056   0.21159   1.52968   0.45320   0.19714   0.05301   0.26302   0.09929   0.20753   0.20676   0.11486   1.45005   0.18893   1.95235   0.88901   1.88580   3.52368   2.80301   0.07407   1.00000  
 78  2.2804   7439.479411  x:  5.34363   0.09930   0.05769   0.43540   0.65396   0.86646   0.58230   0.90071   0.05814   0.09896   0.24385   0.80150   0.67599   0.00000   0.30465   0.84329   1.06387   1.06812   1.33027   1.05501   0.47018   0.40262   0.51852   0.21065   1.52479   0.45026   0.20050   0.04502   0.26354   0.10030   0.20781   0.20659   0.13610   1.45613   0.17246   2.02138   0.88747   1.88447   3.51162   2.79711   0.07412   1.00000  
 79  2.9945   7439.397977  x:  5.33321   0.11103   0.05866   0.43234   0.65254   0.87097   0.57874   0.89950   0.05889   0.10005   0.24488   0.82689   0.67869   0.00000   0.29992   0.84051   1.06711   1.05469   1.32231   1.05375   0.47378   0.41004   0.51462   0.21070   1.51928   0.45350   0.20250   0.04139   0.26411   0.10105   0.20892   0.20728   0.12624   1.45104   0.18633   2.07641   0.88011   1.87585   3.49485   2.78810   0.07420   1.00000  
 80  3.3014   7439.353598  x:  5.32961   0.11112   0.06043   0.45365   0.63026   0.87494   0.57920   0.89797   0.05957   0.10344   0.24628   0.81772   0.67857   0.00000   0.30124   0.84163   1.06804   1.05178   1.32798   1.05604   0.47086   0.41110   0.51481   0.20803   1.51691   0.45940   0.20128   0.04100   0.26467   0.10073   0.20941   0.20765   0.13006   1.43832   0.18760   2.11339   0.86792   1.88858   3.47533   2.76273   0.07427   1.00000  
 81  1.5466   7439.297623  x:  5.32913   0.11189   0.06125   0.45845   0.62788   0.86704   0.58254   0.89770   0.05873   0.10571   0.24898   0.80934   0.68386   0.00000   0.29357   0.84288   1.06735   1.05689   1.33895   1.06062   0.48049   0.40948   0.52078   0.22487   1.51721   0.44000   0.20237   0.04312   0.26578   0.10138   0.21065   0.20845   0.13268   1.43001   0.18782   2.13577   0.87114   1.87725   3.41651   2.71243   0.07440   1.04275  
 82  1.1733   7439.087810  x:  5.32905   0.11045   0.06418   0.45220   0.65755   0.84820   0.59174   0.90668   0.05548   0.11019   0.25229   0.82397   0.68751   0.00000   0.26854   0.85165   1.07294   1.06400   1.37187   1.07338   0.47795   0.42695   0.51429   0.22160   1.52033   0.46075   0.20168   0.05151   0.26932   0.10529   0.21334   0.21048   0.13664   1.42110   0.18329   2.18543   0.89790   1.89962   3.17476   2.50503   0.07487   1.23723  
 83  5.2349   7438.995580  x:  5.32844   0.11003   0.06550   0.44396   0.65186   0.87944   0.57985   0.91026   0.05344   0.10922   0.25731   0.82465   0.68729   0.00000   0.26684   0.86135   1.09156   1.03915   1.37262   1.07660   0.49730   0.41384   0.53043   0.21414   1.53085   0.47574   0.20161   0.05515   0.27026   0.10689   0.21428   0.21091   0.13704   1.43694   0.18554   2.19526   0.90107   1.89791   3.06685   2.41014   0.07512   1.33242  
 84  5.6558   7438.951166  x:  5.32722   0.10927   0.06482   0.45091   0.65372   0.90460   0.57685   0.91620   0.05252   0.11120   0.25695   0.82425   0.68638   0.00000   0.26870   0.86805   1.10930   1.01652   1.36596   1.07753   0.48489   0.42338   0.52319   0.22219   1.53903   0.46678   0.20142   0.05709   0.27083   0.10738   0.21458   0.21110   0.13740   1.45108   0.18479   2.19513   0.89741   1.89606   3.01689   2.36481   0.07526   1.38306  
 85  4.0449   7438.933351  x:  5.32343   0.10896   0.06503   0.45308   0.65148   0.89048   0.57276   0.91785   0.05228   0.11111   0.25215   0.82947   0.69176   0.00000   0.27281   0.86768   1.12312   1.00619   1.36226   1.07964   0.48607   0.42092   0.52472   0.22490   1.54215   0.46083   0.20147   0.05691   0.27061   0.10728   0.21443   0.21087   0.13719   1.45798   0.18609   2.19074   0.89380   1.90535   3.00394   2.34903   0.07534   1.41452  
 86  0.7728   7438.892856  x:  5.31139   0.10899   0.06508   0.46059   0.65138   0.86569   0.58207   0.92147   0.05202   0.11100   0.25809   0.82267   0.68458   0.00000   0.27875   0.86077   1.14013   0.99148   1.35877   1.07745   0.48518   0.42200   0.52522   0.22017   1.54419   0.46923   0.20166   0.05530   0.27147   0.10713   0.21477   0.21122   0.13685   1.46565   0.18786   2.17958   0.88931   1.89081   2.97631   2.32073   0.07556   1.49606  
 87  1.6411   7438.714746  x:  5.24858   0.10714   0.06585   0.45292   0.65078   0.88144   0.59938   0.88217   0.04963   0.11192   0.25518   0.82219   0.68181   0.00000   0.29264   0.82777   1.11613   0.99616   1.35634   1.05901   0.48502   0.41799   0.52423   0.22244   1.53319   0.46073   0.20409   0.04551   0.27143   0.10611   0.21388   0.20989   0.13665   1.44899   0.18507   2.12686   0.89552   1.89848   2.87548   2.19159   0.07660   1.87707  
 88  2.7069   7438.673103  x:  5.23184   0.10606   0.06580   0.44995   0.65329   0.88348   0.57980   0.90984   0.04886   0.11002   0.25648   0.81708   0.68369   0.00000   0.29121   0.83397   1.09487   1.00743   1.34527   1.06982   0.48491   0.41885   0.52194   0.22224   1.52837   0.46094   0.20451   0.04323   0.27139   0.10601   0.21353   0.20966   0.13710   1.44063   0.19025   2.11236   0.88128   1.89696   2.85294   2.16368   0.07686   1.96375  
 89  2.7380   7438.668177  x:  5.22701   0.10619   0.06621   0.45024   0.65309   0.88156   0.57879   0.91078   0.04886   0.11072   0.25758   0.81751   0.68287   0.00000   0.29081   0.84322   1.09164   1.01072   1.33875   1.05975   0.48499   0.41858   0.52238   0.22241   1.52965   0.46073   0.20434   0.04324   0.27149   0.10578   0.21363   0.20976   0.13712   1.44234   0.18943   2.11123   0.88255   1.89735   2.85369   2.16291   0.07691   1.96855  
 90  0.2877   7438.647282  x:  5.19758   0.10679   0.06568   0.45233   0.64904   0.87599   0.58581   0.89908   0.04873   0.10851   0.25708   0.81879   0.68282   0.00000   0.29346   0.85850   1.07743   1.00713   1.32159   1.07273   0.48366   0.41802   0.52132   0.22000   1.52632   0.46144   0.20363   0.04398   0.27050   0.10519   0.21313   0.20969   0.13539   1.44517   0.18712   2.10388   0.88682   1.89431   2.86401   2.16851   0.07723   1.97283  
 91  0.2527   7438.581474  x:  5.10041   0.10854   0.06379   0.44711   0.64037   0.87159   0.57363   0.89768   0.04805   0.10846   0.24842   0.81894   0.67591   0.00000   0.29596   0.83512   1.08436   1.01637   1.31486   1.05797   0.47502   0.41311   0.51522   0.21310   1.50669   0.45904   0.20068   0.04683   0.26561   0.10284   0.21046   0.20820   0.12971   1.43208   0.18319   2.08137   0.87791   1.88297   2.90805   2.18358   0.07828   1.97398  
 92  0.8276   7438.577048  x:  5.09241   0.10841   0.06349   0.44853   0.63917   0.86948   0.57042   0.90136   0.04806   0.10864   0.24737   0.81879   0.67521   0.00000   0.29866   0.83176   1.07774   1.00925   1.31757   1.05557   0.47469   0.41294   0.51494   0.21311   1.51084   0.45835   0.20060   0.04683   0.26550   0.10282   0.21034   0.20806   0.12936   1.43051   0.18037   2.08203   0.88488   1.88256   2.91107   2.18515   0.07839   1.96837  
 93  0.1723   7438.519865  x:  4.98150   0.10874   0.06427   0.44659   0.64571   0.86550   0.57736   0.89574   0.04949   0.10948   0.24998   0.81434   0.67984   0.00000   0.29970   0.82092   1.07894   1.01615   1.31234   1.05790   0.47751   0.41479   0.51751   0.21579   1.53232   0.46038   0.20197   0.04644   0.26786   0.10418   0.21186   0.20877   0.13175   1.41789   0.18277   2.07313   0.88065   1.88742   2.93155   2.22544   0.07991   1.86702  
 94  0.3196   7438.509621  x:  4.96234   0.10856   0.06465   0.44739   0.64588   0.86606   0.57736   0.89793   0.05021   0.11061   0.25101   0.81439   0.68031   0.00000   0.29970   0.81818   1.07595   1.01692   1.31724   1.05792   0.47835   0.41530   0.51864   0.21820   1.51467   0.46055   0.20196   0.04650   0.26844   0.10428   0.21238   0.20913   0.13155   1.43224   0.18235   2.07207   0.88293   1.88932   2.93659   2.23324   0.08018   1.84707  
 95  0.8874   7438.506242  x:  4.97306   0.10750   0.06463   0.44887   0.64516   0.86956   0.57674   0.90055   0.05068   0.10917   0.25245   0.81545   0.67932   0.00000   0.29898   0.82328   1.07840   1.01484   1.31716   1.05920   0.47921   0.41568   0.51837   0.21735   1.51175   0.45976   0.20266   0.04633   0.26862   0.10433   0.21208   0.20901   0.13226   1.42851   0.18320   2.07667   0.88415   1.89028   2.95805   2.25533   0.08024   1.79857  
 96  0.0587   7438.506095  x:  4.96711   0.10767   0.06466   0.44814   0.64502   0.86991   0.57607   0.90053   0.05071   0.10935   0.25242   0.81549   0.67918   0.00000   0.29870   0.82392   1.07824   1.01411   1.31719   1.05914   0.47897   0.41562   0.51805   0.21725   1.51190   0.45984   0.20258   0.04632   0.26843   0.10442   0.21204   0.20903   0.13222   1.42882   0.18311   2.07707   0.88312   1.89010   2.95813   2.25510   0.08024   1.78330  
 97  0.0127   7438.505938  x:  4.97184   0.10775   0.06468   0.44817   0.64528   0.86987   0.57625   0.90057   0.05053   0.10929   0.25222   0.81569   0.67936   0.00000   0.29794   0.82447   1.07856   1.01361   1.31801   1.05912   0.47903   0.41561   0.51818   0.21728   1.51217   0.46000   0.20253   0.04630   0.26853   0.10437   0.21205   0.20903   0.13222   1.42921   0.18328   2.07736   0.88313   1.89005   2.94165   2.23842   0.08022   1.75158  
 98  0.0103   7438.505904  x:  4.97051   0.10763   0.06468   0.44829   0.64506   0.86975   0.57626   0.90044   0.05055   0.10935   0.25234   0.81549   0.67917   0.00000   0.29870   0.82377   1.07818   1.01351   1.31714   1.05904   0.47899   0.41559   0.51813   0.21724   1.51181   0.45982   0.20259   0.04625   0.26849   0.10437   0.21204   0.20901   0.13218   1.42884   0.18323   2.07651   0.88318   1.89014   2.93814   2.23473   0.08022   1.74547  
 99  0.0077   7438.505901  x:  4.96997   0.10764   0.06465   0.44834   0.64504   0.86979   0.57626   0.90048   0.05059   0.10928   0.25238   0.81546   0.67922   0.00000   0.29870   0.82381   1.07819   1.01352   1.31719   1.05908   0.47899   0.41559   0.51813   0.21728   1.51185   0.45982   0.20257   0.04627   0.26846   0.10436   0.21203   0.20901   0.13221   1.42883   0.18319   2.07664   0.88323   1.89016   2.93720   2.23381   0.08022   1.74521  
100  0.0012   7438.505900  x:  4.97041   0.10764   0.06465   0.44830   0.64505   0.86980   0.57624   0.90048   0.05064   0.10929   0.25236   0.81547   0.67922   0.00000   0.29869   0.82381   1.07821   1.01352   1.31720   1.05908   0.47899   0.41559   0.51812   0.21726   1.51188   0.45982   0.20258   0.04626   0.26847   0.10436   0.21203   0.20901   0.13220   1.42887   0.18318   2.07662   0.88324   1.89014   2.93707   2.23370   0.08022   1.74500  
101  0.0004   7438.505900  x:  4.97033   0.10764   0.06465   0.44830   0.64506   0.86980   0.57624   0.90048   0.05064   0.10929   0.25236   0.81547   0.67921   0.00000   0.29869   0.82381   1.07822   1.01352   1.31720   1.05908   0.47898   0.41559   0.51812   0.21726   1.51187   0.45982   0.20258   0.04626   0.26847   0.10436   0.21204   0.20901   0.13220   1.42886   0.18319   2.07662   0.88324   1.89014   2.93701   2.23364   0.08022   1.74502  
102  0.0001   7438.505900  x:  4.97034   0.10764   0.06465   0.44830   0.64506   0.86980   0.57624   0.90048   0.05064   0.10929   0.25236   0.81547   0.67921   0.00000   0.29869   0.82381   1.07822   1.01352   1.31720   1.05908   0.47898   0.41559   0.51812   0.21726   1.51187   0.45982   0.20258   0.04626   0.26847   0.10436   0.21204   0.20901   0.13220   1.42886   0.18319   2.07662   0.88324   1.89014   2.93702   2.23364   0.08022   1.74502  
103  0.0000   7438.505900  x:  4.97034   0.10764   0.06465   0.44830   0.64506   0.86980   0.57624   0.90048   0.05064   0.10929   0.25236   0.81547   0.67921   0.00000   0.29869   0.82381   1.07822   1.01352   1.31720   1.05908   0.47898   0.41559   0.51812   0.21726   1.51187   0.45982   0.20258   0.04626   0.26847   0.10436   0.21204   0.20901   0.13220   1.42886   0.18319   2.07662   0.88324   1.89014   2.93702   2.23364   0.08022   1.74502  