

TREE # 1

  0  0.0000   9218.518051  x:  0.17444   0.02804   0.07307   0.00000   0.21220   0.15259   0.14764   0.15672   0.09176   0.01488   0.10164   0.09888   0.08304   0.02822   0.03654   0.11840   0.16638   0.13073   0.17006   0.12456   0.13600   0.08105   0.05011   0.02312   0.14692   0.15208   0.08109   0.04353   0.13235   0.02986   0.05286   0.04009   0.10565   0.11049   0.05181   0.16210   0.10351   2.00000   1.39835   0.16116   0.29812   1.40136  
  1 99.0000   8111.673670  x:  0.33810   0.14820   0.13413   0.32904   0.26341   0.21867   0.20654   0.22870   0.13402   0.10653   0.15865   0.22692   0.21349   0.09814   0.16486   0.18671   0.24300   0.24174   0.25576   0.23538   0.18592   0.17979   0.21780   0.13292   0.26943   0.19696   0.10929   0.05734   0.15043   0.08447   0.12613   0.14509   0.14705   0.24451   0.15036   0.28339   0.25606   1.99212   1.43175   0.12825   0.00000   1.40071  
  2 3560.9152   7961.554227  x:  0.51979   0.28157   0.20190   0.69423   0.32024   0.29203   0.27192   0.30862   0.18092   0.20823   0.22193   0.36905   0.35830   0.17575   0.30729   0.26254   0.32807   0.36499   0.35090   0.35841   0.24133   0.28939   0.40392   0.25478   0.40545   0.24677   0.14058   0.07266   0.17049   0.14506   0.20746   0.26162   0.19301   0.39329   0.25976   0.41805   0.42540   1.98337   1.46883   0.09172   0.00096   1.39998  
  3 19177.7689   7865.612537  x:  0.63905   0.26020   0.13720   0.67789   0.31465   0.31879   0.30999   0.36771   0.11002   0.14549   0.17933   0.38997   0.36299   0.13116   0.31472   0.29371   0.38739   0.43948   0.40750   0.38887   0.21691   0.26053   0.37712   0.21148   0.48718   0.24489   0.11188   0.00000   0.13673   0.05201   0.12777   0.17400   0.17406   0.44134   0.26399   0.50557   0.48139   1.98043   1.41657   0.14519   0.00095   1.39809  
  4 389.3636   7817.884732  x:  0.77088   0.22565   0.05519   0.64386   0.30429   0.34721   0.34438   0.42488   0.02201   0.06894   0.13099   0.41072   0.36572   0.07778   0.31640   0.32138   0.44566   0.51221   0.46562   0.42309   0.19735   0.22918   0.34212   0.15516   0.57730   0.24106   0.14165   0.11407   0.13946   0.02359   0.07122   0.08913   0.14108   0.49261   0.25746   0.59711   0.53436   1.97729   1.35979   0.20487   0.00093   1.39441  
  5 879.3027   7801.886547  x:  0.81365   0.20761   0.03234   0.61926   0.29897   0.35505   0.35165   0.43980   0.00000   0.04858   0.11921   0.41497   0.36508   0.06167   0.31229   0.32687   0.46132   0.53126   0.48209   0.43510   0.19978   0.22097   0.32662   0.13682   0.60492   0.23799   0.13919   0.11245   0.14839   0.06052   0.09350   0.09288   0.12402   0.50830   0.24741   0.62435   0.54541   1.97619   1.33985   0.22581   0.00093   1.39304  
  6 451.8129   7770.233418  x:  0.99846   0.10762   0.05472   0.45780   0.27385   0.38324   0.35743   0.47810   0.05669   0.06775   0.12651   0.42649   0.37278   0.03714   0.27903   0.33082   0.50599   0.58278   0.53784   0.50609   0.28553   0.22325   0.25903   0.10831   0.71748   0.23978   0.14683   0.14389   0.17996   0.00785   0.17275   0.18505   0.01929   0.58093   0.15817   0.72419   0.55828   1.96985   1.25667   0.31532   0.00090   1.38454  
  7 281.3517   7760.765629  x:  1.04972   0.08749   0.07236   0.40328   0.27442   0.39139   0.35483   0.48397   0.08247   0.08556   0.14003   0.43002   0.37859   0.04050   0.26913   0.32837   0.51406   0.59031   0.55135   0.52706   0.30841   0.23522   0.25424   0.11364   0.74349   0.24786   0.14904   0.14550   0.18509   0.03463   0.14632   0.17941   0.00000   0.60742   0.13044   0.75003   0.55598   1.96787   1.23295   0.34143   0.00090   1.38129  
  8 283.1049   7751.036380  x:  1.15438   0.12267   0.05750   0.25849   0.31857   0.41083   0.32687   0.46879   0.06892   0.08617   0.17713   0.44034   0.39697   0.04962   0.24183   0.30259   0.50476   0.56762   0.56701   0.56377   0.33824   0.29589   0.30854   0.14851   0.76665   0.27639   0.15494   0.14807   0.20294   0.03008   0.17208   0.15782   0.06584   0.69121   0.09497   0.79597   0.53226   1.95985   1.17994   0.40305   0.00088   1.36953  
  9 122.2883   7748.678621  x:  1.19455   0.10397   0.06138   0.24234   0.40929   0.42627   0.32388   0.46073   0.05235   0.07315   0.19048   0.44820   0.41126   0.05619   0.24839   0.30170   0.49663   0.54166   0.57001   0.56942   0.33168   0.28910   0.32408   0.15854   0.74235   0.27580   0.15076   0.15427   0.18846   0.03049   0.15889   0.19087   0.05608   0.71611   0.10601   0.80583   0.51899   1.95646   1.14785   0.44479   0.00088   1.35607  
 10 41.3220   7747.768766  x:  1.21563   0.09840   0.06954   0.23693   0.45108   0.43012   0.33319   0.46669   0.06172   0.08257   0.19331   0.44864   0.41720   0.06209   0.26107   0.31619   0.50137   0.53605   0.57197   0.56947   0.33056   0.27653   0.32190   0.16261   0.72314   0.27434   0.14983   0.15478   0.20589   0.02913   0.17723   0.16797   0.05165   0.72528   0.12633   0.80978   0.51585   1.95285   1.14030   0.46235   0.00088   1.34199  
 11 27.3942   7746.600807  x:  1.24489   0.11841   0.05793   0.23073   0.46354   0.42021   0.35441   0.48641   0.07854   0.08916   0.18201   0.45010   0.42328   0.04901   0.28262   0.35342   0.52302   0.54992   0.57224   0.56149   0.34203   0.28822   0.33640   0.16856   0.69722   0.27902   0.16749   0.15448   0.20767   0.03238   0.17065   0.18910   0.05250   0.73515   0.15767   0.81177   0.51549   1.94700   1.14180   0.49181   0.00088   1.29802  
 12 13.6723   7743.819468  x:  1.29636   0.13793   0.04987   0.30081   0.43951   0.39912   0.36097   0.49560   0.07475   0.08116   0.19661   0.49122   0.45784   0.05723   0.32150   0.39079   0.54571   0.57190   0.57009   0.57249   0.35802   0.32833   0.38873   0.19265   0.68541   0.29890   0.15868   0.16435   0.18647   0.03333   0.19336   0.17818   0.00555   0.75091   0.16051   0.80897   0.52175   1.94392   1.12347   0.60410   0.00087   1.16203  
 13 24.0064   7740.208840  x:  1.34011   0.17131   0.06679   0.38404   0.41813   0.40704   0.36590   0.50082   0.05779   0.07387   0.21615   0.52513   0.48534   0.07829   0.34322   0.39177   0.54779   0.58796   0.57321   0.60254   0.35669   0.31871   0.39895   0.21651   0.72231   0.31337   0.14801   0.16837   0.23454   0.03278   0.18110   0.20544   0.01463   0.78188   0.16773   0.82259   0.55874   1.94456   1.12265   0.71463   0.00086   1.00000  
 14 54.2754   7738.115321  x:  1.34800   0.16967   0.05876   0.44193   0.43505   0.45566   0.38608   0.51438   0.05507   0.10340   0.22890   0.52952   0.49393   0.08594   0.34529   0.37047   0.53895   0.60218   0.58688   0.63152   0.36480   0.31640   0.40821   0.22470   0.78049   0.30783   0.17389   0.17009   0.19521   0.03961   0.19606   0.20791   0.03760   0.81311   0.16809   0.84844   0.60270   1.95387   1.15027   0.77740   0.00085   1.00000  
 15 33.0339   7737.374618  x:  1.32952   0.15069   0.04904   0.46457   0.45332   0.48071   0.38862   0.51671   0.05759   0.11121   0.21449   0.52073   0.49300   0.07271   0.34736   0.36144   0.54000   0.61315   0.60484   0.63685   0.37515   0.34203   0.43653   0.22866   0.80097   0.29104   0.17172   0.16816   0.21835   0.03697   0.19341   0.20754   0.03658   0.82767   0.15929   0.86337   0.61543   1.96586   1.16146   0.80369   0.00084   1.00000  
 16 20.7751   7736.810662  x:  1.29709   0.14864   0.06831   0.46651   0.45792   0.48306   0.37784   0.51696   0.06155   0.11461   0.18584   0.51445   0.49704   0.07038   0.36041   0.36149   0.55702   0.62905   0.63842   0.64032   0.36936   0.34199   0.44363   0.24359   0.81077   0.28308   0.16566   0.17396   0.21073   0.04006   0.19955   0.20976   0.04946   0.84744   0.15673   0.88468   0.61748   1.98345   1.15902   0.84553   0.00084   1.00000  
 17 11.0923   7736.037643  x:  1.25217   0.14060   0.04702   0.45505   0.45988   0.47714   0.38174   0.53400   0.05317   0.13395   0.19405   0.53726   0.51879   0.08824   0.37590   0.35934   0.57999   0.63868   0.67576   0.64904   0.36575   0.33565   0.44298   0.25223   0.81607   0.28653   0.17119   0.17264   0.21774   0.03845   0.19823   0.21673   0.04821   0.86791   0.15600   0.91136   0.61109   2.00415   1.17258   0.89679   0.00084   1.00000  
 18 12.8317   7733.469522  x:  1.21944   0.16987   0.07871   0.44641   0.48465   0.47169   0.43484   0.59899   0.06137   0.09829   0.20541   0.59956   0.54694   0.04536   0.34808   0.32865   0.60328   0.63328   0.69505   0.65371   0.39614   0.34424   0.43398   0.24249   0.84259   0.33082   0.17402   0.16874   0.22318   0.04214   0.20339   0.20806   0.01817   0.91611   0.16995   0.97644   0.60898   2.01763   1.26206   1.05615   0.00083   1.00000  
 19 11.7274   7727.390755  x:  1.26749   0.19205   0.07902   0.44010   0.50019   0.47172   0.43270   0.60441   0.07037   0.09282   0.21371   0.61740   0.53235   0.06502   0.34069   0.34234   0.63245   0.64257   0.70064   0.69274   0.42291   0.36418   0.42995   0.18239   0.87414   0.33034   0.15919   0.16780   0.22197   0.04725   0.19852   0.20459   0.00000   0.95268   0.20124   1.03493   0.63623   2.00949   1.40142   1.28075   0.00083   1.00000  
 20 35.4795   7711.910891  x:  1.64830   0.12910   0.10372   0.42866   0.54562   0.52597   0.39884   0.58301   0.02496   0.05441   0.24373   0.60773   0.53454   0.03154   0.36780   0.48567   0.73556   0.75678   0.76257   0.79422   0.37877   0.36158   0.44267   0.22361   1.03770   0.46261   0.34875   0.07156   0.26955   0.05055   0.20023   0.18222   0.00000   1.05395   0.16361   1.19320   0.70119   1.95114   2.13557   2.27197   0.00079   1.00000  
 21 108.8973   7705.125437  x:  1.80186   0.12557   0.08239   0.41707   0.53470   0.56361   0.44494   0.62571   0.02133   0.09671   0.24194   0.59460   0.58111   0.00000   0.38643   0.50058   0.72802   0.78775   0.79249   0.78131   0.34703   0.32947   0.45939   0.26714   1.06850   0.45353   0.27905   0.08861   0.26564   0.05537   0.19815   0.18818   0.00000   1.06536   0.11578   1.20497   0.70489   1.95626   2.34421   2.53711   0.00078   1.00000  
 22 84.3202   7703.259089  x:  1.88573   0.11379   0.06688   0.39802   0.52638   0.58224   0.45686   0.65368   0.03934   0.05118   0.20930   0.61007   0.60115   0.04900   0.40508   0.47240   0.71107   0.80047   0.83312   0.76583   0.36024   0.32913   0.45298   0.31507   1.07287   0.42973   0.25969   0.09138   0.25998   0.05772   0.19583   0.18533   0.00000   1.06376   0.11903   1.20330   0.70973   1.98287   2.45544   2.61821   0.00077   1.00000  
 23 40.7267   7702.254694  x:  1.95259   0.12651   0.05879   0.39900   0.52155   0.57522   0.42780   0.65975   0.02915   0.07272   0.19016   0.63860   0.60813   0.04109   0.40014   0.42094   0.69473   0.81530   0.86710   0.73424   0.37588   0.33327   0.43270   0.34431   1.06610   0.38942   0.27364   0.08356   0.25998   0.05912   0.19260   0.17898   0.00000   1.06008   0.14780   1.20277   0.71738   2.02149   2.50948   2.67971   0.00077   1.00000  
 24 23.1034   7701.894260  x:  1.98429   0.12680   0.06453   0.40895   0.53002   0.55485   0.42689   0.67235   0.03768   0.07216   0.20126   0.64920   0.58647   0.04197   0.38956   0.39070   0.71639   0.83454   0.88640   0.73523   0.35339   0.33553   0.43917   0.33086   1.05257   0.37532   0.27813   0.08216   0.26069   0.05934   0.19422   0.18019   0.00000   1.06232   0.13420   1.20466   0.70265   2.03906   2.54229   2.69827   0.00077   1.00000  
 25  6.3472   7701.491734  x:  2.00549   0.11393   0.06130   0.41834   0.52982   0.54365   0.43205   0.67152   0.03449   0.07891   0.19948   0.64336   0.57414   0.03970   0.38673   0.36870   0.73612   0.83728   0.89813   0.74233   0.36473   0.33099   0.44312   0.32759   1.04574   0.39486   0.26797   0.08388   0.25964   0.06016   0.19313   0.18063   0.05046   1.06614   0.13969   1.20916   0.69744   2.04373   2.57482   2.72941   0.00076   1.00000  
 26  6.6456   7700.667604  x:  2.04545   0.06848   0.06143   0.44141   0.52019   0.52971   0.44954   0.67363   0.03160   0.08846   0.19434   0.64492   0.57244   0.03250   0.38926   0.34023   0.76562   0.83239   0.90988   0.75201   0.39356   0.33694   0.43994   0.31056   1.03138   0.41713   0.26011   0.08319   0.25803   0.06280   0.19031   0.17989   0.04552   1.06479   0.14660   1.21840   0.69154   2.05021   2.63125   2.81360   0.00076   1.00000  
 27 12.1647   7696.520739  x:  2.17609   0.09167   0.08886   0.44966   0.51241   0.61113   0.51024   0.67151   0.04077   0.09365   0.19361   0.65555   0.67582   0.01466   0.44534   0.35399   0.83224   0.80090   0.96648   0.80213   0.40629   0.39652   0.41313   0.18811   1.05404   0.39372   0.26396   0.06179   0.25834   0.07242   0.18287   0.17689   0.08778   1.03754   0.11380   1.29571   0.70855   2.04609   2.97742   3.28420   0.00076   1.00000  
 28 18.4017   7692.645632  x:  2.24643   0.10109   0.06894   0.43053   0.52552   0.62825   0.50421   0.69175   0.07299   0.09816   0.21041   0.67937   0.66282   0.00000   0.43094   0.38865   0.85445   0.81780   0.97275   0.83258   0.38584   0.38894   0.44160   0.18360   1.10806   0.40782   0.21498   0.06661   0.25316   0.07936   0.18261   0.18091   0.05894   1.04489   0.14033   1.36217   0.75133   2.04905   3.22614   3.58582   0.00075   1.00000  
 29 48.7787   7691.010975  x:  2.28753   0.13323   0.07411   0.43336   0.54180   0.61608   0.53307   0.74928   0.02911   0.12645   0.18384   0.66682   0.61168   0.04557   0.41584   0.42019   0.84578   0.84058   0.94777   0.84794   0.41658   0.37181   0.46349   0.19377   1.13232   0.39580   0.20749   0.06108   0.25446   0.08065   0.17910   0.18308   0.03115   1.09807   0.10890   1.39643   0.76527   2.04369   3.38024   3.79064   0.00075   1.00000  
 30 36.3073   7690.643594  x:  2.29081   0.12815   0.06298   0.44393   0.53894   0.59568   0.53396   0.75625   0.04051   0.11367   0.20166   0.64717   0.62232   0.04793   0.41220   0.43043   0.82641   0.86107   0.93275   0.83329   0.42702   0.36241   0.45864   0.19559   1.13346   0.37158   0.21137   0.05815   0.25278   0.08173   0.17815   0.18072   0.03676   1.15468   0.10265   1.40153   0.77453   2.03360   3.41206   3.84090   0.00075   1.00000  
 31 10.3482   7690.548916  x:  2.29286   0.11895   0.07091   0.43893   0.53755   0.58991   0.53515   0.75695   0.03100   0.11566   0.20477   0.64478   0.62852   0.05072   0.41354   0.43265   0.81942   0.87282   0.92733   0.82561   0.41928   0.37399   0.45325   0.19108   1.13346   0.37193   0.20597   0.05935   0.25170   0.08132   0.17861   0.18176   0.03728   1.17520   0.10834   1.40383   0.77932   2.02973   3.43093   3.84884   0.00075   1.00000  
 32  5.7045   7690.461153  x:  2.29884   0.12015   0.06303   0.44123   0.54113   0.59277   0.53470   0.75016   0.03961   0.12064   0.19113   0.65080   0.63045   0.05434   0.41748   0.42868   0.81010   0.88578   0.91770   0.82150   0.40976   0.37832   0.44570   0.18263   1.13454   0.38732   0.20468   0.05823   0.25257   0.08146   0.17899   0.18253   0.03514   1.18938   0.10557   1.40839   0.77533   2.03216   3.44905   3.86857   0.00075   1.00000  
 33  2.4686   7690.044407  x:  2.32827   0.11857   0.07079   0.42536   0.52810   0.61997   0.54243   0.73017   0.04281   0.11845   0.19622   0.66897   0.61878   0.04917   0.44510   0.41642   0.79952   0.92541   0.90177   0.82250   0.41315   0.34953   0.47862   0.16286   1.14538   0.39213   0.20971   0.05017   0.25236   0.08283   0.17951   0.18323   0.02561   1.20005   0.12585   1.43861   0.76234   2.03913   3.55156   3.97964   0.00075   1.00000  
 34  3.2335   7689.007114  x:  2.40245   0.13698   0.05513   0.41989   0.54754   0.64050   0.54046   0.72692   0.04505   0.10582   0.23720   0.66217   0.58211   0.03014   0.46291   0.42490   0.82816   0.96463   0.89907   0.85024   0.41979   0.37038   0.44089   0.19756   1.18011   0.39382   0.19229   0.04197   0.24713   0.08867   0.18012   0.18392   0.00333   1.18346   0.14076   1.50921   0.77048   2.04373   3.81068   4.26283   0.00075   1.00000  
 35 13.1429   7688.122340  x:  2.47179   0.12850   0.04846   0.41020   0.55702   0.61445   0.51757   0.76863   0.06091   0.11023   0.21915   0.65928   0.60649   0.03564   0.41438   0.44574   0.84267   0.94194   0.90861   0.87701   0.39440   0.37090   0.46348   0.19481   1.21449   0.39697   0.20348   0.02622   0.24706   0.09253   0.18357   0.18633   0.00144   1.16281   0.15232   1.54816   0.83287   2.04207   4.02330   4.50646   0.00075   1.00000  
 36 21.0929   7687.969857  x:  2.48354   0.12881   0.04977   0.41007   0.56506   0.61435   0.50247   0.77064   0.05992   0.11048   0.21876   0.67448   0.60614   0.03309   0.40345   0.46646   0.84629   0.93634   0.92810   0.86630   0.40662   0.36325   0.46511   0.18438   1.22030   0.40397   0.19918   0.02522   0.24562   0.09338   0.18301   0.18584   0.00000   1.16727   0.14144   1.54365   0.84399   2.04205   4.06427   4.53504   0.00075   1.00000  
 37  7.8469   7687.927533  x:  2.48674   0.12772   0.05046   0.41158   0.56056   0.62286   0.50907   0.77003   0.06252   0.11079   0.22294   0.67919   0.59445   0.03637   0.39618   0.47493   0.84430   0.93060   0.94187   0.85624   0.40286   0.36680   0.46524   0.18255   1.22265   0.40794   0.20108   0.02459   0.24621   0.09358   0.18398   0.18687   0.00159   1.17292   0.14445   1.53264   0.85058   2.04465   4.06687   4.55146   0.00075   1.00000  
 38  2.5964   7687.908921  x:  2.48776   0.12864   0.05026   0.41184   0.56043   0.62420   0.51082   0.76779   0.06237   0.11084   0.22213   0.67903   0.59576   0.03623   0.39240   0.47494   0.84689   0.93149   0.94447   0.85923   0.40299   0.36636   0.46513   0.18298   1.22358   0.40759   0.20083   0.02462   0.24616   0.09361   0.18407   0.18691   0.00000   1.17587   0.14647   1.52703   0.84918   2.04385   4.06858   4.55331   0.00075   1.00000  
 39  0.7898   7687.908921  x:  2.48776   0.12864   0.05026   0.41184   0.56043   0.62420   0.51082   0.76779   0.06237   0.11084   0.22213   0.67903   0.59576   0.03623   0.39240   0.47494   0.84689   0.93149   0.94447   0.85923   0.40299   0.36636   0.46513   0.18298   1.22358   0.40759   0.20083   0.02462   0.24616   0.09361   0.18407   0.18691   0.00000   1.17587   0.14647   1.52703   0.84918   2.04385   4.06858   4.55331   0.00075   1.00000  
 40  1.1670   7537.366564  x:  2.48777   0.12865   0.05028   0.41185   0.56043   0.62420   0.51082   0.76779   0.06238   0.11084   0.22213   0.67903   0.59577   0.03623   0.39240   0.47494   0.84689   0.93149   0.94447   0.85924   0.40300   0.36636   0.46513   0.18298   1.22358   0.40759   0.20084   0.02466   0.24617   0.09363   0.18409   0.18693   0.00001   1.17587   0.14646   1.52703   0.84918   2.04385   4.06859   4.55330   0.07072   1.00000  
 41 27921.8669   7492.878258  x:  2.51601   0.20142   0.12474   0.46002   0.60789   0.66751   0.55702   0.80915   0.12849   0.16967   0.27439   0.72611   0.64423   0.10451   0.43900   0.52213   0.88519   0.96890   0.98430   0.90332   0.45997   0.42004   0.51427   0.23622   1.26307   0.45885   0.26793   0.14299   0.30849   0.17440   0.26499   0.26351   0.52073   1.21631   0.19551   1.55640   0.89227   2.00329   4.30152   4.32060   0.07796   1.00000  
 42 299.4094   7467.723046  x:  2.55441   0.16621   0.09527   0.48680   0.64086   0.71812   0.60373   0.85380   0.09650   0.14197   0.28524   0.77451   0.67781   0.09558   0.46684   0.57013   0.92943   1.01403   1.03019   0.94051   0.49145   0.45186   0.54400   0.22917   1.30812   0.46746   0.19564   0.01351   0.27972   0.08255   0.22901   0.22806   0.54312   1.24035   0.20827   1.59353   0.92148   1.95726   4.49102   4.13152   0.07947   1.00000  
 43 118.7272   7457.170653  x:  2.59901   0.10810   0.04963   0.50041   0.66102   0.76321   0.63723   0.88898   0.04247   0.09179   0.27831   0.81149   0.69874   0.06043   0.48216   0.61354   0.96914   1.05506   1.07224   0.97122   0.50754   0.46171   0.55478   0.20916   1.35243   0.46557   0.19534   0.09820   0.26480   0.08648   0.19468   0.19639   0.47709   1.25813   0.20934   1.63213   0.94214   1.91353   4.65599   3.96709   0.08026   1.00000  
 44 147.4417   7455.250315  x:  2.62942   0.08890   0.06625   0.49419   0.65728   0.77538   0.63277   0.89079   0.04346   0.07601   0.26640   0.81327   0.69551   0.03467   0.47724   0.62901   0.98007   1.06686   1.08637   0.98165   0.50306   0.44267   0.53820   0.20729   1.37126   0.45924   0.19196   0.07744   0.27109   0.13709   0.21932   0.22204   0.45501   1.26446   0.19977   1.65166   0.94266   1.89650   4.69128   3.93217   0.08037   1.00000  
 45 47.6120   7453.454822  x:  2.68736   0.07630   0.09285   0.47493   0.64241   0.78822   0.61083   0.88289   0.05967   0.07801   0.24955   0.80624   0.68239   0.00000   0.46159   0.65027   0.99143   1.07853   1.10563   0.99764   0.49127   0.40509   0.50391   0.20771   1.39867   0.44650   0.21119   0.07637   0.26709   0.11867   0.21925   0.21731   0.45948   1.27442   0.18139   1.68490   0.93685   1.87451   4.70772   3.91649   0.08045   1.00000  
 46 30.4394   7452.098954  x:  2.78955   0.06657   0.06911   0.44099   0.61699   0.80468   0.57212   0.86638   0.02965   0.11284   0.23822   0.79661   0.65815   0.00000   0.43301   0.67951   1.00390   1.08601   1.13519   1.02127   0.47814   0.38162   0.48038   0.19224   1.43447   0.42008   0.19875   0.07254   0.26606   0.12732   0.20897   0.20896   0.48465   1.28787   0.15948   1.73963   0.92170   1.85548   4.71353   3.91210   0.08056   1.00000  
 47 33.6778   7451.211523  x:  2.90385   0.06165   0.04937   0.42453   0.60391   0.82073   0.54110   0.85343   0.06778   0.13355   0.23852   0.78966   0.63823   0.00000   0.39738   0.70243   1.00951   1.08233   1.16211   1.03650   0.47710   0.40627   0.49758   0.19324   1.46379   0.41012   0.17789   0.08045   0.26222   0.12992   0.20866   0.21243   0.48068   1.29909   0.14598   1.79497   0.89948   1.85498   4.71620   3.91116   0.08062   1.00000  
 48 29.5325   7449.670438  x:  3.13828   0.07701   0.07921   0.41991   0.60121   0.85096   0.50766   0.84337   0.03762   0.12192   0.24293   0.78251   0.61431   0.00000   0.32587   0.73644   1.01178   1.06074   1.21265   1.04946   0.47198   0.46489   0.54434   0.21781   1.50548   0.42294   0.18492   0.08311   0.26715   0.11851   0.21875   0.22389   0.46535   1.32024   0.14597   1.90020   0.85416   1.87496   4.70871   3.92242   0.08068   1.00000  
 49 36.7264   7448.048784  x:  3.42864   0.07466   0.06337   0.45372   0.63123   0.88348   0.53190   0.86824   0.04700   0.09856   0.27940   0.79477   0.63684   0.00000   0.26085   0.77171   1.01195   1.02745   1.27073   1.04898   0.47004   0.45919   0.54306   0.23212   1.53085   0.44828   0.21119   0.06664   0.28007   0.14599   0.20146   0.19631   0.45585   1.34574   0.19023   2.01837   0.81384   1.91499   4.68010   3.95618   0.08077   1.00000  
 50 33.7502   7447.046211  x:  3.62467   0.06883   0.04956   0.47624   0.65149   0.89816   0.56517   0.89370   0.04381   0.10300   0.30157   0.80867   0.66447   0.00000   0.24056   0.79750   1.01673   1.00868   1.30825   1.04707   0.47697   0.44171   0.53064   0.22648   1.53541   0.46041   0.20491   0.07693   0.26994   0.12924   0.22964   0.22839   0.44149   1.36195   0.22213   2.09138   0.79566   1.93893   4.65682   3.98326   0.08080   1.00000  
 51 53.1849   7446.434522  x:  3.76017   0.07373   0.08307   0.48363   0.65831   0.89597   0.59578   0.91330   0.04462   0.12717   0.29992   0.82084   0.68694   0.00000   0.26156   0.81942   1.02894   1.00570   1.33064   1.04844   0.49480   0.43883   0.52801   0.21537   1.52441   0.46674   0.17831   0.08923   0.27575   0.13503   0.22189   0.22893   0.42243   1.37303   0.23701   2.13202   0.79604   1.94469   4.63867   4.00452   0.08081   1.00000  
 52 28.8532   7445.628415  x:  3.94895   0.08108   0.07211   0.47466   0.65192   0.87134   0.63434   0.93275   0.05202   0.12505   0.25378   0.83778   0.70741   0.00000   0.33211   0.84747   1.05982   1.02371   1.34855   1.05600   0.52459   0.45600   0.54358   0.19877   1.49129   0.47481   0.20777   0.08066   0.29947   0.13665   0.23164   0.23258   0.40044   1.39116   0.23870   2.17063   0.82058   1.93397   4.61060   4.03788   0.08081   1.00000  
 53 20.6476   7445.294199  x:  4.03265   0.08090   0.06842   0.47570   0.65496   0.85349   0.63711   0.92947   0.05100   0.11216   0.25008   0.84571   0.71482   0.00000   0.36371   0.84407   1.07448   1.04220   1.34049   1.06321   0.52299   0.45475   0.55108   0.21891   1.47727   0.48728   0.20604   0.08144   0.26716   0.14784   0.23361   0.22883   0.39475   1.40189   0.22609   2.17372   0.84462   1.92291   4.60051   4.05120   0.08081   1.00000  
 54 12.9280   7444.798142  x:  4.16944   0.07437   0.06038   0.48777   0.67008   0.82397   0.62628   0.91327   0.04745   0.10706   0.28138   0.85705   0.72362   0.00000   0.40198   0.81096   1.09189   1.07979   1.30222   1.07736   0.50646   0.44139   0.55905   0.25441   1.45984   0.49731   0.19939   0.08415   0.29427   0.14535   0.23067   0.23754   0.36913   1.42077   0.19180   2.15765   0.89425   1.90818   4.59931   4.05904   0.08079   1.00000  
 55 14.2184   7444.305154  x:  4.30909   0.08964   0.06843   0.50351   0.68702   0.82061   0.62633   0.91111   0.04877   0.10802   0.29427   0.85150   0.70860   0.00000   0.41298   0.74530   1.08771   1.11539   1.23485   1.08472   0.49986   0.44267   0.55771   0.22103   1.46012   0.46609   0.20971   0.08045   0.28447   0.15108   0.24313   0.22826   0.34085   1.43918   0.17501   2.11087   0.94310   1.91083   4.61489   4.05241   0.08077   1.00000  
 56 10.0537   7444.034654  x:  4.38369   0.08024   0.06925   0.49741   0.68143   0.82866   0.62962   0.91558   0.04930   0.09563   0.27900   0.84164   0.69579   0.00000   0.41735   0.70713   1.07508   1.12846   1.19719   1.08060   0.50518   0.44306   0.54684   0.21645   1.47045   0.46607   0.20288   0.08107   0.28335   0.15216   0.22238   0.24587   0.33231   1.44285   0.18044   2.07201   0.95701   1.91510   4.62531   4.04815   0.08076   1.00000  
 57 11.5117   7443.764586  x:  4.45332   0.06654   0.06752   0.48098   0.66561   0.84057   0.63030   0.92042   0.04694   0.10048   0.26563   0.83249   0.69065   0.00000   0.42618   0.67570   1.05616   1.13448   1.16724   1.07159   0.51314   0.44252   0.53303   0.22775   1.48539   0.48147   0.19576   0.08167   0.28699   0.15284   0.23698   0.23171   0.31631   1.43800   0.18997   2.02460   0.95466   1.91789   4.64066   4.03990   0.08074   1.00000  
 58 13.2942   7443.518532  x:  4.51310   0.08461   0.06384   0.46414   0.64951   0.85268   0.62056   0.91927   0.04734   0.11088   0.27261   0.83188   0.70327   0.00000   0.44437   0.66681   1.03481   1.13241   1.15909   1.05806   0.51002   0.43570   0.52725   0.23066   1.49795   0.48895   0.20804   0.07614   0.27891   0.15726   0.22983   0.23866   0.29077   1.42084   0.19005   1.97162   0.92746   1.91117   4.66136   4.02760   0.08072   1.00000  
 59  8.2628   7443.278989  x:  4.55849   0.09175   0.06385   0.45978   0.64607   0.86078   0.60692   0.91386   0.04941   0.08868   0.27247   0.83211   0.71044   0.00000   0.45806   0.67502   1.01827   1.12785   1.16328   1.04514   0.49797   0.42546   0.52902   0.21997   1.50207   0.48072   0.19648   0.07846   0.28226   0.15663   0.23369   0.23389   0.28065   1.40118   0.18678   1.92647   0.89733   1.90024   4.67419   4.02316   0.08070   1.00000  
 60  9.7726   7443.063579  x:  4.59268   0.06394   0.06900   0.47323   0.66011   0.85929   0.59386   0.90510   0.04785   0.09634   0.26607   0.82769   0.70189   0.00000   0.45857   0.69962   1.00911   1.11997   1.17395   1.03847   0.48883   0.42225   0.53497   0.21654   1.49435   0.47008   0.20386   0.07470   0.27746   0.15805   0.23158   0.23494   0.26835   1.38141   0.18891   1.89118   0.87549   1.89188   4.68697   4.02018   0.08069   1.00000  
 61  6.2622   7442.761519  x:  4.62885   0.08893   0.06114   0.48613   0.67403   0.84140   0.59066   0.89851   0.04887   0.10312   0.24199   0.81438   0.67259   0.00000   0.42363   0.74719   1.01009   1.10629   1.19507   1.03911   0.48076   0.41011   0.52144   0.23434   1.47286   0.46386   0.19764   0.07441   0.27844   0.15802   0.23120   0.23447   0.23765   1.36777   0.20235   1.86859   0.87627   1.88552   4.71320   4.01126   0.08067   1.00000  
 62  4.9524   7442.154404  x:  4.67863   0.08290   0.07042   0.44597   0.63298   0.79779   0.60806   0.89919   0.04957   0.08802   0.26438   0.81068   0.67341   0.00000   0.32224   0.81941   1.02379   1.07510   1.24426   1.04274   0.48979   0.41549   0.49931   0.23177   1.43323   0.44976   0.19972   0.06958   0.27326   0.15737   0.22978   0.23173   0.19337   1.36821   0.18548   1.87109   0.90705   1.88959   4.75410   4.00828   0.08064   1.00000  
 63  5.8779   7441.673429  x:  4.70788   0.08795   0.07099   0.44885   0.63934   0.83709   0.59357   0.88572   0.05194   0.09815   0.23564   0.80994   0.70318   0.00000   0.28304   0.81742   1.04375   1.07329   1.27868   1.03533   0.49051   0.39195   0.52160   0.19867   1.45506   0.49931   0.19971   0.06596   0.27443   0.15376   0.22894   0.23070   0.16285   1.39470   0.16043   1.93884   0.92693   1.87922   4.76869   4.02959   0.08063   1.00000  
 64  3.2034   7440.965056  x:  4.75807   0.09309   0.07441   0.44553   0.64707   0.91031   0.57542   0.88591   0.05464   0.09624   0.25171   0.82180   0.69065   0.00000   0.32315   0.80059   1.07915   1.09979   1.33371   1.04222   0.47500   0.41562   0.49895   0.21218   1.52880   0.47396   0.20496   0.06129   0.27671   0.14385   0.23021   0.22884   0.12161   1.43707   0.19622   2.06846   0.93067   1.87514   4.77744   4.07876   0.08063   1.00000  
 65  5.6509   7440.687445  x:  4.79379   0.09606   0.07189   0.44977   0.65416   0.91239   0.59244   0.91671   0.05222   0.09745   0.24740   0.82414   0.68115   0.00000   0.33138   0.79633   1.08116   1.11621   1.33094   1.05963   0.48706   0.40410   0.50769   0.23207   1.55587   0.45295   0.20602   0.05893   0.27635   0.13806   0.22834   0.22565   0.11789   1.44653   0.16453   2.10950   0.89283   1.89100   4.78634   4.09418   0.08064   1.00000  
 66  4.8040   7440.327202  x:  4.87742   0.09233   0.07290   0.44394   0.64564   0.86223   0.57922   0.93701   0.05256   0.09882   0.24188   0.81861   0.69991   0.00000   0.32615   0.80620   1.06356   1.14076   1.29876   1.08263   0.47171   0.39077   0.53084   0.22360   1.57170   0.44926   0.20611   0.05402   0.27363   0.12318   0.22360   0.21986   0.12476   1.44811   0.20152   2.14309   0.86106   1.88890   4.81265   4.10353   0.08069   1.00000  
 67  3.5587   7440.092807  x:  4.94572   0.09240   0.06959   0.45577   0.65053   0.84691   0.56838   0.92671   0.05042   0.09469   0.24795   0.81575   0.69973   0.00000   0.32591   0.82118   1.04614   1.14617   1.28463   1.07446   0.48705   0.41258   0.49639   0.20792   1.56497   0.46799   0.20505   0.05043   0.27149   0.11244   0.21948   0.21482   0.13626   1.44204   0.19072   2.14985   0.84990   1.88086   4.83145   4.10992   0.08073   1.00000  
 68  4.6040   7439.935014  x:  5.00295   0.09036   0.06813   0.44543   0.64393   0.87916   0.58891   0.90939   0.05097   0.09809   0.25311   0.81265   0.68417   0.00000   0.32712   0.83213   1.03327   1.13238   1.29278   1.05241   0.47598   0.40524   0.50770   0.21292   1.54385   0.46356   0.20566   0.04773   0.26977   0.10409   0.21615   0.21087   0.14793   1.42830   0.17998   2.13473   0.87813   1.88488   4.84588   4.11573   0.08076   1.00000  
 69  2.9776   7439.902907  x:  5.01477   0.09121   0.06810   0.44252   0.64768   0.88830   0.58091   0.90397   0.05045   0.09779   0.24864   0.82282   0.69115   0.00000   0.32093   0.82703   1.04089   1.12507   1.30135   1.06201   0.48894   0.40251   0.50912   0.21872   1.53890   0.45496   0.20625   0.04748   0.26964   0.10284   0.21577   0.21034   0.14931   1.42741   0.18261   2.11916   0.88397   1.88842   4.84716   4.12134   0.08075   1.00000  
 70  1.4048   7439.866412  x:  5.02610   0.09218   0.06791   0.43814   0.65391   0.89382   0.58054   0.91584   0.05134   0.10045   0.24738   0.82392   0.69239   0.00000   0.31254   0.81881   1.06290   1.11857   1.31744   1.07792   0.47849   0.41034   0.50667   0.21732   1.53839   0.46015   0.20615   0.04763   0.27056   0.10211   0.21536   0.21059   0.15070   1.43076   0.18085   2.09123   0.88498   1.88640   4.84682   4.13357   0.08074   1.00000  
 71  1.2827   7439.835652  x:  5.03249   0.09402   0.06762   0.44143   0.65168   0.88834   0.57633   0.92139   0.05084   0.10022   0.25621   0.81482   0.68383   0.00000   0.31076   0.81818   1.07866   1.11754   1.32748   1.07106   0.48859   0.40586   0.51363   0.21470   1.54669   0.46394   0.20654   0.04754   0.27062   0.10212   0.21540   0.21043   0.14956   1.43759   0.18351   2.07268   0.88754   1.88443   4.84871   4.14573   0.08071   1.00000  
 72  0.9991   7439.773818  x:  5.03884   0.09726   0.06641   0.45315   0.64427   0.87151   0.57676   0.91362   0.05015   0.10654   0.24766   0.82434   0.68915   0.00000   0.30785   0.82142   1.07904   1.11392   1.32664   1.04760   0.48001   0.41222   0.51434   0.21916   1.56146   0.45667   0.20541   0.04780   0.27068   0.10298   0.21424   0.21004   0.14681   1.44811   0.17936   2.05653   0.89293   1.89559   4.86037   4.16876   0.08064   1.00000  
 73  0.8535   7439.670402  x:  5.04186   0.10323   0.06524   0.45716   0.64042   0.86397   0.58869   0.88972   0.04933   0.10822   0.25294   0.81992   0.68166   0.00000   0.31504   0.81749   1.04086   1.09342   1.30714   1.06856   0.48101   0.41479   0.51936   0.21845   1.54695   0.45882   0.20428   0.04812   0.27023   0.10536   0.21292   0.21001   0.13778   1.44468   0.17960   2.05843   0.89059   1.88305   4.88413   4.20941   0.08051   1.00000  
 74  1.2302   7439.632487  x:  5.04130   0.10518   0.06527   0.44709   0.64509   0.86679   0.57609   0.88976   0.04966   0.10774   0.25534   0.81128   0.67938   0.00000   0.32192   0.81403   1.04031   1.09514   1.29483   1.06692   0.47884   0.41361   0.51797   0.21614   1.52065   0.46227   0.20335   0.04788   0.26891   0.10603   0.21193   0.20944   0.13516   1.43064   0.18008   2.06836   0.88506   1.90180   4.90008   4.22052   0.08047   1.00000  
 75  1.5255   7439.622155  x:  5.04053   0.10582   0.06493   0.44471   0.64629   0.86885   0.57306   0.89488   0.04953   0.10877   0.25507   0.81069   0.68030   0.00000   0.31874   0.80805   1.04348   1.09577   1.28877   1.05859   0.47919   0.41487   0.51792   0.21895   1.50945   0.45878   0.20311   0.04783   0.26873   0.10628   0.21163   0.20930   0.13485   1.42286   0.18090   2.07389   0.88135   1.89378   4.90500   4.22514   0.08045   1.00000  
 76  1.1421   7439.620278  x:  5.03857   0.10580   0.06503   0.44657   0.64352   0.86611   0.57288   0.89454   0.04975   0.10880   0.25473   0.81414   0.67704   0.00000   0.31999   0.80266   1.04578   1.09200   1.28931   1.05771   0.47856   0.41391   0.51795   0.21796   1.50768   0.45960   0.20300   0.04769   0.26849   0.10614   0.21153   0.20919   0.13497   1.41961   0.18114   2.07585   0.88000   1.89378   4.90927   4.22708   0.08045   1.00000  
 77  0.2745   7439.618298  x:  5.03406   0.10585   0.06472   0.44865   0.64214   0.86371   0.57435   0.89237   0.04963   0.10850   0.25382   0.80938   0.67931   0.00000   0.32216   0.79785   1.04856   1.08786   1.28957   1.05751   0.47822   0.41433   0.51747   0.21853   1.50743   0.45808   0.20280   0.04750   0.26834   0.10595   0.21144   0.20907   0.13503   1.41763   0.18093   2.07717   0.87917   1.89424   4.91643   4.23190   0.08045   1.00000  
 78  0.2712   7439.602733  x:  4.98119   0.10796   0.06423   0.44119   0.65131   0.86105   0.58316   0.88833   0.04973   0.10663   0.25497   0.81281   0.67934   0.00000   0.33061   0.79181   1.05543   1.08500   1.27323   1.05490   0.47971   0.41554   0.51894   0.21769   1.51023   0.46019   0.20276   0.04639   0.26862   0.10479   0.21230   0.20968   0.13334   1.42313   0.18433   2.07463   0.87437   1.89528   4.97840   4.29597   0.08045   1.00000  
 79  0.3467   7439.589515  x:  4.93405   0.10983   0.06329   0.45031   0.64459   0.86366   0.57933   0.90169   0.04950   0.10563   0.25494   0.81342   0.68166   0.00000   0.33756   0.78676   1.04617   1.09164   1.26951   1.05746   0.48031   0.41768   0.51985   0.21883   1.50777   0.46127   0.20265   0.04558   0.26913   0.10394   0.21303   0.21041   0.13173   1.42515   0.18462   2.07119   0.87948   1.89715   5.03249   4.35472   0.08044   1.00000  
 80  1.6895   7439.588152  x:  4.92791   0.10999   0.06334   0.44919   0.64601   0.86176   0.58126   0.89996   0.04957   0.10580   0.25475   0.81330   0.68162   0.00000   0.33651   0.78337   1.04339   1.09767   1.27411   1.05696   0.48085   0.41780   0.51979   0.21869   1.50757   0.46146   0.20260   0.04556   0.26914   0.10388   0.21304   0.21044   0.13173   1.42270   0.18500   2.07031   0.87934   1.89742   5.04079   4.36321   0.08044   1.00000  
 81  0.2883   7439.572979  x:  4.83244   0.10884   0.06445   0.45119   0.63875   0.86513   0.58132   0.89212   0.05003   0.10610   0.25537   0.81184   0.68108   0.00000   0.33264   0.78635   1.04634   1.09732   1.26787   1.05560   0.47949   0.41453   0.51607   0.21747   1.50506   0.46004   0.20234   0.04606   0.26766   0.10413   0.21167   0.20891   0.13113   1.41086   0.18350   2.05156   0.87994   1.89529   5.19088   4.50764   0.08051   1.00000  
 82  0.1908   7439.567956  x:  4.80153   0.10786   0.06461   0.44634   0.64313   0.86189   0.57696   0.89455   0.05033   0.10636   0.25457   0.81048   0.67999   0.00000   0.33414   0.78391   1.04060   1.09005   1.27032   1.05174   0.47870   0.41295   0.51472   0.21750   1.50277   0.45831   0.20217   0.04617   0.26694   0.10413   0.21103   0.20823   0.13084   1.41449   0.18156   2.04632   0.88186   1.89358   5.24374   4.55539   0.08054   1.00000  
 83  2.1234   7439.566984  x:  4.79924   0.10749   0.06452   0.44728   0.64133   0.86250   0.57725   0.89286   0.05027   0.10660   0.25430   0.81019   0.67955   0.00000   0.33380   0.78325   1.04061   1.09102   1.27115   1.05127   0.47816   0.41269   0.51479   0.21762   1.49890   0.45801   0.20208   0.04617   0.26690   0.10407   0.21092   0.20816   0.13075   1.41979   0.18216   2.04571   0.87870   1.89351   5.25930   4.56953   0.08056   1.00000  
 84  0.1642   7439.544655  x:  4.77729   0.10403   0.06237   0.44790   0.64319   0.85636   0.57357   0.89241   0.04754   0.10836   0.25145   0.80922   0.67663   0.00000   0.32896   0.79425   1.04048   1.08999   1.27529   1.05457   0.47704   0.41474   0.51963   0.21645   1.49885   0.45799   0.20323   0.04563   0.26915   0.10302   0.20997   0.20824   0.13011   1.41326   0.18176   2.05346   0.87784   1.89187   5.64877   4.95429   0.08100   1.00000  
 85  0.4958   7439.511705  x:  4.78091   0.10667   0.06373   0.44832   0.64432   0.86131   0.57823   0.89657   0.04977   0.10760   0.25440   0.81166   0.67958   0.00000   0.33357   0.78524   1.04266   1.08979   1.27388   1.05592   0.47891   0.41495   0.51769   0.21819   1.50303   0.45842   0.20262   0.04729   0.26764   0.10500   0.21283   0.20923   0.13587   1.41693   0.18283   2.06036   0.87858   1.89516   6.34801   5.66736   0.08179   1.00000  
 86  0.3429   7439.504735  x:  4.79261   0.10805   0.06407   0.44721   0.64335   0.85928   0.57740   0.89467   0.05007   0.10693   0.25464   0.81058   0.67974   0.00000   0.33327   0.78383   1.03972   1.09009   1.26991   1.05311   0.47863   0.41423   0.51640   0.21762   1.49996   0.45923   0.20281   0.04598   0.26762   0.10409   0.21180   0.20903   0.12975   1.41443   0.18185   2.04596   0.88090   1.89410   6.58308   5.89599   0.08198   1.00000  
 87  0.3437   7439.502802  x:  4.76502   0.10789   0.06420   0.44698   0.64273   0.85918   0.57569   0.89335   0.04956   0.10669   0.25399   0.80979   0.67850   0.00000   0.33458   0.78332   1.03845   1.09065   1.26833   1.05266   0.47854   0.41448   0.51699   0.21748   1.50011   0.45872   0.20302   0.04566   0.26845   0.10417   0.21107   0.20896   0.13112   1.41351   0.18123   2.04590   0.88008   1.89362   6.81438   6.12539   0.08211   1.00000  
 88  0.1622   7439.497765  x:  4.77144   0.10800   0.06392   0.44768   0.64344   0.85762   0.57659   0.89466   0.04930   0.10769   0.25366   0.81001   0.67870   0.00000   0.33334   0.78388   1.03948   1.08939   1.26949   1.05380   0.47796   0.41446   0.51728   0.21778   1.49890   0.45890   0.20203   0.04757   0.26748   0.10347   0.21274   0.20819   0.12974   1.41358   0.18201   2.04649   0.87976   1.89379   7.38760   6.69914   0.08212   1.00000  
 89  0.1296   7439.486477  x:  4.81475   0.10779   0.06351   0.44713   0.64383   0.86131   0.57856   0.89621   0.05007   0.10743   0.25458   0.81153   0.68008   0.00000   0.33126   0.78614   1.04240   1.08960   1.27426   1.05474   0.47882   0.41439   0.51635   0.21721   1.50177   0.45869   0.20429   0.04497   0.26674   0.10530   0.21146   0.20974   0.13153   1.41621   0.18246   2.05123   0.88070   1.89457   8.33533   7.65114   0.08162   1.00000  
 90  0.4185   7439.482298  x:  4.82674   0.10751   0.06412   0.44745   0.64354   0.86100   0.57691   0.89479   0.04986   0.10661   0.25454   0.81101   0.67985   0.00000   0.33308   0.78655   1.04098   1.09163   1.27227   1.05376   0.47898   0.41432   0.51696   0.21795   1.50286   0.45932   0.20256   0.04611   0.26861   0.10405   0.21135   0.20932   0.13166   1.41657   0.18194   2.05420   0.88027   1.89413   8.86401   8.17819   0.08131   1.00000  
 91  0.5593   7439.481554  x:  4.82986   0.10757   0.06415   0.44739   0.64357   0.86089   0.57677   0.89505   0.04957   0.10687   0.25405   0.81079   0.67924   0.00000   0.33274   0.78660   1.04117   1.09157   1.27236   1.05421   0.47885   0.41483   0.51733   0.21756   1.50246   0.45893   0.20309   0.04597   0.26781   0.10438   0.21204   0.20857   0.13138   1.41638   0.18213   2.05310   0.88027   1.89408   9.34644   8.65941   0.08127   1.00000  
 92  0.3909   7439.480747  x:  4.82897   0.10774   0.06402   0.44732   0.64353   0.86077   0.57707   0.89541   0.04969   0.10704   0.25418   0.81090   0.67956   0.00000   0.33241   0.78634   1.04145   1.09111   1.27263   1.05438   0.47872   0.41441   0.51692   0.21787   1.50270   0.45912   0.20295   0.04623   0.26782   0.10413   0.21134   0.20962   0.13140   1.41643   0.18221   2.05338   0.88006   1.89415  10.26204   9.57591   0.08133   1.00000  
 93  0.4348   7439.480354  x:  4.82386   0.10767   0.06405   0.44739   0.64355   0.86094   0.57695   0.89486   0.04975   0.10678   0.25440   0.81097   0.67966   0.00000   0.33289   0.78637   1.04103   1.09137   1.27230   1.05388   0.47889   0.41448   0.51703   0.21771   1.50246   0.45913   0.20286   0.04593   0.26830   0.10429   0.21179   0.20884   0.13148   1.41631   0.18196   2.05314   0.88032   1.89412  10.99787  10.31163   0.08136   1.00000  
 94  0.5731   7439.480201  x:  4.82421   0.10749   0.06414   0.44742   0.64356   0.86067   0.57689   0.89505   0.04969   0.10683   0.25415   0.81079   0.67936   0.00000   0.33286   0.78639   1.04105   1.09140   1.27217   1.05411   0.47886   0.41467   0.51719   0.21769   1.50233   0.45901   0.20293   0.04612   0.26783   0.10424   0.21161   0.20911   0.13141   1.41628   0.18214   2.05297   0.88027   1.89411  11.86771  11.18108   0.08135   1.00000  
 95  0.4947   7439.480128  x:  4.82561   0.10762   0.06405   0.44735   0.64352   0.86087   0.57695   0.89506   0.04974   0.10689   0.25433   0.81093   0.67962   0.00000   0.33270   0.78636   1.04115   1.09126   1.27241   1.05407   0.47881   0.41447   0.51699   0.21777   1.50255   0.45911   0.20293   0.04600   0.26817   0.10423   0.21171   0.20903   0.13147   1.41633   0.18205   2.05321   0.88017   1.89413  12.67579  11.98956   0.08135   1.00000  
 96  0.5079   7439.480097  x:  4.82479   0.10760   0.06410   0.44743   0.64360   0.86083   0.57695   0.89497   0.04970   0.10680   0.25426   0.81089   0.67949   0.00000   0.33289   0.78639   1.04109   1.09142   1.27225   1.05401   0.47889   0.41460   0.51714   0.21769   1.50239   0.45909   0.20286   0.04606   0.26799   0.10428   0.21164   0.20903   0.13143   1.41633   0.18207   2.05305   0.88036   1.89412  13.56968  12.88322   0.08135   1.00000  
 97  0.5041   7439.480085  x:  4.82502   0.10759   0.06409   0.44736   0.64351   0.86079   0.57692   0.89505   0.04973   0.10687   0.25426   0.81086   0.67952   0.00000   0.33275   0.78638   1.04110   1.09132   1.27232   1.05408   0.47883   0.41452   0.51705   0.21773   1.50250   0.45905   0.20295   0.04603   0.26806   0.10422   0.21169   0.20904   0.13145   1.41632   0.18208   2.05320   0.88018   1.89412  14.34028  13.65392   0.08135   1.00000  
 98  0.5129   7439.480079  x:  4.82512   0.10760   0.06407   0.44740   0.64357   0.86085   0.57696   0.89501   0.04971   0.10684   0.25429   0.81092   0.67956   0.00000   0.33280   0.78637   1.04114   1.09133   1.27234   1.05404   0.47885   0.41455   0.51708   0.21775   1.50244   0.45912   0.20288   0.04604   0.26807   0.10427   0.21166   0.20904   0.13145   1.41632   0.18205   2.05305   0.88029   1.89412  15.16317  14.47680   0.08135   1.00000  
 99  0.5194   7439.480077  x:  4.82494   0.10759   0.06409   0.44740   0.64355   0.86081   0.57693   0.89501   0.04972   0.10684   0.25427   0.81087   0.67951   0.00000   0.33280   0.78638   1.04108   1.09137   1.27228   1.05404   0.47885   0.41455   0.51708   0.21770   1.50247   0.45906   0.20292   0.04604   0.26804   0.10424   0.21168   0.20904   0.13144   1.41633   0.18208   2.05317   0.88025   1.89412  15.95312  15.26673   0.08135   1.00000  
100  0.5247   7439.480075  x:  4.82507   0.10760   0.06407   0.44738   0.64354   0.86082   0.57694   0.89503   0.04972   0.10685   0.25427   0.81090   0.67955   0.00000   0.33278   0.78638   1.04113   1.09132   1.27234   1.05406   0.47885   0.41454   0.51707   0.21775   1.50246   0.45910   0.20291   0.04604   0.26807   0.10425   0.21167   0.20904   0.13144   1.41631   0.18207   2.05310   0.88025   1.89412  16.83003  16.14366   0.08135   1.00000  
101  0.5129   7439.480075  x:  4.82501   0.10760   0.06409   0.44740   0.64356   0.86082   0.57694   0.89501   0.04972   0.10684   0.25428   0.81089   0.67952   0.00000   0.33280   0.78638   1.04110   1.09136   1.27229   1.05404   0.47885   0.41455   0.51708   0.21772   1.50246   0.45907   0.20291   0.04604   0.26805   0.10425   0.21167   0.20904   0.13144   1.41632   0.18207   2.05314   0.88026   1.89412  17.68142  16.99504   0.08135   1.00000  
102  0.5169   7439.480075  x:  4.82502   0.10760   0.06408   0.44738   0.64354   0.86082   0.57694   0.89503   0.04972   0.10685   0.25427   0.81089   0.67953   0.00000   0.33279   0.78638   1.04111   1.09134   1.27232   1.05405   0.47885   0.41455   0.51708   0.21773   1.50246   0.45909   0.20291   0.04604   0.26806   0.10425   0.21167   0.20904   0.13144   1.41632   0.18207   2.05312   0.88025   1.89412  18.58988  17.90350   0.08135   1.00000  
103  0.5203   7439.480075  x:  4.82503   0.10760   0.06408   0.44739   0.64356   0.86082   0.57694   0.89502   0.04972   0.10684   0.25428   0.81089   0.67953   0.00000   0.33279   0.78638   1.04111   1.09134   1.27231   1.05405   0.47885   0.41455   0.51707   0.21773   1.50246   0.45908   0.20291   0.04604   0.26806   0.10425   0.21167   0.20904   0.13144   1.41632   0.18207   2.05313   0.88026   1.89412  19.34944  18.66306   0.08135   1.00000  
104  0.4852   7439.480075  x:  4.82501   0.10760   0.06408   0.44739   0.64354   0.86082   0.57694   0.89502   0.04972   0.10684   0.25427   0.81089   0.67953   0.00000   0.33279   0.78638   1.04111   1.09134   1.27231   1.05405   0.47885   0.41455   0.51708   0.21773   1.50246   0.45909   0.20291   0.04604   0.26805   0.10425   0.21167   0.20904   0.13144   1.41632   0.18207   2.05313   0.88025   1.89412  20.40708  19.72070   0.08135   1.00000  
105  0.5314   7439.480074  x:  4.82503   0.10760   0.06408   0.44739   0.64355   0.86082   0.57694   0.89502   0.04972   0.10685   0.25427   0.81089   0.67953   0.00000   0.33279   0.78638   1.04111   1.09134   1.27231   1.05405   0.47885   0.41455   0.51707   0.21773   1.50246   0.45908   0.20291   0.04604   0.26806   0.10425   0.21167   0.20904   0.13144   1.41632   0.18207   2.05312   0.88025   1.89412  22.16901  21.48263   0.08135   1.00000  
106  0.8893   7439.480074  x:  4.82502   0.10760   0.06408   0.44739   0.64355   0.86082   0.57694   0.89502   0.04972   0.10684   0.25427   0.81089   0.67953   0.00000   0.33279   0.78638   1.04111   1.09134   1.27231   1.05405   0.47885   0.41455   0.51707   0.21773   1.50246   0.45908   0.20291   0.04604   0.26805   0.10425   0.21167   0.20904   0.13144   1.41632   0.18207   2.05313   0.88025   1.89412  23.29592  22.60954   0.08135   1.00000  
107  0.9456   7439.480074  x:  4.82502   0.10760   0.06408   0.44739   0.64355   0.86082   0.57694   0.89502   0.04972   0.10684   0.25427   0.81089   0.67953   0.00000   0.33279   0.78638   1.04111   1.09134   1.27231   1.05405   0.47885   0.41455   0.51707   0.21773   1.50246   0.45908   0.20291   0.04604   0.26805   0.10425   0.21167   0.20904   0.13144   1.41632   0.18207   2.05313   0.88025   1.89412  24.42284  23.73646   0.08135   1.00000  
108  0.9976   7439.480074  x:  4.82502   0.10760   0.06408   0.44739   0.64355   0.86082   0.57694   0.89502   0.04972   0.10684   0.25427   0.81089   0.67953   0.00000   0.33279   0.78638   1.04111   1.09134   1.27231   1.05405   0.47885   0.41455   0.51707   0.21773   1.50246   0.45908   0.20291   0.04604   0.26805   0.10425   0.21167   0.20904   0.13144   1.41632   0.18207   2.05313   0.88025   1.89412  24.41985  23.73347   0.08135   1.00000  
109  0.6761   7439.480074  x:  4.82502   0.10760   0.06408   0.44739   0.64355   0.86082   0.57694   0.89502   0.04972   0.10684   0.25427   0.81089   0.67953   0.00000   0.33279   0.78638   1.04111   1.09134   1.27231   1.05405   0.47885   0.41455   0.51707   0.21773   1.50246   0.45908   0.20291   0.04604   0.26806   0.10425   0.21167   0.20904   0.13144   1.41632   0.18207   2.05312   0.88025   1.89412  24.42272  23.73634   0.08135   1.00000  
110  0.0025   7439.480074  x:  4.82502   0.10760   0.06408   0.44739   0.64355   0.86082   0.57694   0.89502   0.04972   0.10684   0.25427   0.81089   0.67953   0.00000   0.33279   0.78638   1.04111   1.09134   1.27231   1.05405   0.47885   0.41455   0.51707   0.21773   1.50246   0.45908   0.20291   0.04604   0.26806   0.10425   0.21167   0.20904   0.13144   1.41632   0.18207   2.05313   0.88025   1.89412  24.42243  23.73605   0.08135   1.00000  
111  0.0003   7439.480074  x:  4.82502   0.10760   0.06408   0.44739   0.64355   0.86082   0.57694   0.89502   0.04972   0.10684   0.25427   0.81089   0.67953   0.00000   0.33279   0.78638   1.04111   1.09134   1.27231   1.05405   0.47885   0.41455   0.51707   0.21773   1.50246   0.45908   0.20291   0.04604   0.26806   0.10425   0.21167   0.20904   0.13144   1.41632   0.18207   2.05313   0.88025   1.89412  24.42250  23.73612   0.08135   1.00000  
112  0.0014   7439.480074  x:  4.82502   0.10760   0.06408   0.44739   0.64355   0.86082   0.57694   0.89502   0.04972   0.10684   0.25427   0.81089   0.67953   0.00000   0.33279   0.78638   1.04111   1.09134   1.27231   1.05405   0.47885   0.41455   0.51707   0.21773   1.50246   0.45908   0.20291   0.04604   0.26806   0.10425   0.21167   0.20904   0.13144   1.41632   0.18207   2.05313   0.88025   1.89412  24.42250  23.73612   0.08135   1.00000  