

TREE # 1

  0  0.0000   9217.252476  x:  0.17444   0.02804   0.07307   0.00000   0.21220   0.15259   0.14764   0.15672   0.09176   0.01488   0.10164   0.09888   0.08304   0.02822   0.03654   0.11840   0.16638   0.13073   0.17006   0.12456   0.13600   0.08105   0.05011   0.02312   0.14692   0.15208   0.08109   0.04353   0.13235   0.02986   0.05286   0.04009   0.10565   0.11049   0.05181   0.16210   0.10351   2.00000   1.39835   0.16116   0.29812   1.40136  
  1 99.0000   8110.725015  x:  0.33823   0.14943   0.13457   0.33021   0.26351   0.21867   0.20665   0.22863   0.13413   0.10616   0.15870   0.22696   0.21346   0.09800   0.16506   0.18675   0.24302   0.24174   0.25576   0.23526   0.18602   0.17972   0.21794   0.12415   0.27013   0.19703   0.10900   0.05577   0.15029   0.08359   0.12651   0.14467   0.14720   0.24460   0.15034   0.28343   0.25596   1.99211   1.43160   0.12819   0.00000   1.40114  
  2 3559.2204   7958.798104  x:  0.52196   0.28555   0.20353   0.70051   0.32105   0.29279   0.27283   0.30929   0.18165   0.20850   0.22268   0.37062   0.35973   0.17625   0.30919   0.26341   0.32898   0.36625   0.35188   0.35943   0.24212   0.29039   0.40614   0.23746   0.40832   0.24744   0.14028   0.06947   0.17041   0.14384   0.20909   0.26195   0.19380   0.39503   0.26085   0.41952   0.42695   1.98325   1.46889   0.09120   0.00098   1.40090  
  3 19140.8831   7872.532414  x:  0.62351   0.26905   0.14924   0.68674   0.31612   0.31524   0.30508   0.35929   0.12221   0.15459   0.18629   0.38812   0.36346   0.13801   0.31534   0.28982   0.37931   0.42934   0.39967   0.38501   0.22201   0.26568   0.38313   0.20570   0.47881   0.24417   0.10243   0.00000   0.13928   0.06444   0.14123   0.18674   0.17817   0.43569   0.26440   0.49389   0.47423   1.98065   1.42388   0.13673   0.00097   1.40028  
  4 391.8401   7819.051933  x:  0.76605   0.23313   0.06110   0.65003   0.30440   0.34572   0.34128   0.41977   0.02724   0.06985   0.13338   0.41046   0.36624   0.07937   0.31679   0.31896   0.44127   0.50650   0.46168   0.42191   0.20207   0.23160   0.34502   0.15224   0.57782   0.24049   0.14275   0.12019   0.14631   0.02198   0.07687   0.09215   0.14215   0.49095   0.25670   0.59225   0.53055   1.97694   1.36246   0.19921   0.00095   1.39907  
  5 796.5749   7801.560872  x:  0.81939   0.21029   0.03323   0.61908   0.29755   0.35549   0.34980   0.43765   0.00000   0.04373   0.11887   0.41590   0.36559   0.05906   0.31147   0.32535   0.46026   0.52942   0.48184   0.43715   0.20575   0.22135   0.32574   0.13101   0.61281   0.23726   0.13969   0.12207   0.15868   0.07030   0.10182   0.09616   0.12006   0.51051   0.24364   0.62592   0.54382   1.97550   1.33725   0.22518   0.00094   1.39828  
  6 426.0644   7766.972633  x:  1.02644   0.09368   0.06869   0.43709   0.26942   0.38787   0.35602   0.48008   0.07121   0.06934   0.12877   0.42989   0.37511   0.03235   0.27462   0.32968   0.51017   0.58594   0.54428   0.51840   0.29843   0.22139   0.24968   0.09203   0.74176   0.24784   0.15051   0.15587   0.18614   0.02759   0.18877   0.18487   0.00000   0.59184   0.14367   0.73816   0.55817   1.96834   1.23965   0.32818   0.00092   1.39301  
  7 279.6409   7754.717226  x:  1.13440   0.08238   0.09079   0.30043   0.28732   0.40707   0.34053   0.48051   0.10399   0.10645   0.17259   0.43935   0.39199   0.05165   0.25155   0.31534   0.51654   0.58433   0.56836   0.56335   0.34080   0.27130   0.27385   0.10215   0.78578   0.28243   0.16108   0.15562   0.20379   0.08652   0.12999   0.15143   0.00755   0.66339   0.09058   0.79001   0.54268   1.96239   1.18450   0.38807   0.00090   1.38849  
  8 156.8230   7749.787761  x:  1.19361   0.11112   0.07982   0.21923   0.33751   0.42117   0.32541   0.46963   0.08502   0.09543   0.19057   0.44481   0.40222   0.05132   0.23607   0.30052   0.50820   0.56378   0.57563   0.57965   0.34910   0.30016   0.30542   0.11233   0.78908   0.30554   0.16745   0.16055   0.19991   0.06664   0.16571   0.16468   0.05815   0.71187   0.09259   0.81597   0.52933   1.95737   1.14572   0.43160   0.00090   1.38393  
  9 97.2329   7747.680249  x:  1.22845   0.08336   0.08827   0.21785   0.42725   0.43713   0.32677   0.46357   0.07257   0.08147   0.20723   0.45297   0.41556   0.05631   0.24257   0.30385   0.50232   0.53897   0.57839   0.58426   0.34795   0.30082   0.32276   0.11409   0.76231   0.31229   0.16569   0.16271   0.20493   0.06462   0.16180   0.17478   0.03485   0.73256   0.10449   0.82241   0.51387   1.95426   1.11255   0.47218   0.00090   1.37681  
 10 39.2733   7746.740231  x:  1.25177   0.09650   0.09780   0.20847   0.46129   0.44065   0.34265   0.47478   0.08470   0.09139   0.21142   0.45209   0.42088   0.06313   0.25846   0.32802   0.51383   0.53873   0.58215   0.58516   0.35100   0.28168   0.30762   0.11723   0.74130   0.31077   0.17009   0.16448   0.21470   0.07018   0.16717   0.16870   0.03694   0.74194   0.13589   0.82661   0.51294   1.94974   1.10501   0.48985   0.00089   1.36696  
 11 20.0467   7744.855624  x:  1.29027   0.11728   0.08045   0.21759   0.45984   0.43230   0.36862   0.49763   0.09509   0.09310   0.21035   0.46533   0.44017   0.04621   0.28819   0.38340   0.54647   0.56287   0.58274   0.58115   0.36957   0.31818   0.35592   0.13455   0.70634   0.30596   0.18427   0.16876   0.20156   0.07387   0.16545   0.18899   0.00923   0.75449   0.15976   0.82476   0.51455   1.94408   1.09228   0.54056   0.00088   1.32981  
 12 14.1921   7741.320305  x:  1.33939   0.13878   0.08781   0.30575   0.42960   0.42693   0.36264   0.49805   0.08918   0.08510   0.22411   0.50414   0.47249   0.05982   0.31169   0.40134   0.55687   0.58202   0.58167   0.60565   0.37636   0.32875   0.38702   0.18376   0.72230   0.32371   0.17974   0.17386   0.23060   0.06953   0.19548   0.16865   0.00000   0.78675   0.15360   0.83157   0.54422   1.94518   1.06067   0.64609   0.00088   1.25700  
 13 25.1598   7738.699394  x:  1.36879   0.14292   0.07660   0.37999   0.42151   0.44941   0.37190   0.50850   0.07194   0.09603   0.23974   0.53068   0.49310   0.08634   0.32683   0.38425   0.54918   0.59467   0.59222   0.63960   0.37551   0.32084   0.39549   0.19641   0.77262   0.32863   0.18439   0.18294   0.22426   0.07524   0.16367   0.23406   0.03038   0.82345   0.15655   0.85400   0.59205   1.95173   1.05912   0.72425   0.00086   1.18035  
 14 44.1628   7737.512375  x:  1.35945   0.12641   0.07233   0.40467   0.44619   0.48211   0.39228   0.52486   0.07154   0.12102   0.23832   0.52747   0.49560   0.09011   0.33314   0.36191   0.54316   0.60618   0.61084   0.65398   0.37999   0.34022   0.41670   0.18007   0.80999   0.32052   0.18824   0.18604   0.21010   0.07679   0.18523   0.21699   0.03970   0.84138   0.15360   0.87432   0.61356   1.96052   1.08239   0.74250   0.00086   1.13694  
 15 25.6416   7736.971813  x:  1.33354   0.13479   0.08633   0.41188   0.46094   0.49400   0.38847   0.52395   0.07585   0.13020   0.21295   0.51630   0.49552   0.07091   0.34260   0.35025   0.54909   0.62195   0.63331   0.65269   0.38059   0.34924   0.42957   0.17375   0.82951   0.31537   0.19329   0.18225   0.23528   0.07617   0.18107   0.22287   0.04247   0.85378   0.15658   0.89358   0.61542   1.97347   1.08301   0.77279   0.00085   1.10189  
 16 13.3039   7736.241324  x:  1.28453   0.14439   0.08559   0.40897   0.46744   0.49530   0.37940   0.52211   0.07348   0.14832   0.20303   0.52769   0.51097   0.07697   0.36807   0.34166   0.56783   0.63809   0.66933   0.65963   0.37763   0.34358   0.43172   0.17485   0.84622   0.32073   0.19911   0.18573   0.21301   0.08188   0.18674   0.22304   0.03158   0.86882   0.16232   0.91956   0.60789   1.99394   1.07878   0.83418   0.00085   1.03417  
 17 14.2183   7735.723365  x:  1.27319   0.14283   0.08025   0.40422   0.46822   0.49510   0.38545   0.52938   0.07207   0.14593   0.20646   0.53808   0.51637   0.07980   0.37081   0.33998   0.57381   0.63934   0.67604   0.66328   0.38017   0.34382   0.43242   0.17900   0.84891   0.32530   0.19666   0.18546   0.22180   0.07950   0.18684   0.22413   0.02895   0.87478   0.16417   0.92717   0.60647   1.99664   1.08989   0.85098   0.00085   1.00000  
 18 17.0955   7732.067494  x:  1.28052   0.13879   0.12018   0.41050   0.48042   0.49356   0.42706   0.58706   0.10378   0.07152   0.20482   0.58501   0.51764   0.04177   0.33299   0.34434   0.61307   0.64078   0.68064   0.69651   0.42019   0.34878   0.42244   0.22181   0.87027   0.33337   0.17924   0.19880   0.18733   0.09900   0.18379   0.21707   0.03543   0.95047   0.17642   0.99638   0.63817   1.98478   1.24934   1.10189   0.00084   1.00000  
 19 17.8440   7717.085039  x:  1.55553   0.13687   0.08052   0.46435   0.50149   0.49478   0.40725   0.63750   0.05723   0.08080   0.27602   0.61934   0.48660   0.07584   0.28153   0.48455   0.74552   0.69162   0.69952   0.84027   0.47314   0.40140   0.43083   0.16148   0.92696   0.23214   0.22444   0.16180   0.23590   0.08771   0.19610   0.19451   0.01701   1.14352   0.17214   1.18827   0.78886   1.92482   1.94144   2.15764   0.00081   1.00000  
 20 66.9327   7710.884343  x:  1.65658   0.13517   0.07964   0.46440   0.51424   0.51135   0.40919   0.64353   0.03491   0.08670   0.27075   0.60744   0.49742   0.07102   0.29315   0.51997   0.76574   0.71609   0.72186   0.85238   0.45618   0.39850   0.43372   0.17918   0.95873   0.29004   0.24329   0.14887   0.23831   0.08717   0.20044   0.19607   0.00000   1.16384   0.15508   1.21976   0.80961   1.91995   2.14137   2.39660   0.00080   1.00000  
 21 145.1117   7710.884343  x:  1.65658   0.13517   0.07964   0.46440   0.51424   0.51135   0.40919   0.64353   0.03491   0.08670   0.27075   0.60744   0.49742   0.07102   0.29315   0.51997   0.76574   0.71609   0.72186   0.85238   0.45618   0.39850   0.43372   0.17918   0.95873   0.29004   0.24329   0.14887   0.23831   0.08717   0.20044   0.19607   0.00000   1.16384   0.15508   1.21976   0.80961   1.91995   2.14137   2.39660   0.00080   1.00000  
 22 77.6290   7571.082475  x:  1.65664   0.13517   0.07962   0.46438   0.51424   0.51137   0.40923   0.64357   0.03491   0.08669   0.27073   0.60745   0.49746   0.07101   0.29319   0.51997   0.76576   0.71613   0.72190   0.85237   0.45615   0.39847   0.43371   0.17919   0.95878   0.29009   0.24318   0.14867   0.23829   0.08716   0.20041   0.19606   0.00001   1.16383   0.15509   1.21978   0.80961   1.91996   2.14139   2.39658   0.07199   1.00000  
 23 25214.2857   7504.744728  x:  1.76165   0.23581   0.15130   0.50311   0.58542   0.60667   0.53177   0.74838   0.12308   0.16452   0.32124   0.68961   0.60459   0.14900   0.39800   0.58590   0.83679   0.81990   0.83550   0.90175   0.49662   0.43697   0.49351   0.26366   1.07259   0.42200   0.19961   0.00000   0.29851   0.16043   0.25054   0.26038   0.78234   1.20902   0.23545   1.29420   0.87756   1.88657   2.49504   2.04436   0.08447   1.00000  
 24 328.4631   7500.258121  x:  1.77823   0.24045   0.15189   0.50569   0.59278   0.61962   0.54620   0.76152   0.12462   0.16499   0.32298   0.70017   0.61597   0.15080   0.40870   0.59440   0.84670   0.83450   0.85093   0.90738   0.49932   0.43981   0.49926   0.26655   1.08859   0.43398   0.20146   0.07861   0.30149   0.15931   0.24908   0.25957   0.84490   1.21311   0.24190   1.30537   0.88566   1.88237   2.53657   2.00292   0.08568   1.00000  
 25 380.3488   7482.259866  x:  1.87029   0.20004   0.08959   0.49526   0.60673   0.67559   0.59055   0.80972   0.05703   0.09394   0.29250   0.74185   0.64097   0.09399   0.42900   0.62863   0.89141   0.90202   0.91892   0.92462   0.49107   0.43283   0.50577   0.21752   1.16061   0.43241   0.17113   0.07640   0.25402   0.04858   0.18047   0.18723   0.83457   1.21698   0.24018   1.36418   0.91460   1.86395   2.65465   1.88410   0.08634   1.00000  
 26 107.3562   7474.871242  x:  1.94656   0.16023   0.04874   0.48350   0.61184   0.71227   0.61215   0.83722   0.01502   0.04407   0.26766   0.76642   0.65277   0.04511   0.43730   0.65061   0.92103   0.94749   0.96617   0.93581   0.48327   0.42050   0.50323   0.18138   1.21391   0.42478   0.17029   0.06923   0.24345   0.11711   0.17521   0.17920   0.79428   1.21620   0.23073   1.40921   0.93162   1.85401   2.73055   1.80716   0.08663   1.00000  
 27 146.8947   7470.173104  x:  2.05984   0.10351   0.05998   0.46448   0.61220   0.75041   0.62035   0.85813   0.10808   0.04107   0.24567   0.78639   0.66128   0.00000   0.44030   0.67342   0.95211   0.99662   1.02185   0.95325   0.47775   0.39746   0.48884   0.16379   1.28260   0.41955   0.17903   0.06243   0.23794   0.12397   0.20977   0.20728   0.72060   1.21081   0.20598   1.46880   0.94469   1.84723   2.79897   1.73659   0.08681   1.00000  
 28 92.9783   7470.173104  x:  2.05984   0.10351   0.05998   0.46448   0.61220   0.75041   0.62035   0.85813   0.10808   0.04107   0.24567   0.78639   0.66128   0.00000   0.44030   0.67342   0.95211   0.99662   1.02185   0.95325   0.47775   0.39746   0.48884   0.16379   1.28260   0.41955   0.17903   0.06243   0.23794   0.12397   0.20977   0.20728   0.72060   1.21081   0.20598   1.46880   0.94469   1.84723   2.79897   1.73659   0.08681   1.00000  
 29 46.8579   7469.796177  x:  2.06181   0.10261   0.06019   0.46358   0.61160   0.75028   0.61933   0.85752   0.10583   0.04274   0.24528   0.78597   0.66056   0.00001   0.43968   0.67323   0.95199   0.99652   1.02220   0.95329   0.47730   0.39691   0.48825   0.16355   1.28296   0.41895   0.17864   0.05995   0.23779   0.12099   0.20824   0.20585   0.71703   1.21046   0.20509   1.46956   0.94426   1.84757   2.79658   1.73891   0.09250   1.00000  
 30 78.8831   7469.158888  x:  2.06442   0.10142   0.06049   0.46237   0.61081   0.75010   0.61796   0.85670   0.10288   0.04495   0.24477   0.78542   0.65962   0.00000   0.43885   0.67298   0.95181   0.99639   1.02267   0.95335   0.47671   0.39621   0.48747   0.16325   1.28344   0.41817   0.17822   0.05679   0.23766   0.11717   0.20628   0.20404   0.71222   1.20998   0.20387   1.47056   0.94368   1.84804   2.79342   1.74197   0.09223   1.00000  
 31 172.9395   7463.248004  x:  2.18858   0.04788   0.08422   0.42052   0.58362   0.74646   0.56234   0.82451   0.00000   0.08856   0.22556   0.76396   0.62410   0.00000   0.40371   0.66392   0.94676   0.99203   1.04476   0.95787   0.45543   0.37658   0.46510   0.16601   1.30959   0.39451   0.25477   0.10595   0.27679   0.13087   0.20571   0.20979   0.47980   1.19104   0.15106   1.51830   0.91631   1.86461   2.70095   1.82966   0.09302   1.00000  
 32 92.4238   7461.499189  x:  2.23452   0.02970   0.09378   0.40636   0.57442   0.74547   0.54253   0.81318   0.01151   0.10519   0.21943   0.75644   0.61183   0.00000   0.39116   0.66084   0.94508   0.99063   1.05300   0.95983   0.44860   0.37029   0.45776   0.16797   1.31945   0.38651   0.27800   0.11828   0.28882   0.13335   0.20551   0.21143   0.39406   1.18451   0.13218   1.53604   0.90635   1.87024   2.66861   1.86022   0.09339   1.00000  
 33 294.2227   7455.262737  x:  2.38599   0.07103   0.12517   0.40489   0.57698   0.75725   0.51018   0.80021   0.00872   0.11454   0.23008   0.75026   0.60337   0.00000   0.36647   0.66048   0.94824   0.99425   1.08423   0.97423   0.45256   0.38783   0.47302   0.20378   1.35776   0.38973   0.25387   0.08362   0.27677   0.15411   0.24874   0.24520   0.12996   1.18236   0.10586   1.59789   0.88185   1.87048   2.65317   1.86970   0.09396   1.00000  
 34 81.4163   7453.711839  x:  2.45888   0.08634   0.10279   0.41034   0.58357   0.76613   0.50888   0.80390   0.00976   0.10295   0.23451   0.75102   0.60698   0.00000   0.35918   0.66326   0.95175   0.99844   1.09989   0.98051   0.45291   0.39023   0.47942   0.20723   1.37378   0.39329   0.25873   0.10026   0.27826   0.14876   0.21713   0.21737   0.06217   1.19387   0.12963   1.62983   0.88082   1.86695   2.66336   1.85652   0.09355   1.00000  
 35 40.4888   7450.293556  x:  2.83583   0.13657   0.04498   0.40380   0.59128   0.79381   0.48479   0.80764   0.01338   0.11697   0.23354   0.73703   0.60695   0.00000   0.31632   0.67311   0.96174   1.01338   1.17084   1.00291   0.43154   0.36131   0.46687   0.20632   1.44213   0.39596   0.26568   0.10668   0.29015   0.12399   0.23197   0.24567   0.09127   1.26161   0.19067   1.78489   0.87017   1.86378   2.65513   1.84867   0.09174   1.00000  
 36 25.5047   7446.818984  x:  3.30122   0.09001   0.13200   0.41729   0.61264   0.83084   0.49438   0.83390   0.01162   0.11271   0.23347   0.73716   0.62403   0.00000   0.28317   0.69861   0.98107   1.03414   1.25400   1.02582   0.44046   0.37737   0.47924   0.21538   1.51393   0.41982   0.24554   0.10373   0.28648   0.15185   0.20439   0.20504   0.15710   1.34571   0.20933   1.96373   0.84801   1.86554   2.64716   1.83515   0.08957   1.00000  
 37 70.2641   7445.468171  x:  3.45177   0.03500   0.11261   0.42669   0.62082   0.84334   0.51879   0.85373   0.01100   0.08681   0.23638   0.75191   0.63716   0.00000   0.28205   0.71528   0.99205   1.04225   1.27604   1.02885   0.45581   0.39920   0.49314   0.19676   1.52660   0.42011   0.22992   0.10040   0.27419   0.15108   0.21229   0.20864   0.17001   1.36986   0.19705   2.01494   0.83742   1.87422   2.63699   1.83707   0.08881   1.00000  
 38 54.7978   7444.582668  x:  3.57450   0.06285   0.10070   0.44027   0.62711   0.84742   0.56587   0.88166   0.01220   0.08695   0.25077   0.78509   0.66162   0.00000   0.30482   0.74706   1.00957   1.05098   1.28037   1.02548   0.48434   0.42825   0.50569   0.17791   1.51358   0.42762   0.23890   0.11013   0.27513   0.14573   0.20734   0.20440   0.18433   1.38243   0.14874   2.03836   0.82733   1.89490   2.60577   1.85811   0.08845   1.00000  
 39 22.9466   7443.966820  x:  3.66300   0.05676   0.09514   0.45769   0.63484   0.84289   0.61249   0.90420   0.01222   0.09284   0.25581   0.82009   0.68813   0.00000   0.34776   0.79065   1.03441   1.06456   1.26419   1.02672   0.49365   0.41385   0.49865   0.20648   1.48177   0.46313   0.24406   0.09786   0.29931   0.14591   0.21187   0.21408   0.18030   1.38982   0.16461   2.03352   0.85690   1.90681   2.57286   1.87721   0.08810   1.00000  
 40 13.2562   7443.711561  x:  3.69966   0.06460   0.09990   0.46229   0.63683   0.83788   0.61939   0.90444   0.01288   0.07882   0.24673   0.82741   0.69150   0.00000   0.36458   0.80827   1.04532   1.07284   1.24810   1.03283   0.48899   0.41087   0.50725   0.20517   1.46433   0.46535   0.24210   0.10033   0.28036   0.14900   0.21893   0.21121   0.17914   1.39409   0.18053   2.02079   0.88148   1.90329   2.54891   1.89196   0.08766   1.00000  
 41 10.4352   7443.463994  x:  3.73573   0.06283   0.10050   0.46754   0.64108   0.83292   0.61282   0.89671   0.01278   0.09705   0.25162   0.82968   0.69336   0.00000   0.37860   0.82109   1.05548   1.08388   1.22406   1.04899   0.48901   0.42162   0.52965   0.19299   1.44942   0.45428   0.23906   0.09952   0.27813   0.15154   0.21540   0.21892   0.17687   1.40133   0.19028   1.99607   0.91162   1.89060   2.53993   1.88700   0.08747   1.00000  
 42  8.4966   7443.120032  x:  3.78224   0.06604   0.09759   0.46970   0.64563   0.83017   0.59514   0.88397   0.01345   0.07580   0.25647   0.82437   0.68823   0.00000   0.38423   0.82340   1.06125   1.09715   1.18771   1.07140   0.48984   0.42554   0.54035   0.19634   1.44106   0.44618   0.23897   0.08803   0.30296   0.14062   0.22195   0.21111   0.17686   1.41332   0.17063   1.94948   0.94068   1.87325   2.53524   1.86604   0.08724   1.00000  
 43  8.3253   7442.630705  x:  3.84221   0.06433   0.08400   0.46750   0.64990   0.83176   0.58051   0.87718   0.01372   0.06958   0.27540   0.81450   0.68477   0.00000   0.38426   0.81101   1.05735   1.10924   1.14294   1.09140   0.49259   0.41077   0.52026   0.21606   1.44243   0.45157   0.23786   0.08303   0.27411   0.13683   0.20808   0.21635   0.17512   1.42730   0.13505   1.87739   0.96320   1.86190   2.53303   1.82614   0.08684   1.00000  
 44 11.7261   7442.190304  x:  3.88883   0.06860   0.07393   0.45554   0.64512   0.83596   0.58614   0.88691   0.01412   0.08167   0.27825   0.80434   0.68062   0.00000   0.38163   0.78544   1.03840   1.10895   1.11859   1.08349   0.49373   0.40842   0.49869   0.20664   1.44861   0.45251   0.21250   0.07936   0.27083   0.14668   0.22312   0.19558   0.16840   1.42945   0.13839   1.81394   0.96199   1.87153   2.52561   1.78994   0.08645   1.00000  
 45  9.8199   7441.558745  x:  3.94977   0.07730   0.08752   0.43943   0.63666   0.84204   0.60017   0.90481   0.01521   0.07479   0.26532   0.79131   0.67407   0.00000   0.38073   0.74362   1.00388   1.10163   1.09914   1.05514   0.49374   0.42103   0.48616   0.19083   1.45819   0.45644   0.19818   0.07291   0.27237   0.12571   0.21526   0.21810   0.15677   1.42404   0.16364   1.73034   0.94435   1.89052   2.51431   1.73437   0.08589   1.00000  
 46 19.8017   7441.212802  x:  3.97292   0.07845   0.07928   0.44285   0.63810   0.83880   0.59271   0.90013   0.01586   0.07760   0.26180   0.79348   0.67564   0.00000   0.38939   0.72643   0.98624   1.09296   1.11117   1.03202   0.48781   0.42699   0.50790   0.20150   1.45912   0.46138   0.21981   0.04935   0.26214   0.12656   0.22126   0.21139   0.15725   1.40778   0.17623   1.70918   0.91698   1.88990   2.50287   1.70484   0.08565   1.00000  
 47  8.2552   7440.842082  x:  3.98817   0.07995   0.07375   0.45880   0.64513   0.82983   0.57445   0.88304   0.01624   0.07975   0.26329   0.80259   0.68114   0.00000   0.40592   0.71955   0.97531   1.08309   1.13997   1.00952   0.47934   0.41222   0.53011   0.21818   1.45283   0.46057   0.19242   0.06056   0.26206   0.11585   0.22042   0.21126   0.15916   1.38069   0.17768   1.71387   0.87835   1.87505   2.48131   1.67650   0.08516   1.00000  
 48  8.9982   7440.712365  x:  3.98845   0.08318   0.07242   0.46521   0.64571   0.82663   0.57363   0.87902   0.01651   0.07621   0.25954   0.80410   0.68000   0.00000   0.40914   0.72395   0.97828   1.08140   1.15176   1.00936   0.47828   0.40318   0.52393   0.21064   1.44801   0.45269   0.18780   0.05108   0.26410   0.12465   0.21275   0.21477   0.15772   1.37260   0.17612   1.73148   0.86913   1.86829   2.47386   1.66394   0.08487   1.00000  
 49  6.4596   7440.493073  x:  3.98395   0.08405   0.08019   0.47635   0.64455   0.82192   0.57949   0.87594   0.01666   0.07969   0.25417   0.80407   0.67709   0.00000   0.40963   0.73769   0.99018   1.08032   1.17049   1.01880   0.48195   0.39536   0.50623   0.19906   1.43904   0.44256   0.19317   0.04740   0.25833   0.11240   0.22291   0.21224   0.15216   1.36279   0.17465   1.77651   0.86141   1.85804   2.46698   1.63391   0.08443   1.00000  
 50 10.7180   7440.173968  x:  3.96887   0.08862   0.07176   0.46983   0.62417   0.81347   0.58848   0.87219   0.01716   0.08347   0.24948   0.78877   0.66587   0.00000   0.37560   0.75949   1.01246   1.07581   1.18318   1.04188   0.48734   0.42636   0.50028   0.21751   1.42969   0.45550   0.18290   0.04508   0.25643   0.11026   0.22104   0.21356   0.15173   1.36213   0.17401   1.87052   0.86900   1.86850   2.43256   1.60440   0.08377   1.00000  
 51  7.0310   7440.027157  x:  3.96209   0.09019   0.07727   0.47071   0.62846   0.82032   0.59031   0.87627   0.01744   0.07919   0.27727   0.79029   0.68154   0.00000   0.34425   0.76417   1.01743   1.07229   1.18278   1.04704   0.48123   0.41902   0.51104   0.21146   1.43557   0.45855   0.18418   0.04153   0.25828   0.10788   0.22364   0.21495   0.14924   1.37563   0.17688   1.91465   0.87925   1.88389   2.40510   1.59659   0.08351   1.00000  
 52  5.2267   7439.878192  x:  3.96612   0.09259   0.07527   0.46877   0.65636   0.85281   0.58226   0.89177   0.01747   0.08965   0.25408   0.80178   0.68384   0.00000   0.33494   0.77464   1.01948   1.07898   1.18859   1.04755   0.49677   0.40828   0.52639   0.20878   1.47091   0.46749   0.18557   0.04108   0.26135   0.10692   0.22489   0.21735   0.14561   1.41363   0.17092   1.94442   0.88916   1.88525   2.36349   1.58689   0.08303   1.00000  
 53  2.6356   7439.696785  x:  3.98689   0.09403   0.07629   0.44332   0.66061   0.88226   0.56858   0.90764   0.01774   0.09043   0.26567   0.81840   0.69040   0.00000   0.36226   0.78896   1.02428   1.09451   1.21900   1.05266   0.48915   0.42438   0.51856   0.21203   1.51955   0.46107   0.18837   0.04063   0.26451   0.10567   0.22552   0.21860   0.14323   1.45500   0.17228   1.96414   0.89666   1.87812   2.30704   1.57103   0.08238   1.02068  
 54  4.1451   7439.404801  x:  4.07521   0.09479   0.07305   0.48936   0.66572   0.87242   0.57927   0.91399   0.01774   0.09627   0.27428   0.78756   0.67199   0.00000   0.37136   0.77710   1.03328   1.12111   1.25585   1.08197   0.48131   0.42978   0.51718   0.21137   1.54742   0.45793   0.19457   0.04178   0.26996   0.10310   0.22219   0.21835   0.14362   1.45676   0.17727   1.96454   0.88745   1.90130   2.21320   1.52602   0.08165   1.10258  
 55  2.6383   7438.971482  x:  4.23258   0.09577   0.07228   0.48323   0.60955   0.83206   0.58806   0.90089   0.01780   0.10615   0.25058   0.80662   0.69992   0.00000   0.34841   0.75123   1.04549   1.13993   1.28091   1.09507   0.49409   0.40781   0.53040   0.19463   1.55140   0.47050   0.20137   0.04197   0.27189   0.09912   0.21486   0.21472   0.14169   1.43242   0.17291   1.97158   0.88397   1.89791   2.09958   1.42453   0.08079   1.24590  
 56  7.4065   7438.667861  x:  4.35861   0.09536   0.07182   0.46857   0.63448   0.83176   0.58136   0.87664   0.01802   0.11229   0.25108   0.83149   0.67785   0.00000   0.32268   0.75396   1.04336   1.11203   1.26666   1.04489   0.48430   0.42351   0.50523   0.18724   1.51129   0.47096   0.20584   0.04233   0.27172   0.09588   0.20833   0.21084   0.14155   1.39918   0.17046   1.99065   0.89363   1.88922   2.02265   1.34070   0.08025   1.36409  
 57  6.7761   7438.563312  x:  4.40449   0.09498   0.07210   0.44079   0.63786   0.84411   0.58190   0.87999   0.01816   0.11315   0.25488   0.80915   0.66613   0.00000   0.33422   0.77288   1.03853   1.08708   1.25844   1.03429   0.48191   0.40818   0.51744   0.18554   1.48817   0.46740   0.20652   0.04212   0.27022   0.09454   0.20588   0.20846   0.14035   1.38789   0.16471   2.00114   0.89049   1.89828   2.00097   1.30214   0.08008   1.41370  
 58  4.7814   7438.530324  x:  4.41923   0.09494   0.07194   0.44180   0.63843   0.84913   0.56977   0.87968   0.01820   0.11205   0.25360   0.80230   0.67864   0.00000   0.33801   0.78257   1.02890   1.07117   1.24974   1.04367   0.48924   0.41160   0.51112   0.18303   1.48091   0.46925   0.20705   0.04211   0.26986   0.09492   0.20572   0.20811   0.14025   1.38910   0.17033   2.00482   0.87875   1.90051   1.98725   1.29094   0.08010   1.44053  
 59  1.7036   7438.486376  x:  4.43803   0.09551   0.07203   0.44808   0.63346   0.85104   0.57136   0.89058   0.01850   0.11483   0.24929   0.80974   0.67721   0.00000   0.33597   0.79210   1.01931   1.06377   1.23696   1.05521   0.47076   0.41288   0.51267   0.18210   1.48313   0.46950   0.20630   0.04289   0.26942   0.09578   0.20564   0.20781   0.13907   1.39487   0.17057   2.01252   0.86461   1.89487   1.96680   1.26888   0.08020   1.49405  
 60  1.4860   7438.328682  x:  4.50578   0.09965   0.07499   0.46244   0.61448   0.84366   0.56587   0.89527   0.01965   0.11338   0.26466   0.82140   0.65191   0.00000   0.33888   0.80857   1.01249   1.07512   1.22500   1.04542   0.49163   0.40530   0.51656   0.17367   1.50835   0.47010   0.20534   0.04479   0.26542   0.10075   0.20782   0.20622   0.13697   1.41332   0.18439   2.04349   0.85615   1.89607   1.88187   1.18699   0.08056   1.71320  
 61  3.5006   7438.121529  x:  4.59585   0.10567   0.07412   0.46220   0.63175   0.84477   0.57163   0.88221   0.02148   0.11670   0.25560   0.79921   0.68182   0.00000   0.34583   0.80559   1.02392   1.10176   1.24597   1.03267   0.47794   0.41166   0.51462   0.15202   1.53201   0.48964   0.20228   0.04754   0.26215   0.10651   0.21073   0.20483   0.13162   1.42364   0.17910   2.08026   0.87627   1.90290   1.77272   1.07484   0.08117   2.00927  
 62  9.0952   7438.065332  x:  4.62255   0.10832   0.07434   0.45021   0.64758   0.85542   0.58347   0.88556   0.02205   0.11660   0.25697   0.80366   0.68523   0.00000   0.33820   0.78951   1.03008   1.09928   1.26461   1.05155   0.48694   0.41186   0.51650   0.15796   1.52871   0.48019   0.20238   0.04853   0.26172   0.10868   0.21165   0.20501   0.13224   1.41819   0.18419   2.08415   0.88225   1.89648   1.73806   1.05000   0.08130   2.09251  
 63  4.3591   7438.050181  x:  4.63162   0.10890   0.07477   0.44662   0.65074   0.86027   0.57895   0.88765   0.02229   0.11597   0.25931   0.80982   0.67939   0.00000   0.33597   0.78660   1.03830   1.09610   1.27453   1.06077   0.48696   0.41155   0.51743   0.15101   1.52513   0.49105   0.20209   0.04857   0.26175   0.10900   0.21194   0.20511   0.13237   1.41649   0.18531   2.08154   0.88232   1.89880   1.73131   1.04343   0.08134   2.11642  
 64  1.7397   7438.028002  x:  4.65321   0.10984   0.07500   0.45281   0.64370   0.86983   0.56985   0.89964   0.02271   0.11648   0.25755   0.80944   0.68177   0.00000   0.32160   0.79541   1.06322   1.08802   1.28782   1.05623   0.48604   0.41247   0.51708   0.15181   1.52168   0.48683   0.20214   0.04832   0.26227   0.10865   0.21198   0.20506   0.13241   1.41874   0.18649   2.06972   0.88137   1.89995   1.72564   1.03552   0.08118   2.15983  
 65  0.8083   7437.980175  x:  4.70990   0.11179   0.07520   0.45412   0.64474   0.85952   0.58508   0.89122   0.02382   0.11520   0.26062   0.80403   0.68062   0.00000   0.30505   0.82082   1.06184   1.06773   1.30595   1.05624   0.48944   0.41346   0.51775   0.14281   1.53271   0.49335   0.20291   0.04684   0.26552   0.10681   0.21283   0.20598   0.13081   1.43053   0.18698   2.05406   0.88371   1.88599   1.71845   1.02807   0.08078   2.26268  
 66  1.0723   7437.940784  x:  4.75946   0.11334   0.07633   0.45185   0.64971   0.85246   0.58690   0.88237   0.02480   0.11367   0.25560   0.81430   0.68136   0.00000   0.30163   0.83462   1.05362   1.06889   1.31057   1.06281   0.48882   0.41361   0.51750   0.14175   1.53831   0.48510   0.20256   0.04588   0.26689   0.10496   0.21245   0.20571   0.13063   1.43336   0.18732   2.05011   0.88532   1.90448   1.72000   1.01793   0.08042   2.35102  
 67  3.2555   7437.866786  x:  4.85706   0.11597   0.07757   0.45020   0.64998   0.86717   0.58092   0.89793   0.02673   0.10991   0.25941   0.81108   0.68419   0.00000   0.31120   0.82203   1.03309   1.11107   1.28862   1.06470   0.49320   0.41699   0.51672   0.13255   1.52865   0.49042   0.20398   0.04359   0.27151   0.10173   0.21293   0.20672   0.13093   1.42108   0.19052   2.06742   0.87813   1.89741   1.71993   1.01423   0.07972   2.52371  
 68  2.6962   7437.845758  x:  4.88652   0.11659   0.07774   0.45632   0.64620   0.86555   0.58222   0.89760   0.02733   0.10935   0.25814   0.81227   0.68363   0.00000   0.33161   0.79324   1.04348   1.09585   1.27332   1.06312   0.49236   0.41706   0.51710   0.13131   1.52990   0.48936   0.20416   0.04323   0.27249   0.10103   0.21318   0.20714   0.12983   1.43154   0.18853   2.08049   0.88061   1.89798   1.72617   1.02018   0.07952   2.57845  
 69  1.1011   7437.836353  x:  4.90149   0.11670   0.07818   0.45030   0.65218   0.86256   0.58528   0.89323   0.02772   0.10869   0.25917   0.81153   0.68451   0.00000   0.33258   0.79235   1.05659   1.09767   1.26405   1.06375   0.49247   0.41702   0.51733   0.13144   1.53551   0.48972   0.20444   0.04331   0.27229   0.10113   0.21325   0.20745   0.13035   1.43128   0.19177   2.08191   0.86945   1.89767   1.73866   1.03455   0.07943   2.61277  
 70  0.4446   7437.703220  x:  5.12774   0.11966   0.07726   0.45244   0.64590   0.87520   0.58408   0.89677   0.03385   0.10277   0.26329   0.81757   0.68693   0.00000   0.32763   0.80820   1.05174   1.09234   1.26914   1.06629   0.49124   0.41874   0.52022   0.14240   1.55376   0.49583   0.20659   0.04803   0.26718   0.10498   0.21331   0.21271   0.13687   1.40980   0.18307   2.09756   0.88995   1.90150   1.97796   1.29738   0.07858   3.15979  
 71  1.1744   7437.682278  x:  5.15922   0.11963   0.07726   0.44852   0.64928   0.86504   0.58202   0.90010   0.03483   0.10282   0.26334   0.81676   0.68596   0.00000   0.32428   0.80630   1.04772   1.09971   1.27752   1.06340   0.49070   0.41823   0.52008   0.14582   1.53458   0.49515   0.20679   0.04851   0.26624   0.10564   0.21377   0.21367   0.13503   1.43306   0.18175   2.09819   0.88448   1.90191   2.01980   1.34086   0.07851   3.24764  
 72  2.6585   7437.662908  x:  5.17255   0.11921   0.07649   0.45218   0.64067   0.88275   0.59010   0.88216   0.03595   0.10350   0.26288   0.81759   0.68443   0.00000   0.32366   0.80540   1.04787   1.10394   1.27954   1.06334   0.48885   0.41708   0.52035   0.14754   1.52767   0.49435   0.20665   0.04803   0.26647   0.10552   0.21364   0.21279   0.13474   1.44137   0.18328   2.09504   0.87924   1.90292   2.08332   1.40387   0.07869   3.34774  
 73  0.5545   7437.564874  x:  5.22886   0.11684   0.07073   0.44965   0.64793   0.86762   0.58237   0.89685   0.04175   0.10336   0.26026   0.81461   0.68418   0.00000   0.32616   0.80310   1.05129   1.10059   1.28384   1.06347   0.48733   0.41498   0.51896   0.15321   1.53398   0.48856   0.20592   0.04496   0.26875   0.10388   0.21194   0.20723   0.13584   1.43639   0.18639   2.08737   0.88290   1.89981   2.41962   1.73535   0.07983   3.86422  
 74  3.7629   7437.490059  x:  5.09038   0.11098   0.07074   0.45076   0.64983   0.86878   0.58059   0.89763   0.04595   0.10946   0.25669   0.81309   0.68399   0.00000   0.32777   0.80223   1.05323   1.09939   1.29286   1.06436   0.48487   0.41493   0.51897   0.15772   1.52994   0.48275   0.20395   0.04525   0.27060   0.10506   0.21400   0.20658   0.13293   1.43383   0.19073   2.09370   0.88179   1.89833   2.65521   1.96886   0.07880   4.30026  
 75  0.2887   7437.433647  x:  4.87832   0.10645   0.07298   0.44760   0.64747   0.86553   0.57886   0.89575   0.04879   0.10983   0.25636   0.81361   0.68194   0.00000   0.32823   0.79662   1.04804   1.09436   1.28445   1.06098   0.48526   0.41738   0.51836   0.15494   1.52415   0.48625   0.20548   0.04432   0.26941   0.10165   0.21325   0.21182   0.13222   1.42366   0.18660   2.09278   0.88256   1.89829   2.65185   1.96596   0.08009   4.70708  
 76  0.2045   7437.391879  x:  4.85383   0.10833   0.07304   0.44458   0.64441   0.86207   0.58268   0.89284   0.05445   0.10427   0.25704   0.81290   0.68136   0.00000   0.32698   0.79498   1.04705   1.09072   1.27587   1.05670   0.48408   0.41504   0.51695   0.13940   1.52214   0.49008   0.20688   0.04479   0.26710   0.10479   0.21122   0.20671   0.13589   1.42386   0.18421   2.07815   0.88213   1.89907   2.57364   1.88356   0.08002   5.40359  
 77  0.3142   7437.380193  x:  4.88054   0.10992   0.07259   0.44617   0.64578   0.86279   0.58030   0.89308   0.05729   0.10479   0.25673   0.81246   0.68075   0.00000   0.33088   0.79500   1.04815   1.09280   1.27762   1.05791   0.48311   0.41470   0.51750   0.13968   1.52572   0.49175   0.20563   0.04429   0.26946   0.10338   0.21350   0.20755   0.13504   1.42357   0.18398   2.07123   0.88302   1.89724   2.54135   1.85264   0.07988   5.76502  
 78  0.2552   7437.378050  x:  4.88637   0.10995   0.07257   0.44554   0.64614   0.86368   0.58112   0.89428   0.05880   0.10582   0.25605   0.81307   0.68164   0.00000   0.32959   0.79491   1.04879   1.09241   1.27996   1.05800   0.48353   0.41511   0.51747   0.13802   1.52655   0.49144   0.20607   0.04474   0.26873   0.10351   0.21283   0.20850   0.13466   1.42408   0.18612   2.07691   0.88251   1.89792   2.55394   1.86534   0.07985   5.96560  
 79  0.1572   7437.377295  x:  4.88764   0.10936   0.07268   0.44520   0.64591   0.86360   0.58141   0.89387   0.05914   0.10604   0.25605   0.81337   0.68142   0.00000   0.32885   0.79557   1.04897   1.09192   1.28026   1.05798   0.48353   0.41546   0.51760   0.13746   1.52641   0.49279   0.20651   0.04425   0.26883   0.10400   0.21294   0.20785   0.13506   1.42389   0.18622   2.08082   0.88272   1.89821   2.54364   1.85628   0.07987   6.08130  
 80  0.0465   7437.374631  x:  4.90283   0.10686   0.07348   0.44603   0.64596   0.86372   0.58138   0.89363   0.05848   0.10499   0.25692   0.81312   0.68153   0.00000   0.32779   0.79789   1.04978   1.09241   1.28115   1.05891   0.48370   0.41495   0.51753   0.13551   1.52852   0.49433   0.20526   0.04530   0.26876   0.10307   0.21308   0.20763   0.13627   1.42626   0.18595   2.08548   0.88250   1.89805   2.55919   1.87128   0.07981   6.40072  
 81  0.0495   7437.371018  x:  4.90449   0.10546   0.07393   0.44598   0.64629   0.86390   0.58098   0.89416   0.05631   0.10535   0.25637   0.81281   0.68159   0.00000   0.32831   0.79624   1.04937   1.09286   1.28110   1.05892   0.48420   0.41506   0.51745   0.13483   1.52932   0.49334   0.20625   0.04402   0.26881   0.10390   0.21299   0.20874   0.13677   1.42505   0.18602   2.08122   0.88252   1.89786   2.59357   1.90409   0.07977   6.72099  
 82  0.1326   7437.368505  x:  4.88711   0.10796   0.07377   0.44545   0.64641   0.86379   0.58136   0.89423   0.05503   0.10640   0.25646   0.81313   0.68172   0.00000   0.32926   0.79457   1.04798   1.09267   1.27894   1.05825   0.48445   0.41537   0.51757   0.13469   1.52894   0.49483   0.20642   0.04464   0.26893   0.10351   0.21277   0.20791   0.13609   1.42479   0.18722   2.07685   0.88267   1.89834   2.61184   1.92286   0.07984   7.00537  
 83  0.1185   7437.367980  x:  4.89078   0.10939   0.07391   0.44584   0.64609   0.86350   0.58129   0.89382   0.05543   0.10629   0.25667   0.81306   0.68154   0.00000   0.32877   0.79606   1.04845   1.09240   1.27929   1.05845   0.48441   0.41508   0.51751   0.13384   1.52923   0.49516   0.20626   0.04448   0.26880   0.10358   0.21304   0.20805   0.13540   1.42446   0.18641   2.07855   0.88239   1.89850   2.62651   1.93787   0.07984   7.15770  
 84  0.1166   7437.367938  x:  4.88879   0.10957   0.07384   0.44597   0.64608   0.86349   0.58132   0.89386   0.05539   0.10611   0.25673   0.81304   0.68156   0.00000   0.32878   0.79616   1.04861   1.09251   1.27940   1.05854   0.48445   0.41513   0.51749   0.13393   1.52913   0.49505   0.20624   0.04445   0.26880   0.10356   0.21290   0.20807   0.13525   1.42446   0.18628   2.07934   0.88231   1.89838   2.62389   1.93499   0.07984   7.17211  
 85  0.0142   7437.367936  x:  4.88879   0.10955   0.07387   0.44591   0.64611   0.86352   0.58133   0.89389   0.05539   0.10607   0.25672   0.81306   0.68158   0.00000   0.32876   0.79611   1.04864   1.09249   1.27945   1.05854   0.48448   0.41517   0.51750   0.13392   1.52913   0.49507   0.20625   0.04446   0.26883   0.10357   0.21292   0.20805   0.13520   1.42441   0.18630   2.07948   0.88234   1.89839   2.62457   1.93569   0.07984   7.17887  
 86  0.0059   7437.367936  x:  4.88889   0.10955   0.07387   0.44591   0.64611   0.86352   0.58133   0.89388   0.05539   0.10607   0.25672   0.81306   0.68158   0.00000   0.32877   0.79611   1.04863   1.09249   1.27944   1.05854   0.48448   0.41517   0.51750   0.13392   1.52914   0.49508   0.20626   0.04446   0.26881   0.10357   0.21291   0.20805   0.13517   1.42441   0.18631   2.07941   0.88235   1.89839   2.62454   1.93567   0.07984   7.17905  
 87  0.0002   7437.367936  x:  4.88887   0.10955   0.07387   0.44591   0.64611   0.86352   0.58133   0.89388   0.05539   0.10607   0.25672   0.81306   0.68158   0.00000   0.32877   0.79611   1.04863   1.09249   1.27944   1.05854   0.48448   0.41517   0.51750   0.13392   1.52914   0.49507   0.20626   0.04446   0.26882   0.10357   0.21291   0.20805   0.13516   1.42441   0.18630   2.07940   0.88234   1.89839   2.62452   1.93564   0.07984   7.17878  
 88  0.0003   7437.367936  x:  4.88887   0.10955   0.07387   0.44591   0.64611   0.86352   0.58133   0.89388   0.05539   0.10607   0.25672   0.81306   0.68158   0.00000   0.32877   0.79611   1.04863   1.09249   1.27944   1.05854   0.48448   0.41517   0.51750   0.13392   1.52914   0.49507   0.20626   0.04446   0.26882   0.10357   0.21291   0.20805   0.13516   1.42441   0.18630   2.07940   0.88234   1.89839   2.62453   1.93564   0.07984   7.17874  