

TREE # 1

  0  0.0000   9224.160952  x:  0.17444   0.02804   0.07307   0.00000   0.21220   0.15259   0.14764   0.15672   0.09176   0.01488   0.10164   0.09888   0.08304   0.02822   0.03654   0.11840   0.16638   0.13073   0.17006   0.12456   0.13600   0.08105   0.05011   0.02312   0.14692   0.15208   0.08109   0.04353   0.13235   0.02986   0.05286   0.04009   0.10565   0.11049   0.05181   0.16210   0.10351   2.00000   1.39835   0.16116   0.29812   1.40136  
  1 99.0000   8114.046468  x:  0.33945   0.14988   0.13628   0.35774   0.26412   0.21926   0.20720   0.22915   0.13555   0.10804   0.15912   0.22820   0.21414   0.09853   0.16586   0.18736   0.24364   0.24260   0.25638   0.23615   0.18642   0.18053   0.21920   0.13446   0.27008   0.19748   0.10921   0.05603   0.15037   0.08407   0.12713   0.14540   0.14731   0.24540   0.15149   0.28442   0.25717   1.99212   1.43240   0.12850   0.00000   1.40020  
  2 3618.3039   7960.653933  x:  0.54516   0.30176   0.21504   0.80361   0.32885   0.30238   0.28146   0.31944   0.19012   0.22414   0.23077   0.38942   0.37757   0.18616   0.32706   0.27334   0.33997   0.38206   0.36398   0.37526   0.24926   0.30453   0.42996   0.27324   0.42362   0.25408   0.14424   0.07160   0.17281   0.15163   0.21969   0.27665   0.19923   0.41358   0.27575   0.43691   0.44871   1.98229   1.47485   0.08778   0.00114   1.39875  
  3 20516.6056   7872.378483  x:  0.64835   0.28394   0.15892   0.79424   0.32752   0.33498   0.31759   0.37265   0.12750   0.16986   0.19241   0.40647   0.37981   0.14725   0.33373   0.30166   0.39236   0.44712   0.41379   0.40058   0.22628   0.27742   0.40530   0.23487   0.49419   0.25222   0.10431   0.00000   0.14130   0.06826   0.14733   0.19718   0.18412   0.45485   0.28025   0.51310   0.49738   1.98031   1.42589   0.13779   0.00112   1.39757  
  4 380.0818   7815.186852  x:  0.79854   0.24528   0.06262   0.76355   0.31884   0.37922   0.35865   0.43769   0.02208   0.08128   0.13435   0.42943   0.38089   0.08545   0.33598   0.33370   0.45839   0.52890   0.48014   0.43852   0.20178   0.23928   0.36390   0.16814   0.59763   0.24792   0.15382   0.12624   0.15400   0.02186   0.07707   0.09435   0.14682   0.51303   0.27336   0.61711   0.55740   1.97745   1.35622   0.20912   0.00110   1.39565  
  5 775.4581   7800.468570  x:  0.83671   0.22944   0.04068   0.74387   0.31414   0.38881   0.36529   0.45053   0.00000   0.06206   0.12315   0.43340   0.38013   0.07078   0.33248   0.33859   0.47212   0.54545   0.49476   0.44900   0.20389   0.23174   0.35012   0.15078   0.62241   0.24476   0.15150   0.12781   0.16297   0.05536   0.09609   0.09715   0.13146   0.52710   0.26459   0.64124   0.56724   1.97680   1.33685   0.22905   0.00110   1.39502  
  6 428.1961   7774.093686  x:  0.98596   0.14876   0.04312   0.62420   0.28738   0.41736   0.36690   0.47554   0.02608   0.06480   0.12700   0.44600   0.38810   0.04974   0.30628   0.33981   0.50510   0.58307   0.53815   0.50648   0.27919   0.23709   0.29855   0.12199   0.71446   0.24197   0.15643   0.15444   0.18502   0.00000   0.17425   0.18556   0.04342   0.58753   0.19207   0.71997   0.57689   1.97311   1.26231   0.30683   0.00108   1.39159  
  7 265.6950   7759.376184  x:  1.06569   0.10847   0.06828   0.54975   0.27637   0.43184   0.36462   0.48526   0.06509   0.08768   0.14285   0.45274   0.39697   0.05115   0.29185   0.33793   0.51942   0.59795   0.55955   0.53963   0.32036   0.24925   0.28073   0.12288   0.75956   0.24957   0.15914   0.16352   0.19213   0.02317   0.15080   0.19330   0.00000   0.62568   0.14792   0.76016   0.57631   1.97105   1.22228   0.34921   0.00107   1.38923  
  8 400.3117   7748.414510  x:  1.18602   0.13466   0.04691   0.38395   0.29403   0.45010   0.33301   0.46452   0.04953   0.09789   0.18994   0.46947   0.42641   0.06526   0.26451   0.30891   0.50780   0.57216   0.57619   0.58607   0.35542   0.32101   0.34582   0.16502   0.78799   0.28378   0.17136   0.15981   0.22351   0.02006   0.18126   0.15297   0.06470   0.73232   0.10197   0.81269   0.54931   1.96251   1.16045   0.41970   0.00105   1.38104  
  9 110.0064   7746.302779  x:  1.22019   0.13328   0.05011   0.34114   0.36032   0.45573   0.33631   0.46263   0.03481   0.08584   0.19567   0.47446   0.43815   0.06753   0.27054   0.31025   0.50353   0.55502   0.57867   0.59139   0.34340   0.31747   0.36582   0.17955   0.76785   0.28566   0.17852   0.16503   0.20589   0.02384   0.15816   0.19983   0.07241   0.76314   0.11226   0.82335   0.53936   1.95932   1.13840   0.45151   0.00105   1.37232  
 10 44.2664   7744.956713  x:  1.24863   0.11789   0.06500   0.31438   0.44357   0.44921   0.34767   0.46947   0.04641   0.09054   0.20085   0.47852   0.44943   0.07405   0.28900   0.32738   0.50781   0.54586   0.58016   0.59271   0.33276   0.29952   0.37599   0.19021   0.73623   0.27996   0.17636   0.17048   0.21081   0.02183   0.18389   0.17889   0.05906   0.78402   0.13109   0.82884   0.53244   1.95583   1.12382   0.48352   0.00105   1.35697  
 11 36.0455   7744.544151  x:  1.25650   0.11945   0.04652   0.30820   0.46308   0.42775   0.34771   0.47397   0.05433   0.09465   0.20112   0.48108   0.45138   0.06862   0.29776   0.34000   0.51601   0.55409   0.57815   0.58885   0.34652   0.30725   0.38311   0.18936   0.72663   0.27909   0.17799   0.16695   0.23065   0.02038   0.17723   0.18245   0.05164   0.78815   0.14063   0.82849   0.53301   1.95433   1.12936   0.49769   0.00105   1.33991  
 12 12.6276   7743.837256  x:  1.27267   0.14390   0.05223   0.30658   0.47448   0.38343   0.34673   0.48396   0.05688   0.08586   0.19349   0.48423   0.45245   0.05965   0.30918   0.35290   0.52736   0.57366   0.57394   0.58472   0.36689   0.31853   0.38372   0.19611   0.72810   0.29263   0.18945   0.16763   0.21014   0.02420   0.18373   0.18111   0.04398   0.79450   0.14776   0.82780   0.53974   1.95063   1.14698   0.53925   0.00104   1.28843  
 13 12.8014   7740.343550  x:  1.32594   0.19758   0.05740   0.35705   0.48421   0.33805   0.37830   0.51739   0.00753   0.08239   0.23999   0.51987   0.48980   0.11912   0.34882   0.34329   0.51845   0.60034   0.56565   0.61413   0.38269   0.32403   0.38499   0.19924   0.76833   0.30452   0.18237   0.17118   0.22774   0.02374   0.18056   0.18813   0.00044   0.81055   0.14202   0.82466   0.58056   1.93944   1.24927   0.76402   0.00103   1.00000  
 14 21.5456   7732.454125  x:  1.47759   0.26657   0.05471   0.52786   0.50897   0.48728   0.45721   0.57284   0.08439   0.04658   0.26248   0.53479   0.55784   0.10291   0.39614   0.36290   0.52047   0.70233   0.57877   0.66269   0.43057   0.34814   0.46718   0.24570   0.91019   0.30176   0.19357   0.18486   0.26516   0.03719   0.19325   0.21859   0.02748   0.90006   0.19829   0.88218   0.72769   1.91864   1.65286   1.49247   0.00099   1.00000  
 15 52.7358   7727.807723  x:  1.52243   0.22413   0.01517   0.61754   0.48895   0.55559   0.42751   0.55336   0.06413   0.12099   0.25764   0.57549   0.58963   0.10548   0.44205   0.42826   0.58743   0.74170   0.65664   0.70348   0.41140   0.37910   0.53960   0.27796   0.94069   0.31337   0.23454   0.18226   0.21924   0.04442   0.21133   0.22961   0.01419   0.94501   0.19919   0.93462   0.76113   1.94782   1.86152   1.87234   0.00098   1.00000  
 16 76.1132   7725.754694  x:  1.54045   0.19863   0.07244   0.65685   0.46485   0.56258   0.41262   0.56052   0.03214   0.12767   0.21684   0.61121   0.59509   0.08494   0.45805   0.45932   0.63637   0.74559   0.71252   0.72555   0.39025   0.38902   0.56517   0.30605   0.93645   0.33180   0.24198   0.17434   0.26918   0.04064   0.20774   0.24382   0.02524   0.98446   0.18965   0.98305   0.74966   1.97689   1.97644   2.04198   0.00097   1.00000  
 17 53.1552   7723.741282  x:  1.55721   0.16484   0.06257   0.69595   0.44628   0.53853   0.45551   0.62674   0.03146   0.14659   0.19724   0.66494   0.59624   0.05898   0.44126   0.44214   0.66479   0.70143   0.74891   0.75939   0.41602   0.38924   0.55923   0.31190   0.91116   0.32597   0.20742   0.19452   0.25140   0.04497   0.20724   0.24605   0.05724   1.04963   0.18068   1.06407   0.69395   2.02183   2.11180   2.17666   0.00096   1.00000  
 18 23.3347   7721.093280  x:  1.60718   0.15688   0.03697   0.75290   0.46287   0.49813   0.41156   0.59227   0.06384   0.13213   0.19261   0.64657   0.58193   0.06017   0.40771   0.38219   0.68111   0.66996   0.75823   0.79063   0.41292   0.35893   0.50067   0.29900   0.92781   0.33450   0.23789   0.16970   0.26053   0.04722   0.20068   0.23734   0.05237   1.11552   0.20124   1.16189   0.64774   2.04505   2.26367   2.38332   0.00096   1.00000  
 19 15.2232   7714.833808  x:  1.70755   0.14307   0.04446   0.69140   0.50926   0.50188   0.43055   0.57498   0.05795   0.10224   0.21887   0.57526   0.56873   0.08427   0.38578   0.35296   0.72230   0.70065   0.79036   0.79581   0.38042   0.41097   0.46350   0.23210   0.98113   0.34117   0.25690   0.14699   0.25122   0.04952   0.19817   0.22448   0.00000   1.17311   0.20710   1.26800   0.60306   2.02088   2.66892   2.66974   0.00095   1.00000  
 20 33.4889   7702.953674  x:  1.90923   0.14122   0.09123   0.49995   0.47354   0.50704   0.45524   0.57975   0.04318   0.15660   0.23856   0.52313   0.58932   0.03571   0.38964   0.39581   0.73121   0.78747   0.80690   0.72390   0.35591   0.39822   0.44444   0.13617   1.06337   0.31138   0.15624   0.17654   0.24307   0.06116   0.18616   0.21944   0.00000   1.19100   0.23787   1.36506   0.64032   1.97874   3.36662   3.54032   0.00094   1.00000  
 21 75.2693   7694.885489  x:  2.04074   0.09397   0.06496   0.33429   0.46308   0.56167   0.50581   0.65305   0.04643   0.12967   0.22237   0.58399   0.59009   0.04611   0.39628   0.44143   0.71309   0.83595   0.80577   0.71075   0.39456   0.32345   0.41673   0.19423   1.11921   0.38611   0.22053   0.12781   0.25045   0.06702   0.18236   0.20471   0.00000   1.14388   0.21253   1.37833   0.69519   1.96960   3.88481   4.14113   0.00093   1.00000  
 22 131.3862   7692.764701  x:  2.09259   0.11355   0.06355   0.31573   0.50774   0.59582   0.47251   0.67098   0.05791   0.08834   0.19057   0.63252   0.56198   0.04181   0.37326   0.45521   0.70889   0.83347   0.81473   0.75358   0.42292   0.34159   0.43573   0.17037   1.12223   0.37002   0.21317   0.12129   0.24458   0.06933   0.17654   0.18863   0.00000   1.10719   0.14529   1.35164   0.71870   1.99235   4.03027   4.31146   0.00093   1.00000  
 23 42.1725   7692.255806  x:  2.12198   0.14464   0.06056   0.29992   0.52211   0.60521   0.45333   0.68770   0.05914   0.10678   0.19466   0.64154   0.55032   0.02431   0.35044   0.45916   0.71841   0.82449   0.82803   0.77766   0.41353   0.32853   0.42126   0.16868   1.11894   0.37201   0.21261   0.12012   0.24724   0.06997   0.17585   0.18975   0.00000   1.09263   0.13767   1.33811   0.74523   2.00880   4.07910   4.33890   0.00093   1.00000  
 24 17.8498   7691.933302  x:  2.16502   0.12503   0.05830   0.30567   0.51944   0.59335   0.43949   0.70327   0.06062   0.09847   0.20636   0.62536   0.54784   0.02045   0.33482   0.45458   0.73138   0.80343   0.84217   0.79230   0.40521   0.33825   0.42087   0.17935   1.10864   0.37862   0.20353   0.12329   0.24627   0.07031   0.17545   0.18972   0.00000   1.07244   0.14305   1.31159   0.77873   2.02244   4.09775   4.35196   0.00093   1.00000  
 25  7.9721   7691.729421  x:  2.19735   0.12309   0.05824   0.31198   0.51233   0.59042   0.44057   0.70828   0.06264   0.09955   0.20307   0.61679   0.54916   0.02655   0.33505   0.45489   0.74093   0.79037   0.85175   0.79438   0.40603   0.33701   0.41931   0.17669   1.09888   0.37158   0.21029   0.11981   0.24628   0.07094   0.17476   0.19035   0.03368   1.06347   0.14120   1.29393   0.78719   2.02606   4.10205   4.35646   0.00093   1.00000  
 26  8.6129   7691.501026  x:  2.24307   0.11630   0.05891   0.33127   0.51282   0.58662   0.44699   0.70422   0.05924   0.10934   0.20482   0.61607   0.55780   0.01621   0.33716   0.45382   0.74941   0.78552   0.85468   0.78827   0.40751   0.33006   0.41558   0.17350   1.09394   0.36689   0.22073   0.11348   0.24717   0.07141   0.17358   0.19067   0.03533   1.05052   0.12168   1.26991   0.78234   2.02326   4.10390   4.35658   0.00093   1.00000  
 27  7.1059   7691.140800  x:  2.31129   0.11490   0.05133   0.34301   0.50575   0.58749   0.44794   0.68124   0.06521   0.11256   0.18740   0.63729   0.55240   0.03116   0.34903   0.45548   0.75912   0.79070   0.85524   0.78915   0.40510   0.31729   0.41138   0.18124   1.09716   0.37218   0.20258   0.11927   0.24621   0.07283   0.17218   0.19302   0.02907   1.03487   0.12750   1.25641   0.76578   2.01963   4.12459   4.36182   0.00093   1.00000  
 28  6.2959   7690.420012  x:  2.41504   0.11338   0.05501   0.36154   0.48882   0.59903   0.46444   0.66180   0.05786   0.11636   0.18518   0.68057   0.54484   0.00820   0.35117   0.44014   0.74802   0.79971   0.84508   0.78875   0.39160   0.33292   0.43085   0.18970   1.10681   0.36987   0.21200   0.10532   0.24430   0.07404   0.17349   0.18589   0.03259   1.02546   0.17017   1.27264   0.73711   2.02589   4.19119   4.42642   0.00092   1.00000  
 29  9.6435   7689.135532  x:  2.48164   0.13169   0.05231   0.38233   0.46994   0.61511   0.46903   0.69082   0.06371   0.10804   0.18799   0.66708   0.54664   0.02368   0.37146   0.45305   0.74438   0.81764   0.85159   0.79698   0.38231   0.33652   0.45111   0.18745   1.10061   0.36860   0.22993   0.09032   0.24567   0.07611   0.17659   0.18642   0.00000   1.05039   0.17471   1.30882   0.73329   2.05173   4.24262   4.51237   0.00092   1.00000  
 30 10.3634   7687.406476  x:  2.53928   0.14742   0.04012   0.43489   0.49355   0.65642   0.45710   0.70908   0.03861   0.08913   0.21125   0.64696   0.59329   0.01351   0.39912   0.47756   0.75364   0.86057   0.87154   0.80116   0.41589   0.33868   0.45280   0.21862   1.12308   0.41733   0.20666   0.08339   0.24870   0.07961   0.17907   0.18045   0.01615   1.13279   0.14587   1.39187   0.75445   2.05907   4.35045   4.67456   0.00091   1.00000  
 31 22.1076   7685.634813  x:  2.52259   0.11401   0.05298   0.46424   0.55230   0.64247   0.47086   0.72527   0.02306   0.11694   0.18803   0.70268   0.61794   0.03879   0.39168   0.47211   0.79236   0.89861   0.88214   0.85272   0.43009   0.37133   0.44454   0.20445   1.19917   0.41363   0.23015   0.06119   0.25455   0.08606   0.18485   0.18326   0.01750   1.20206   0.14639   1.46422   0.86208   2.01661   4.39360   4.81449   0.00090   1.00000  
 32 15.0601   7685.216864  x:  2.50450   0.11764   0.04729   0.46580   0.56480   0.62234   0.49325   0.72331   0.04905   0.10380   0.21081   0.72320   0.61866   0.03103   0.39847   0.46504   0.82072   0.91087   0.90901   0.87056   0.40248   0.36638   0.46291   0.20677   1.23801   0.41403   0.23182   0.05950   0.25769   0.08733   0.18915   0.18899   0.02909   1.20341   0.13182   1.47835   0.86943   2.00988   4.39770   4.85596   0.00089   1.00000  
 33 11.0367   7685.080075  x:  2.49807   0.12426   0.04915   0.46560   0.57640   0.62328   0.51093   0.72112   0.04298   0.10963   0.21085   0.70963   0.60712   0.02746   0.40987   0.45206   0.83739   0.90623   0.93079   0.88332   0.41756   0.36658   0.46988   0.21198   1.26116   0.41593   0.23171   0.05829   0.26069   0.08811   0.18941   0.18844   0.02512   1.18918   0.13989   1.47742   0.86184   2.01768   4.39790   4.87920   0.00089   1.00000  
 34  4.5799   7685.002697  x:  2.49972   0.12662   0.05137   0.45979   0.57601   0.62752   0.50511   0.72462   0.04501   0.10287   0.21257   0.71219   0.62993   0.02502   0.41823   0.44751   0.84567   0.90390   0.94210   0.88866   0.42418   0.36784   0.46406   0.20569   1.26827   0.41170   0.23370   0.05551   0.25982   0.08895   0.18914   0.18683   0.01987   1.18360   0.15251   1.47174   0.85406   2.02435   4.40951   4.89289   0.00089   1.00000  
 35  1.7967   7684.664046  x:  2.53530   0.12754   0.04597   0.45890   0.57789   0.63743   0.49940   0.76066   0.05296   0.11475   0.19080   0.69913   0.64597   0.02481   0.41786   0.43985   0.85469   0.91847   0.93493   0.89454   0.39873   0.38655   0.45705   0.19679   1.28303   0.43381   0.22782   0.04894   0.26162   0.09012   0.19111   0.18894   0.02215   1.19052   0.15706   1.45615   0.82409   2.02730   4.47590   4.97778   0.00090   1.00000  
 36  2.3058   7683.832954  x:  2.63573   0.11472   0.05921   0.45229   0.56276   0.64559   0.47927   0.79463   0.04451   0.11034   0.22392   0.69132   0.60373   0.02932   0.41127   0.45499   0.86863   0.95427   0.93398   0.88910   0.40638   0.35899   0.47617   0.17556   1.28298   0.42893   0.22508   0.02865   0.25573   0.09462   0.19037   0.18780   0.01888   1.22142   0.16500   1.45834   0.80719   2.02957   4.65784   5.15263   0.00090   1.00000  
 37 10.0132   7683.414667  x:  2.69413   0.12671   0.05541   0.44401   0.55432   0.64234   0.51144   0.76838   0.04950   0.10538   0.22060   0.68454   0.60354   0.03155   0.41101   0.46891   0.86003   0.95293   0.95144   0.87412   0.39929   0.37736   0.45375   0.19264   1.25832   0.41066   0.22321   0.01866   0.25461   0.09701   0.19054   0.18625   0.00636   1.21244   0.14447   1.49890   0.83589   2.04637   4.75511   5.24808   0.00090   1.00000  
 38  9.5974   7683.343718  x:  2.70502   0.12763   0.05657   0.44080   0.55469   0.63802   0.51509   0.76466   0.05098   0.10774   0.21419   0.67956   0.61498   0.03354   0.40493   0.46587   0.85584   0.95291   0.95161   0.87334   0.40174   0.36910   0.46789   0.18255   1.25121   0.42153   0.22201   0.01740   0.25415   0.09729   0.19091   0.18655   0.00650   1.19393   0.13904   1.52206   0.84374   2.04803   4.77250   5.26056   0.00090   1.00000  
 39  3.5486   7683.304310  x:  2.70748   0.12837   0.05867   0.44174   0.55701   0.64153   0.50916   0.77168   0.05101   0.10824   0.22231   0.68169   0.61185   0.03468   0.40844   0.46929   0.85428   0.95602   0.94815   0.87099   0.40262   0.37487   0.46256   0.18090   1.24464   0.42534   0.22092   0.01879   0.25443   0.09765   0.19156   0.18796   0.00993   1.17284   0.13811   1.54022   0.84125   2.04604   4.76922   5.26422   0.00091   1.00000  
 40  1.3406   7683.193276  x:  2.71073   0.12650   0.05835   0.43706   0.55410   0.63430   0.50264   0.77740   0.04740   0.10974   0.21919   0.66875   0.61750   0.02992   0.41587   0.47794   0.84988   0.95844   0.93447   0.88934   0.40186   0.37050   0.46604   0.20184   1.24714   0.40022   0.21517   0.02261   0.25237   0.09798   0.19153   0.18947   0.01136   1.16411   0.13234   1.55204   0.83896   2.03998   4.78129   5.26708   0.00091   1.00000  
 41  0.6140   7682.748974  x:  2.71926   0.12614   0.06236   0.42635   0.54244   0.62959   0.52081   0.76708   0.05743   0.11081   0.22019   0.66599   0.60866   0.02735   0.42788   0.49815   0.83873   0.94277   0.94237   0.88112   0.40903   0.37237   0.46466   0.18748   1.23825   0.40966   0.19536   0.03578   0.24716   0.09883   0.19556   0.19632   0.00000   1.19620   0.13140   1.53631   0.86074   2.06246   4.81407   5.29534   0.00092   1.00000  
 42  1.3350   7682.748974  x:  2.71926   0.12614   0.06236   0.42635   0.54244   0.62959   0.52081   0.76708   0.05743   0.11081   0.22019   0.66599   0.60866   0.02735   0.42788   0.49815   0.83873   0.94277   0.94237   0.88112   0.40903   0.37237   0.46466   0.18748   1.23825   0.40966   0.19536   0.03578   0.24716   0.09883   0.19556   0.19632   0.00000   1.19620   0.13140   1.53631   0.86074   2.06246   4.81407   5.29534   0.00092   1.00000  
 43  2.5618   7531.344805  x:  2.71927   0.12615   0.06236   0.42635   0.54244   0.62959   0.52081   0.76708   0.05743   0.11081   0.22019   0.66600   0.60866   0.02735   0.42788   0.49814   0.83873   0.94277   0.94237   0.88112   0.40904   0.37237   0.46466   0.18749   1.23825   0.40966   0.19538   0.03577   0.24717   0.09884   0.19556   0.19633   0.00001   1.19621   0.13140   1.53632   0.86075   2.06245   4.81407   5.29534   0.07050   1.00000  
 44 24121.4509   7487.316306  x:  2.74297   0.21089   0.12434   0.47806   0.60043   0.67850   0.57124   0.81431   0.12783   0.17713   0.28214   0.72486   0.66052   0.10407   0.47174   0.54604   0.88273   0.98377   0.98638   0.92766   0.47115   0.43027   0.52096   0.24459   1.28125   0.46465   0.26993   0.11793   0.31509   0.16966   0.26522   0.26479   0.59667   1.23955   0.19270   1.57063   0.90858   2.01391   5.07202   5.03742   0.07978   1.00000  
 45 290.6437   7467.112713  x:  2.76905   0.17392   0.09138   0.49700   0.62937   0.72195   0.60913   0.85250   0.09520   0.14581   0.28787   0.76882   0.68545   0.08958   0.48801   0.58368   0.92162   1.02191   1.02533   0.95543   0.49452   0.45282   0.54421   0.23447   1.31889   0.46930   0.20936   0.00981   0.28625   0.08925   0.23000   0.22909   0.60993   1.25748   0.20534   1.60349   0.93150   1.97123   5.22613   4.88304   0.08108   1.00000  
 46 111.2675   7457.309376  x:  2.80201   0.11552   0.04744   0.50954   0.65268   0.76674   0.64239   0.88856   0.04555   0.09646   0.28245   0.80984   0.70495   0.05625   0.49828   0.62318   0.96213   1.06172   1.06654   0.98249   0.51094   0.46360   0.55743   0.21562   1.36071   0.46878   0.19175   0.09230   0.26424   0.06795   0.19657   0.19590   0.56209   1.27306   0.21039   1.64124   0.95124   1.92523   5.38279   4.72585   0.08203   1.00000  
 47 174.1937   7455.069322  x:  2.82125   0.09178   0.05258   0.50700   0.65442   0.78046   0.64429   0.89506   0.03841   0.07917   0.27470   0.81805   0.70518   0.03595   0.49536   0.63741   0.97506   1.07435   1.08122   0.99195   0.51072   0.45385   0.54967   0.21137   1.37767   0.46469   0.18776   0.07902   0.26935   0.12767   0.20910   0.21153   0.53883   1.27795   0.20526   1.65849   0.95412   1.90801   5.42538   4.68275   0.08223   1.00000  
 48 70.0519   7453.506736  x:  2.86958   0.06642   0.09632   0.48701   0.64284   0.79609   0.62373   0.89013   0.06795   0.07646   0.25727   0.81646   0.69153   0.00000   0.47660   0.65951   0.99064   1.08862   1.10409   1.00865   0.50025   0.41506   0.51431   0.21290   1.40752   0.45356   0.21130   0.07621   0.26802   0.10933   0.22333   0.22248   0.53297   1.28572   0.18559   1.69428   0.94922   1.88187   5.44826   4.65829   0.08235   1.00000  
 49 28.5516   7452.061015  x:  2.95901   0.04792   0.08779   0.44518   0.61802   0.81672   0.58159   0.87545   0.04222   0.10063   0.23893   0.81126   0.66311   0.00000   0.43996   0.69170   1.01045   1.10204   1.14110   1.03409   0.48301   0.37275   0.47491   0.19523   1.44977   0.42502   0.21222   0.07222   0.26924   0.11398   0.20613   0.20382   0.56037   1.29716   0.15873   1.75647   0.93540   1.85288   5.45184   4.65150   0.08246   1.00000  
 50 29.2361   7450.999988  x:  3.07372   0.05382   0.06239   0.42004   0.60419   0.83788   0.54094   0.86114   0.06247   0.11653   0.23667   0.80390   0.63830   0.00000   0.38759   0.71932   1.02264   1.10261   1.17805   1.04957   0.47965   0.39787   0.49155   0.19395   1.48925   0.41045   0.18381   0.08045   0.25590   0.11129   0.22297   0.22380   0.55793   1.30774   0.13884   1.82714   0.91012   1.84629   5.44989   4.64890   0.08253   1.00000  
 51 23.0931   7449.791278  x:  3.24453   0.07172   0.08100   0.41525   0.60678   0.86596   0.50923   0.85459   0.06336   0.11227   0.24566   0.79615   0.62224   0.00000   0.31438   0.75018   1.03144   1.09098   1.22743   1.05793   0.47820   0.44110   0.52459   0.22149   1.53236   0.42221   0.19839   0.07673   0.27236   0.12169   0.19993   0.20319   0.53854   1.32311   0.13657   1.92320   0.87342   1.85822   5.44005   4.65144   0.08259   1.00000  
 52 32.5807   7448.692434  x:  3.41123   0.07074   0.07960   0.42973   0.62315   0.88872   0.51418   0.86713   0.02747   0.10011   0.26527   0.79667   0.63121   0.00000   0.25908   0.77596   1.03570   1.07287   1.27284   1.05701   0.47572   0.44439   0.52833   0.23467   1.55721   0.43758   0.21536   0.07396   0.27543   0.11248   0.22414   0.21944   0.52513   1.33848   0.16276   2.00844   0.84575   1.88343   5.41864   4.66501   0.08262   1.00000  
 53 36.3041   7447.262412  x:  3.68024   0.05335   0.06071   0.46559   0.65649   0.91836   0.55348   0.90309   0.05853   0.10612   0.30318   0.80740   0.66758   0.00000   0.20097   0.82039   1.04389   1.04371   1.34406   1.05422   0.48238   0.42061   0.51198   0.23553   1.58067   0.45781   0.21002   0.07710   0.27159   0.12628   0.22059   0.21352   0.50134   1.36404   0.21604   2.13624   0.81180   1.92703   5.37662   4.69354   0.08266   1.00000  
 54 56.4160   7446.355708  x:  3.87444   0.07502   0.10085   0.47272   0.65857   0.91561   0.59665   0.93046   0.04992   0.11983   0.28498   0.82048   0.69459   0.00000   0.23424   0.86331   1.06020   1.03579   1.38976   1.05965   0.50341   0.42602   0.51492   0.21138   1.56864   0.46119   0.17904   0.08904   0.27819   0.12964   0.21100   0.23205   0.47444   1.38475   0.23224   2.20752   0.80678   1.93696   5.34282   4.71571   0.08269   1.00000  
 55 23.5192   7445.511305  x:  4.06496   0.07885   0.08393   0.47072   0.64996   0.89631   0.63299   0.94740   0.05988   0.12139   0.24916   0.83805   0.71512   0.00000   0.29580   0.90126   1.08085   1.03992   1.42064   1.07196   0.52552   0.44581   0.53291   0.19206   1.54257   0.46736   0.21552   0.08158   0.29166   0.13292   0.23578   0.21882   0.44530   1.40812   0.23154   2.26114   0.81826   1.93450   5.30997   4.73530   0.08268   1.00000  
 56 28.1403   7444.989921  x:  4.19275   0.06626   0.06960   0.47666   0.64979   0.87077   0.63544   0.93866   0.05848   0.10940   0.24680   0.85195   0.72433   0.00000   0.33879   0.90458   1.09420   1.05619   1.41380   1.08473   0.52284   0.44275   0.54356   0.22739   1.52064   0.49031   0.22455   0.08037   0.27099   0.13908   0.21723   0.23881   0.42945   1.42864   0.21450   2.27457   0.84620   1.91973   5.29011   4.74341   0.08267   1.00000  
 57 14.5956   7444.452640  x:  4.33260   0.06110   0.06720   0.49115   0.65759   0.84364   0.62894   0.92266   0.05395   0.10629   0.26697   0.86486   0.73076   0.00000   0.37397   0.88783   1.10425   1.08077   1.38455   1.09854   0.51151   0.43008   0.54994   0.26113   1.49858   0.50435   0.20115   0.08637   0.28787   0.14071   0.23773   0.22160   0.40243   1.45250   0.18997   2.27213   0.88606   1.90266   5.27763   4.74081   0.08264   1.00000  
 58 20.8684   7443.776494  x:  4.51725   0.08460   0.05914   0.51433   0.67525   0.82851   0.62587   0.91132   0.05506   0.10746   0.29463   0.86738   0.72262   0.00000   0.39000   0.83047   1.10358   1.11895   1.31141   1.10781   0.49915   0.42163   0.54954   0.23818   1.48240   0.47460   0.21525   0.08307   0.30516   0.14014   0.22503   0.23931   0.35651   1.48219   0.16682   2.23832   0.94164   1.89596   5.27814   4.71604   0.08258   1.00000  
 59 15.5252   7443.285522  x:  4.64815   0.08406   0.07293   0.51757   0.67813   0.82967   0.62917   0.91191   0.05197   0.09471   0.28990   0.85856   0.70753   0.00000   0.39513   0.77915   1.09462   1.14420   1.25080   1.10663   0.49889   0.42804   0.54532   0.22023   1.48169   0.46053   0.21480   0.08328   0.26916   0.15109   0.23205   0.22257   0.33622   1.49698   0.16398   2.19807   0.97303   1.89893   5.27643   4.69777   0.08254   1.00000  
 60 21.5412   7442.797626  x:  4.77319   0.05489   0.07017   0.49400   0.66034   0.84361   0.63454   0.92100   0.05134   0.09419   0.26554   0.84118   0.69315   0.00000   0.40413   0.72528   1.07476   1.16122   1.19334   1.09413   0.51223   0.43799   0.53132   0.22236   1.49558   0.47173   0.20309   0.08422   0.28636   0.14998   0.22547   0.22817   0.31213   1.49502   0.17584   2.13705   0.97999   1.90948   5.27896   4.67156   0.08249   1.00000  
 61 15.5348   7442.465603  x:  4.85645   0.08011   0.06205   0.46748   0.64309   0.86028   0.62884   0.92599   0.04894   0.11037   0.26621   0.83502   0.70303   0.00000   0.42460   0.69894   1.05481   1.16528   1.17280   1.07919   0.51266   0.42741   0.51671   0.23323   1.51350   0.48960   0.20659   0.08228   0.27605   0.15418   0.22827   0.22498   0.27831   1.47501   0.18044   2.07737   0.95589   1.90829   5.28828   4.64107   0.08244   1.00000  
 62 11.3204   7442.187577  x:  4.91360   0.08583   0.05820   0.45913   0.64315   0.87369   0.61144   0.92198   0.05280   0.08001   0.26804   0.83504   0.71245   0.00000   0.44401   0.69470   1.03636   1.16121   1.17566   1.06334   0.49876   0.41545   0.52086   0.22395   1.52354   0.48486   0.20113   0.08220   0.27887   0.15507   0.22568   0.22343   0.26495   1.44507   0.17807   2.02017   0.91806   1.89840   5.28634   4.62186   0.08239   1.00000  
 63  9.2178   7442.010244  x:  4.94440   0.06746   0.06419   0.46532   0.65325   0.87749   0.59630   0.91502   0.04917   0.09326   0.27299   0.83508   0.71284   0.00000   0.45276   0.70269   1.02584   1.15455   1.18407   1.05619   0.49128   0.41596   0.53056   0.21739   1.52402   0.47634   0.20446   0.08120   0.27477   0.15635   0.22545   0.22362   0.25076   1.42134   0.17911   1.98121   0.89289   1.89006   5.28451   4.60696   0.08236   1.00000  
 64  9.5011   7441.813236  x:  4.96218   0.07864   0.05801   0.48316   0.66915   0.86701   0.58928   0.90841   0.04945   0.09780   0.24774   0.82731   0.68623   0.00000   0.43444   0.73432   1.02274   1.14085   1.20308   1.05654   0.48520   0.41075   0.52211   0.22871   1.51125   0.46889   0.20092   0.08091   0.27414   0.15704   0.22553   0.22258   0.22955   1.40088   0.19741   1.94681   0.88764   1.88073   5.28122   4.58372   0.08230   1.00000  
 65  4.0708   7441.398121  x:  4.96687   0.08163   0.06175   0.46136   0.63278   0.82231   0.60699   0.90915   0.04818   0.08944   0.26504   0.82694   0.67953   0.00000   0.34934   0.80545   1.02787   1.10005   1.25506   1.05936   0.48900   0.41827   0.50569   0.23241   1.47110   0.45580   0.19965   0.07902   0.27094   0.15805   0.22268   0.22070   0.18780   1.38560   0.18346   1.90519   0.90690   1.88707   5.26461   4.53043   0.08217   1.00000  
 66  4.2244   7441.174211  x:  4.95235   0.08614   0.06266   0.45929   0.63370   0.83440   0.59912   0.89681   0.04840   0.09650   0.24412   0.81591   0.70219   0.00000   0.31422   0.81712   1.03924   1.09081   1.27264   1.04690   0.48870   0.39934   0.52819   0.20930   1.46696   0.48803   0.19838   0.07754   0.27110   0.15717   0.22216   0.22120   0.16585   1.40255   0.17275   1.92604   0.92276   1.88369   5.24017   4.50476   0.08209   1.00000  
 67  2.7577   7440.687518  x:  4.90599   0.09548   0.06389   0.45396   0.64856   0.89677   0.58415   0.88483   0.04895   0.09591   0.25721   0.81905   0.69851   0.00000   0.33288   0.81113   1.07115   1.09907   1.30751   1.03259   0.48778   0.42853   0.49970   0.21372   1.50101   0.48188   0.20034   0.07479   0.27435   0.15367   0.22289   0.22180   0.12052   1.45349   0.18345   2.03013   0.92623   1.88104   5.15684   4.46000   0.08191   1.00000  
 68  3.3296   7440.429515  x:  4.89235   0.09997   0.06448   0.45258   0.64891   0.90114   0.59938   0.91472   0.04829   0.10138   0.25147   0.82756   0.68421   0.00000   0.33678   0.79864   1.07400   1.10903   1.30771   1.06045   0.47903   0.40787   0.53019   0.23301   1.52825   0.45933   0.20110   0.07279   0.27517   0.14978   0.22304   0.22113   0.10501   1.46331   0.17690   2.08883   0.89921   1.89541   5.11133   4.42842   0.08183   1.00000  
 69  4.5137   7440.043226  x:  4.91915   0.10271   0.06710   0.46933   0.63087   0.83595   0.56320   0.92849   0.04811   0.09733   0.24903   0.83203   0.70357   0.00000   0.32731   0.79146   1.05209   1.12622   1.29196   1.09964   0.48884   0.41610   0.51941   0.21198   1.55719   0.46889   0.20052   0.06657   0.27435   0.13822   0.21879   0.21848   0.10281   1.43918   0.21006   2.15856   0.86186   1.88775   5.04756   4.35971   0.08174   1.00000  
 70  2.7668   7439.601023  x:  4.98188   0.10248   0.06242   0.48175   0.63448   0.82681   0.58317   0.92724   0.04601   0.10192   0.25019   0.79780   0.69036   0.00000   0.31893   0.81107   1.02967   1.13153   1.28622   1.06802   0.47542   0.42928   0.49850   0.20507   1.55339   0.48045   0.19958   0.05815   0.27241   0.12185   0.21431   0.21316   0.12106   1.40392   0.16681   2.20126   0.84051   1.89007   4.97388   4.27058   0.08168   1.00000  
 71  3.9287   7439.260994  x:  5.04097   0.10118   0.06549   0.45430   0.62254   0.84756   0.58397   0.90188   0.04802   0.10469   0.25898   0.79256   0.67961   0.00000   0.31461   0.82967   1.01741   1.12145   1.29302   1.03886   0.46713   0.41517   0.52110   0.21221   1.53757   0.45979   0.20113   0.05143   0.27071   0.10828   0.21055   0.20891   0.13277   1.38728   0.19415   2.21398   0.86107   1.89592   4.91107   4.19708   0.08163   1.00000  
 72  6.8520   7439.142124  x:  5.06354   0.10263   0.06592   0.44759   0.63302   0.87029   0.57538   0.89278   0.04698   0.10440   0.25308   0.81922   0.67922   0.00000   0.30389   0.82854   1.02174   1.10579   1.29965   1.05235   0.49377   0.41055   0.51824   0.21635   1.52584   0.45541   0.20176   0.04950   0.27029   0.10363   0.21021   0.20806   0.13784   1.39813   0.18579   2.19632   0.85836   1.90343   4.87946   4.17178   0.08161   1.00000  
 73  3.7754   7439.081048  x:  5.07480   0.10283   0.06636   0.44138   0.63845   0.88371   0.57426   0.90470   0.04853   0.10677   0.25210   0.82320   0.68164   0.00000   0.29690   0.82458   1.03851   1.09617   1.31069   1.07556   0.47604   0.41969   0.51636   0.21319   1.52419   0.46283   0.20206   0.04875   0.27172   0.10151   0.21024   0.20886   0.14016   1.41670   0.18848   2.16950   0.85878   1.89781   4.85338   4.15825   0.08159   1.00000  
 74  2.5487   7439.035373  x:  5.07914   0.10366   0.06547   0.44842   0.63679   0.88228   0.56795   0.91818   0.04786   0.10571   0.25902   0.80607   0.68144   0.00000   0.29716   0.82449   1.06216   1.09840   1.32430   1.07751   0.48829   0.41677   0.52095   0.21463   1.53897   0.46165   0.20312   0.04823   0.27217   0.10067   0.21072   0.20895   0.14070   1.43256   0.18837   2.14226   0.86300   1.89546   4.82695   4.14506   0.08157   1.02784  
 75  1.7453   7438.970622  x:  5.07760   0.10518   0.06529   0.46012   0.63256   0.87002   0.56630   0.92051   0.04790   0.11049   0.24932   0.82488   0.68713   0.00000   0.29484   0.82379   1.07774   1.10791   1.33521   1.05915   0.48024   0.42037   0.52100   0.21806   1.56794   0.45751   0.20348   0.04795   0.27275   0.10034   0.21127   0.20920   0.14119   1.44137   0.18374   2.11291   0.87622   1.90812   4.78468   4.11492   0.08153   1.10991  
 76  1.9815   7438.716166  x:  5.05272   0.11095   0.06494   0.47454   0.62581   0.86155   0.60873   0.89082   0.04855   0.11299   0.25832   0.84561   0.66817   0.00000   0.29734   0.80854   1.04912   1.10980   1.34345   1.05969   0.49012   0.42043   0.52878   0.21247   1.60700   0.47148   0.20629   0.04669   0.27343   0.10161   0.21328   0.21111   0.13446   1.43922   0.17833   2.05266   0.90981   1.86697   4.60596   3.97131   0.08136   1.51811  
 77  3.9074   7438.066264  x:  4.98104   0.11791   0.06318   0.48329   0.62599   0.85706   0.61572   0.83207   0.04991   0.11047   0.26006   0.80701   0.67782   0.00000   0.34527   0.79947   1.00979   1.11370   1.32052   1.09592   0.48047   0.41877   0.52186   0.21580   1.58134   0.47371   0.20707   0.04259   0.26698   0.10399   0.21490   0.21053   0.11773   1.43484   0.16299   1.94169   0.95564   1.91930   4.17978   3.54410   0.08093   2.59231  
 78 18.6753   7437.472371  x:  4.91224   0.12416   0.06014   0.49012   0.60765   0.85866   0.58922   0.86745   0.05145   0.11642   0.25378   0.81266   0.68885   0.00000   0.35189   0.77894   1.02281   1.10935   1.24870   1.04013   0.47561   0.41891   0.51883   0.23891   1.48140   0.45185   0.20848   0.03918   0.26116   0.10662   0.21612   0.20931   0.10614   1.43817   0.16178   1.86925   0.94892   1.87502   3.77205   3.13675   0.08054   3.59046  
 79 29.5103   7437.381864  x:  4.89943   0.12446   0.06169   0.49215   0.59820   0.84981   0.58142   0.87033   0.05303   0.11531   0.26315   0.82398   0.65723   0.00000   0.36333   0.76739   1.03927   1.09375   1.24410   1.02751   0.47240   0.41114   0.52076   0.22566   1.46592   0.47003   0.20816   0.03831   0.25949   0.10639   0.21594   0.20932   0.10496   1.43957   0.16372   1.86724   0.94141   1.88323   3.70898   3.06177   0.08049   3.74300  
 80  8.0733   7437.234660  x:  4.87163   0.12242   0.06093   0.50319   0.58450   0.83002   0.59498   0.84532   0.05328   0.11568   0.25244   0.81460   0.66306   0.00000   0.37288   0.72269   1.07364   1.03345   1.24813   1.02230   0.46745   0.40994   0.51785   0.22974   1.46742   0.45591   0.20666   0.03753   0.25775   0.10560   0.21487   0.20779   0.10870   1.43394   0.16366   1.88949   0.92860   1.87878   3.59212   2.91998   0.08046   3.97628  
 81  3.6835   7436.534291  x:  4.70899   0.12457   0.06403   0.49324   0.58909   0.85193   0.60888   0.86271   0.05363   0.11066   0.26155   0.82243   0.67972   0.00000   0.36295   0.76016   1.09462   1.07947   1.22881   1.05383   0.48132   0.41499   0.52230   0.22263   1.49975   0.46826   0.20551   0.03919   0.26445   0.10497   0.21502   0.21086   0.12718   1.38432   0.18051   1.99596   0.91833   1.89507   2.94537   2.29416   0.08044   4.99437  
 82  5.2349   7436.396733  x:  4.68179   0.12154   0.06298   0.50872   0.57348   0.85189   0.59181   0.88642   0.05325   0.11243   0.25653   0.81914   0.67843   0.00000   0.36840   0.75981   1.03564   1.07801   1.25565   1.04924   0.47828   0.41428   0.52195   0.22444   1.49742   0.46342   0.20386   0.03964   0.26466   0.10441   0.21432   0.21043   0.13069   1.42573   0.17755   2.01865   0.91748   1.89734   2.83815   2.17349   0.08045   5.17756  
 83  6.6512   7436.343309  x:  4.69181   0.11936   0.06310   0.51745   0.56092   0.85375   0.60284   0.86809   0.05275   0.11229   0.25605   0.81733   0.67907   0.00000   0.35955   0.77107   1.03545   1.09685   1.25468   1.04908   0.47599   0.41322   0.52225   0.22313   1.48976   0.46209   0.20274   0.04060   0.26504   0.10438   0.21355   0.20993   0.13226   1.45148   0.18681   2.02630   0.88455   1.89906   2.86504   2.18982   0.08051   5.15780  
 84  0.6169   7436.158509  x:  4.76218   0.11160   0.06387   0.50893   0.58419   0.86886   0.57976   0.90289   0.05113   0.10863   0.25445   0.81488   0.68179   0.00000   0.34102   0.79155   1.03778   1.08373   1.26219   1.05606   0.47765   0.41425   0.51887   0.21827   1.49525   0.46143   0.20092   0.04496   0.26778   0.10459   0.21159   0.20915   0.13761   1.42772   0.18658   2.08092   0.87505   1.90250   3.04206   2.33801   0.08076   4.96233  
 85  1.7176   7436.150369  x:  4.77599   0.11123   0.06408   0.50536   0.58809   0.86698   0.58009   0.90260   0.05129   0.10906   0.25344   0.81426   0.68114   0.00000   0.33597   0.78086   1.03935   1.09453   1.27680   1.05568   0.47858   0.41448   0.51836   0.21834   1.48919   0.46140   0.20093   0.04513   0.26777   0.10441   0.21147   0.20905   0.13745   1.42154   0.18693   2.08085   0.87392   1.90287   3.02926   2.32338   0.08076   4.96932  
 86  0.3543   7436.111534  x:  4.87226   0.10823   0.06363   0.51453   0.58083   0.87483   0.57734   0.89941   0.05010   0.10871   0.25346   0.81444   0.67917   0.00000   0.32350   0.79606   1.04489   1.08913   1.28019   1.06028   0.47721   0.41483   0.51687   0.21646   1.50100   0.46214   0.20171   0.04547   0.26770   0.10275   0.21071   0.20800   0.13369   1.41520   0.18396   2.07036   0.87306   1.90159   2.90431   2.19211   0.08074   5.05071  
 87  0.6906   7436.109726  x:  4.87808   0.10797   0.06368   0.50910   0.58709   0.87085   0.57784   0.89888   0.05011   0.10858   0.25372   0.81402   0.67895   0.00000   0.32313   0.79793   1.04439   1.08798   1.27939   1.05856   0.47754   0.41470   0.51692   0.21631   1.50314   0.46198   0.20178   0.04553   0.26762   0.10275   0.21068   0.20794   0.13355   1.41891   0.18422   2.07011   0.87160   1.90109   2.89946   2.18664   0.08074   5.05204  
 88  0.3292   7436.099388  x:  4.94009   0.10720   0.06425   0.51205   0.58737   0.87466   0.57655   0.89881   0.04993   0.10933   0.25476   0.81676   0.67766   0.00000   0.32249   0.80145   1.04545   1.09121   1.28524   1.06146   0.47775   0.41443   0.51791   0.21948   1.50661   0.46158   0.20279   0.04701   0.26732   0.10501   0.21199   0.20886   0.13691   1.42627   0.18246   2.07884   0.87636   1.90075   2.89534   2.19508   0.08068   4.99645  
 89  0.0836   7436.093014  x:  5.01461   0.10901   0.06397   0.51286   0.58532   0.87367   0.57868   0.89984   0.05027   0.10968   0.25510   0.81660   0.67963   0.00000   0.32299   0.80445   1.04515   1.09368   1.28712   1.06086   0.47834   0.41569   0.51820   0.21918   1.50640   0.46346   0.20300   0.04550   0.26873   0.10434   0.21217   0.20946   0.13554   1.42901   0.18286   2.09036   0.87891   1.90122   2.89989   2.20209   0.08044   4.88592  
 90  0.0537   7436.082987  x:  5.05383   0.11034   0.06449   0.51150   0.58009   0.87873   0.57956   0.90309   0.05056   0.10921   0.25463   0.81796   0.68111   0.00000   0.32119   0.80449   1.05352   1.09019   1.29110   1.06346   0.47928   0.41585   0.51950   0.21812   1.50958   0.46311   0.20175   0.04594   0.26798   0.10613   0.21211   0.20913   0.13763   1.42970   0.18559   2.09567   0.87333   1.90322   2.85450   2.15649   0.07982   4.75444  
 91  0.0467   7436.076382  x:  5.05188   0.10882   0.06424   0.51385   0.57970   0.87632   0.57802   0.90154   0.05030   0.10907   0.25476   0.81792   0.67934   0.00000   0.32067   0.80612   1.04949   1.09280   1.29055   1.06306   0.47859   0.41534   0.51878   0.21926   1.51152   0.46230   0.20241   0.04647   0.26785   0.10467   0.21213   0.20928   0.13749   1.42998   0.18431   2.09785   0.87481   1.90157   2.84666   2.14799   0.07934   4.59863  
 92  0.0903   7436.076056  x:  5.04892   0.10799   0.06393   0.51345   0.57999   0.87715   0.57848   0.90116   0.05005   0.10918   0.25474   0.81774   0.67960   0.00000   0.32085   0.80670   1.04925   1.09300   1.29063   1.06257   0.47859   0.41532   0.51850   0.21906   1.51005   0.46273   0.20252   0.04635   0.26794   0.10486   0.21195   0.20898   0.13751   1.43056   0.18408   2.09523   0.87601   1.90151   2.84470   2.14544   0.07933   4.58449  
 93  0.0138   7436.075927  x:  5.04762   0.10753   0.06441   0.51356   0.57964   0.87701   0.57849   0.90138   0.05004   0.10913   0.25469   0.81752   0.67974   0.00000   0.32084   0.80675   1.04936   1.09317   1.29034   1.06227   0.47855   0.41518   0.51840   0.21893   1.50968   0.46272   0.20239   0.04635   0.26809   0.10480   0.21205   0.20920   0.13771   1.43029   0.18413   2.09367   0.87583   1.90146   2.83979   2.14045   0.07934   4.55511  
 94  0.0101   7436.075635  x:  5.04627   0.10751   0.06410   0.51367   0.57812   0.87659   0.57840   0.90158   0.05014   0.10912   0.25478   0.81780   0.67963   0.00000   0.32086   0.80649   1.04925   1.09326   1.29022   1.06250   0.47860   0.41525   0.51856   0.21896   1.51010   0.46261   0.20256   0.04618   0.26780   0.10494   0.21213   0.20908   0.13781   1.43008   0.18424   2.09444   0.87561   1.90139   2.82842   2.12924   0.07937   4.45605  
 95  0.0277   7436.075577  x:  5.04435   0.10788   0.06408   0.51355   0.57790   0.87680   0.57842   0.90124   0.05011   0.10915   0.25475   0.81767   0.67958   0.00000   0.32094   0.80634   1.04920   1.09287   1.29015   1.06240   0.47857   0.41526   0.51847   0.21908   1.50980   0.46267   0.20243   0.04634   0.26798   0.10486   0.21199   0.20908   0.13758   1.43020   0.18412   2.09476   0.87578   1.90140   2.82441   2.12504   0.07938   4.43812  
 96  0.0168   7436.075576  x:  5.04414   0.10793   0.06410   0.51356   0.57790   0.87683   0.57843   0.90127   0.05009   0.10915   0.25473   0.81765   0.67959   0.00000   0.32096   0.80635   1.04920   1.09290   1.29018   1.06238   0.47856   0.41527   0.51847   0.21903   1.50981   0.46266   0.20247   0.04635   0.26795   0.10485   0.21199   0.20907   0.13756   1.43023   0.18413   2.09465   0.87575   1.90140   2.82457   2.12515   0.07938   4.43791  
 97  0.0004   7436.075576  x:  5.04417   0.10793   0.06410   0.51356   0.57790   0.87682   0.57842   0.90127   0.05009   0.10915   0.25473   0.81766   0.67959   0.00000   0.32096   0.80636   1.04920   1.09291   1.29017   1.06238   0.47856   0.41526   0.51847   0.21903   1.50980   0.46267   0.20247   0.04635   0.26795   0.10485   0.21200   0.20907   0.13756   1.43022   0.18413   2.09462   0.87575   1.90140   2.82459   2.12517   0.07938   4.43793  
 98  0.0001   7436.075576  x:  5.04417   0.10793   0.06410   0.51356   0.57790   0.87682   0.57842   0.90127   0.05009   0.10915   0.25473   0.81766   0.67959   0.00000   0.32096   0.80636   1.04920   1.09291   1.29017   1.06238   0.47856   0.41526   0.51847   0.21903   1.50980   0.46267   0.20247   0.04635   0.26795   0.10485   0.21200   0.20907   0.13756   1.43022   0.18413   2.09462   0.87575   1.90140   2.82459   2.12517   0.07938   4.43792  
 99  0.0000   7436.075576  x:  5.04417   0.10793   0.06410   0.51356   0.57790   0.87682   0.57842   0.90127   0.05009   0.10915   0.25473   0.81766   0.67959   0.00000   0.32096   0.80636   1.04920   1.09291   1.29017   1.06238   0.47856   0.41526   0.51847   0.21903   1.50980   0.46267   0.20247   0.04635   0.26795   0.10485   0.21200   0.20907   0.13756   1.43022   0.18413   2.09462   0.87575   1.90140   2.82459   2.12517   0.07938   4.43792  
100  0.0000   7436.075576  x:  5.04417   0.10793   0.06410   0.51356   0.57790   0.87682   0.57842   0.90127   0.05009   0.10915   0.25473   0.81766   0.67959   0.00000   0.32096   0.80636   1.04920   1.09291   1.29017   1.06238   0.47856   0.41526   0.51847   0.21903   1.50980   0.46267   0.20247   0.04635   0.26795   0.10485   0.21200   0.20907   0.13756   1.43022   0.18413   2.09462   0.87575   1.90140   2.82459   2.12517   0.07938   4.43792  