

TREE # 1

  0  0.0000   9227.011729  x:  0.17444   0.02804   0.07307   0.00000   0.21220   0.15259   0.14764   0.15672   0.09176   0.01488   0.10164   0.09888   0.08304   0.02822   0.03654   0.11840   0.16638   0.13073   0.17006   0.12456   0.13600   0.08105   0.05011   0.02312   0.14692   0.15208   0.08109   0.04353   0.13235   0.02986   0.05286   0.04009   0.10565   0.11049   0.05181   0.16210   0.10351   2.00000   1.39835   0.16116   0.29812   1.40136  
  1 99.0000   8113.580128  x:  0.33981   0.15069   0.13564   0.32962   0.26372   0.21935   0.20737   0.22935   0.13502   0.10769   0.15941   0.22841   0.21473   0.09857   0.16648   0.18749   0.24384   0.24294   0.25669   0.23646   0.18654   0.18073   0.21978   0.13783   0.26994   0.19827   0.10916   0.05638   0.15047   0.08430   0.12745   0.14558   0.14771   0.24567   0.15196   0.28475   0.25770   1.99213   1.43262   0.12879   0.00000   1.39982  
  2 3553.4203   7956.335385  x:  0.52225   0.28599   0.20465   0.69320   0.32055   0.29301   0.27327   0.30948   0.18273   0.21006   0.22314   0.37130   0.36001   0.17617   0.30981   0.26372   0.32930   0.36673   0.35226   0.35991   0.24229   0.29070   0.40693   0.26437   0.40566   0.24922   0.14011   0.07053   0.17045   0.14433   0.20972   0.26193   0.19410   0.39480   0.26244   0.42007   0.42780   1.98345   1.47043   0.09307   0.00090   1.39811  
  3 19487.5217   7866.261123  x:  0.62855   0.26698   0.14830   0.67742   0.31551   0.31721   0.30743   0.36228   0.12107   0.15437   0.18556   0.38977   0.36394   0.13604   0.31612   0.29168   0.38225   0.43319   0.40265   0.38699   0.22062   0.26452   0.38265   0.22799   0.48551   0.25865   0.10178   0.00000   0.13729   0.06188   0.13864   0.18309   0.17727   0.43655   0.26671   0.49799   0.47788   1.98113   1.42647   0.14368   0.00089   1.39293  
  4 392.5420   7811.849448  x:  0.77251   0.22872   0.05902   0.63848   0.30394   0.34894   0.34465   0.42403   0.02589   0.07044   0.13340   0.41263   0.36678   0.07691   0.31745   0.32168   0.44522   0.51177   0.46572   0.42461   0.19964   0.22994   0.34414   0.16824   0.59488   0.26755   0.14165   0.12156   0.14352   0.02235   0.07458   0.08880   0.14044   0.49118   0.25978   0.59737   0.53553   1.97786   1.36992   0.21109   0.00087   1.38422  
  5 826.8199   7793.874643  x:  0.82238   0.20731   0.03112   0.60924   0.29765   0.35842   0.35292   0.44101   0.00000   0.04646   0.12038   0.41787   0.36613   0.05773   0.31247   0.32794   0.46312   0.53348   0.48470   0.43881   0.20275   0.22048   0.32629   0.14641   0.63153   0.26521   0.13794   0.12300   0.15528   0.06567   0.09890   0.09446   0.11997   0.50903   0.24803   0.62878   0.54829   1.97663   1.34903   0.23679   0.00086   1.38028  
  6 448.4490   7760.462190  x:  1.02863   0.09367   0.05013   0.42583   0.27005   0.39154   0.35808   0.48152   0.07119   0.07507   0.13684   0.43278   0.37614   0.03168   0.27502   0.33198   0.51097   0.58817   0.54554   0.52029   0.30151   0.22577   0.25317   0.10657   0.77967   0.24870   0.14302   0.15982   0.18620   0.00970   0.18472   0.19424   0.00000   0.58952   0.14694   0.73813   0.56123   1.96918   1.26867   0.34377   0.00084   1.35768  
  7 281.5358   7760.462190  x:  1.02863   0.09367   0.05013   0.42583   0.27005   0.39154   0.35808   0.48152   0.07119   0.07507   0.13684   0.43278   0.37614   0.03168   0.27502   0.33198   0.51097   0.58817   0.54554   0.52029   0.30151   0.22577   0.25317   0.10657   0.77967   0.24870   0.14302   0.15982   0.18620   0.00970   0.18472   0.19424   0.00000   0.58952   0.14694   0.73813   0.56123   1.96918   1.26867   0.34377   0.00084   1.35768  
  8 213.2383   7628.730753  x:  1.02874   0.09373   0.05011   0.42577   0.27009   0.39157   0.35808   0.48154   0.07115   0.07506   0.13686   0.43280   0.37617   0.03170   0.27503   0.33198   0.51100   0.58819   0.54557   0.52032   0.30149   0.22582   0.25325   0.10661   0.77972   0.24873   0.14293   0.15957   0.18620   0.01012   0.18461   0.19413   0.00008   0.58961   0.14694   0.73819   0.56125   1.96917   1.26864   0.34382   0.06094   1.35767  
  9 24595.6761   7572.548558  x:  1.10393   0.17254   0.08987   0.43425   0.33363   0.43758   0.39667   0.52419   0.09529   0.11521   0.19101   0.48251   0.42563   0.09378   0.31343   0.36933   0.55364   0.62820   0.59576   0.57120   0.33274   0.29141   0.32897   0.16677   0.82536   0.30237   0.14614   0.08637   0.23129   0.26858   0.17946   0.18678   0.52367   0.66447   0.18685   0.79759   0.60355   1.94380   1.38706   0.23631   0.07356   1.34917  
 10 590.6320   7538.810197  x:  1.19021   0.16950   0.08525   0.43411   0.38464   0.48729   0.43707   0.57158   0.07920   0.10311   0.20858   0.53264   0.46449   0.09697   0.34071   0.40907   0.60342   0.67775   0.65160   0.61744   0.35447   0.32727   0.37253   0.17263   0.87651   0.32524   0.13645   0.00000   0.19795   0.16890   0.15378   0.15625   0.53771   0.71053   0.20149   0.86565   0.64977   1.91750   1.46257   0.17500   0.07512   1.33898  
 11 185.0097   7515.778582  x:  1.30040   0.16495   0.07898   0.43331   0.44711   0.54888   0.48637   0.63013   0.05858   0.08705   0.22934   0.59426   0.51217   0.09905   0.37391   0.45851   0.66560   0.73975   0.72135   0.67515   0.38098   0.36960   0.42475   0.17929   0.94149   0.35421   0.13964   0.03740   0.16542   0.04881   0.12785   0.12434   0.55566   0.76845   0.21929   0.95169   0.70746   1.88450   1.55739   0.09851   0.07735   1.32591  
 12 904.7854   7495.652257  x:  1.47079   0.13242   0.05700   0.42122   0.50839   0.62142   0.53346   0.69604   0.02209   0.04401   0.23344   0.66044   0.55817   0.06404   0.40160   0.52003   0.74464   0.82116   0.81059   0.74624   0.40481   0.38509   0.45583   0.16798   1.03410   0.37360   0.19066   0.04229   0.21960   0.09995   0.20639   0.21624   0.46076   0.83876   0.22827   1.07484   0.78047   1.84078   1.66146   0.02479   0.07842   1.30571  
 13 206.3633   7485.009312  x:  1.69988   0.11233   0.09127   0.38284   0.52030   0.66097   0.51666   0.71592   0.12964   0.05482   0.21818   0.67596   0.56425   0.00000   0.38792   0.56383   0.80041   0.88234   0.88055   0.81070   0.41171   0.32100   0.40946   0.16896   1.13355   0.36935   0.14857   0.05216   0.26430   0.17759   0.15010   0.15082   0.40291   0.91441   0.19814   1.20902   0.82659   1.81221   1.64545   0.08594   0.07790   1.27980  
 14 83.6573   7474.390560  x:  2.02300   0.10812   0.07277   0.31395   0.50287   0.68743   0.45723   0.71187   0.12482   0.11080   0.19223   0.66860   0.53897   0.00000   0.34703   0.59946   0.84806   0.92945   0.95843   0.88111   0.40531   0.26948   0.36574   0.15425   1.24425   0.35541   0.11807   0.05538   0.21953   0.15371   0.20628   0.20272   0.44991   1.01671   0.14088   1.38041   0.85226   1.80414   1.53707   0.26532   0.07785   1.24281  
 15 93.0113   7469.335451  x:  2.22101   0.09359   0.06736   0.30338   0.49620   0.69660   0.42536   0.70758   0.09420   0.13058   0.18668   0.65923   0.52271   0.00000   0.31271   0.60875   0.86256   0.93940   0.99567   0.90779   0.40663   0.30746   0.38962   0.16333   1.29758   0.35886   0.21560   0.04680   0.24464   0.14459   0.18648   0.19244   0.46583   1.07224   0.10751   1.47473   0.84745   1.81613   1.45827   0.39621   0.07759   1.21720  
 16 108.7097   7465.667761  x:  2.39804   0.06253   0.09581   0.37789   0.51431   0.69933   0.43469   0.71784   0.07067   0.14099   0.22538   0.65685   0.53299   0.00000   0.28163   0.60098   0.85452   0.91906   1.01339   0.90657   0.42490   0.38685   0.45139   0.20221   1.31838   0.38068   0.16851   0.05273   0.26931   0.15521   0.20369   0.19440   0.45169   1.11060   0.11140   1.53879   0.81190   1.85260   1.39957   0.52066   0.07716   1.18637  
 17 53.2431   7463.953733  x:  2.51832   0.07590   0.07394   0.45332   0.51531   0.69319   0.48658   0.74585   0.06884   0.13890   0.25801   0.67000   0.56693   0.00000   0.29164   0.59520   0.84155   0.88977   1.01547   0.89585   0.43009   0.35903   0.42819   0.21473   1.30027   0.38898   0.18659   0.05208   0.25457   0.15883   0.18495   0.21211   0.44933   1.13192   0.16091   1.56068   0.76651   1.89270   1.39926   0.59310   0.07711   1.15195  
 18 26.5598   7463.214253  x:  2.58832   0.08287   0.07098   0.47470   0.49085   0.68054   0.50547   0.75178   0.07700   0.13305   0.24442   0.67442   0.57459   0.00000   0.32017   0.59836   0.83964   0.87589   1.00982   0.89265   0.43255   0.35303   0.42346   0.21376   1.27350   0.38884   0.19431   0.04984   0.26871   0.14739   0.22067   0.18556   0.45293   1.14079   0.17107   1.56138   0.73250   1.90973   1.43218   0.62272   0.07723   1.12022  
 19 19.4410   7462.021035  x:  2.71505   0.07547   0.07238   0.48733   0.43548   0.65500   0.51685   0.74424   0.07775   0.12336   0.20064   0.67723   0.57320   0.00000   0.38168   0.60627   0.84322   0.85867   0.99081   0.88910   0.43356   0.36590   0.43925   0.20072   1.21349   0.38325   0.18345   0.04992   0.26825   0.14412   0.19682   0.20430   0.45441   1.15238   0.16744   1.55337   0.67377   1.92498   1.52474   0.66885   0.07731   1.04664  
 20 26.0007   7461.265499  x:  2.76919   0.06158   0.07240   0.48843   0.43653   0.65241   0.50700   0.72967   0.06777   0.13731   0.21101   0.67500   0.57005   0.00000   0.39246   0.60029   0.84225   0.85441   0.97309   0.88554   0.42463   0.36274   0.44074   0.20284   1.18802   0.38689   0.18722   0.04986   0.25173   0.15041   0.19732   0.19621   0.44937   1.15398   0.16304   1.54569   0.66330   1.91838   1.58254   0.69145   0.07731   1.00000  
 21 19.3001   7460.378089  x:  2.88073   0.06717   0.06386   0.48096   0.46856   0.66357   0.48799   0.70382   0.05486   0.12042   0.22623   0.66081   0.55284   0.00000   0.38140   0.57378   0.83144   0.85033   0.92601   0.86769   0.40181   0.34930   0.43562   0.21241   1.14438   0.38946   0.17862   0.04728   0.28098   0.12883   0.18955   0.20262   0.45437   1.15310   0.16322   1.52517   0.66858   1.89177   1.71411   0.76012   0.07750   1.00000  
 22 22.6989   7459.698768  x:  2.94921   0.07544   0.06372   0.45819   0.48639   0.67592   0.49657   0.71085   0.08369   0.09333   0.22470   0.65391   0.54575   0.00000   0.35848   0.55456   0.81802   0.85396   0.89907   0.85215   0.41386   0.36787   0.43974   0.21601   1.13546   0.38379   0.18893   0.04647   0.25482   0.12680   0.19839   0.20847   0.45411   1.14031   0.16449   1.50309   0.68963   1.87739   1.81344   0.83876   0.07762   1.00000  
 23 18.4789   7458.780479  x:  3.01101   0.07703   0.04487   0.41301   0.49061   0.68539   0.52104   0.74020   0.06063   0.09255   0.22937   0.66239   0.55732   0.00000   0.34255   0.54567   0.80560   0.86754   0.89328   0.84255   0.44242   0.38494   0.43688   0.20023   1.14689   0.37255   0.17784   0.04749   0.25501   0.13485   0.19452   0.19241   0.45325   1.10997   0.16967   1.46992   0.72626   1.87396   1.93539   0.96574   0.07761   1.00000  
 24 23.8822   7457.697011  x:  3.06835   0.07860   0.08237   0.37458   0.49727   0.68965   0.54056   0.77135   0.04921   0.11777   0.23880   0.67650   0.57678   0.03256   0.33836   0.54899   0.79709   0.88766   0.90433   0.84354   0.47162   0.39058   0.42750   0.20092   1.17220   0.37774   0.18264   0.04561   0.26846   0.12199   0.19388   0.20360   0.45236   1.07018   0.17153   1.42978   0.76736   1.87910   2.08305   1.12536   0.07787   1.00000  
 25 53.1852   7455.168385  x:  3.13401   0.03798   0.07600   0.39930   0.55249   0.68389   0.51540   0.79335   0.04406   0.07456   0.21862   0.71084   0.60672   0.02488   0.36016   0.61486   0.82010   0.96050   0.99242   0.87734   0.47244   0.36865   0.44753   0.20901   1.25796   0.43230   0.18767   0.04322   0.26456   0.11142   0.19818   0.20675   0.46572   0.99801   0.16075   1.36705   0.84259   1.91195   2.41001   1.52811   0.07832   1.00000  
 26 32.2484   7453.632467  x:  3.14953   0.09903   0.04254   0.43978   0.57471   0.68617   0.49449   0.79505   0.07099   0.11335   0.22986   0.72337   0.61497   0.01123   0.36812   0.66118   0.84735   0.99932   1.05317   0.91466   0.46299   0.38706   0.48556   0.18968   1.30812   0.42855   0.19047   0.04261   0.27098   0.10653   0.20180   0.21578   0.44540   0.99922   0.15947   1.36667   0.87790   1.91624   2.63287   1.78636   0.07857   1.00000  
 27 44.8187   7452.954511  x:  3.14711   0.11162   0.05285   0.44699   0.57381   0.69157   0.49785   0.79785   0.06243   0.11264   0.22859   0.72417   0.61289   0.00000   0.36571   0.66904   0.85484   1.00356   1.06588   0.92406   0.45809   0.38939   0.48766   0.18921   1.31715   0.42380   0.19103   0.04268   0.26745   0.10819   0.20217   0.21376   0.44006   1.01417   0.16367   1.37850   0.88360   1.91101   2.68658   1.84862   0.07860   1.00000  
 28 42.8941   7450.133651  x:  3.08507   0.06318   0.03878   0.46564   0.53096   0.75388   0.55738   0.82507   0.07336   0.14341   0.24691   0.73841   0.58919   0.00000   0.32989   0.70407   0.91217   0.98971   1.14584   1.00832   0.46790   0.41601   0.47148   0.25020   1.37066   0.40959   0.19761   0.03933   0.28922   0.08431   0.20611   0.23240   0.42117   1.18458   0.17505   1.53454   0.89032   1.86766   3.10186   2.30872   0.07919   1.00000  
 29 54.5749   7448.856550  x:  3.04463   0.07832   0.03812   0.43584   0.56775   0.79391   0.55543   0.82720   0.07264   0.12254   0.25306   0.78254   0.63465   0.00000   0.31792   0.69442   0.94274   0.95589   1.16197   1.01436   0.49207   0.40248   0.48127   0.23148   1.36709   0.43868   0.19653   0.03953   0.28841   0.08753   0.20687   0.23214   0.40315   1.25712   0.10741   1.65919   0.83678   1.89834   3.23744   2.45990   0.07921   1.00000  
 30 17.5484   7448.108592  x:  3.02319   0.06409   0.03737   0.39855   0.61054   0.81041   0.52791   0.82239   0.08028   0.12210   0.23067   0.78834   0.64715   0.00000   0.32950   0.68977   0.96957   0.93897   1.16236   0.99871   0.49696   0.39954   0.50094   0.20002   1.35706   0.45951   0.19627   0.03988   0.28692   0.09227   0.20997   0.22791   0.38767   1.28557   0.16987   1.76805   0.80753   1.92536   3.29163   2.52862   0.07919   1.00000  
 31 13.5601   7447.319322  x:  3.04180   0.07206   0.02686   0.39350   0.64433   0.80042   0.54165   0.86306   0.07307   0.11911   0.23835   0.74395   0.61906   0.00000   0.37694   0.69984   0.99443   0.96453   1.15719   0.96519   0.47807   0.41475   0.48529   0.22109   1.36081   0.45637   0.19474   0.04086   0.28138   0.10101   0.21045   0.22426   0.36233   1.23268   0.16043   1.88851   0.77296   1.91312   3.32467   2.56212   0.07921   1.00000  
 32  5.2555   7446.492917  x:  3.09762   0.05864   0.04986   0.40513   0.63749   0.77983   0.53593   0.88024   0.07648   0.11041   0.27544   0.74635   0.64059   0.00000   0.39010   0.69569   0.99300   0.99754   1.14262   0.95557   0.47756   0.41378   0.49180   0.18964   1.37271   0.41684   0.20256   0.03985   0.28843   0.09485   0.21485   0.23138   0.33970   1.17536   0.16144   1.99104   0.77551   1.89827   3.38519   2.61312   0.07948   1.00000  
 33  8.8986   7445.129182  x:  3.21140   0.10024   0.05025   0.42199   0.58718   0.74966   0.51967   0.87238   0.05499   0.11606   0.26159   0.77933   0.67394   0.00000   0.38095   0.67688   0.96084   1.03905   1.11080   0.98436   0.49948   0.40747   0.50441   0.23525   1.40030   0.45587   0.20429   0.04010   0.28436   0.10415   0.21651   0.23333   0.26473   1.12502   0.18022   2.10594   0.81778   1.88973   3.46825   2.66108   0.07959   1.00000  
 34 12.7554   7443.458315  x:  3.35793   0.08712   0.05358   0.48630   0.61049   0.79002   0.57367   0.85185   0.04336   0.13759   0.21598   0.79472   0.64624   0.00000   0.37714   0.67892   0.91634   1.07509   1.10574   1.04797   0.48139   0.41689   0.49329   0.18537   1.40010   0.46706   0.20807   0.04142   0.28245   0.12148   0.21972   0.22946   0.18657   1.18848   0.15784   2.10098   0.87102   1.90780   3.48406   2.66629   0.07969   1.00000  
 35  7.9114   7442.347731  x:  3.46387   0.09366   0.04863   0.45967   0.59159   0.81320   0.58051   0.83327   0.04727   0.09757   0.27372   0.79417   0.66317   0.00000   0.40775   0.70796   0.92781   1.09306   1.14577   1.05001   0.45135   0.42293   0.50963   0.19586   1.39613   0.46621   0.20815   0.04320   0.27944   0.13423   0.22521   0.22974   0.12516   1.28275   0.16711   2.03543   0.88227   1.89298   3.45932   2.67051   0.07957   1.00000  
 36 11.1753   7441.959428  x:  3.51701   0.09680   0.05273   0.45896   0.61565   0.82098   0.56650   0.85084   0.03968   0.11124   0.26203   0.78814   0.67110   0.00000   0.39816   0.72945   0.97381   1.09576   1.16389   1.01591   0.49559   0.40952   0.51604   0.20729   1.40040   0.45592   0.21191   0.04307   0.28092   0.13474   0.22599   0.23122   0.10611   1.32385   0.17083   1.98900   0.86409   1.86883   3.46277   2.68144   0.07963   1.00000  
 37  6.6152   7441.716490  x:  3.56665   0.09752   0.05683   0.44471   0.62327   0.81735   0.56325   0.88946   0.04290   0.12518   0.25119   0.80624   0.67499   0.00000   0.36464   0.73176   1.02156   1.07346   1.17933   1.00536   0.45523   0.42013   0.51397   0.20679   1.41043   0.46407   0.21117   0.04268   0.28075   0.13277   0.22564   0.23175   0.10303   1.33169   0.17391   1.96237   0.85119   1.87466   3.46234   2.67145   0.07971   1.00000  
 38  3.3261   7441.229300  x:  3.67531   0.10353   0.05810   0.45476   0.62147   0.81888   0.53880   0.90155   0.03593   0.10162   0.26707   0.80910   0.64334   0.00000   0.33415   0.73125   1.08871   0.99892   1.23286   1.04168   0.47306   0.42906   0.49920   0.19718   1.42003   0.45780   0.20952   0.04166   0.26959   0.12882   0.22221   0.22218   0.11675   1.31877   0.18246   1.94314   0.84857   1.88062   3.41020   2.59021   0.07996   1.00000  
 39  3.5075   7440.658603  x:  3.80780   0.10136   0.05761   0.45225   0.62472   0.85164   0.58324   0.88018   0.03605   0.10687   0.24861   0.78378   0.67855   0.00000   0.32655   0.75609   1.10630   0.97930   1.27291   1.03849   0.46124   0.40107   0.54866   0.20190   1.39880   0.45842   0.21122   0.04035   0.25972   0.12134   0.22108   0.21405   0.14034   1.31615   0.17700   1.94678   0.87473   1.85585   3.31860   2.51890   0.08024   1.00000  
 40  5.0260   7440.175317  x:  3.92531   0.10892   0.06384   0.43762   0.64760   0.86603   0.59821   0.85063   0.03571   0.10806   0.25147   0.81527   0.68459   0.00000   0.34562   0.79884   1.08462   1.04238   1.27982   1.00846   0.46822   0.43428   0.51688   0.20756   1.38185   0.46431   0.21096   0.03922   0.25464   0.11270   0.21894   0.21090   0.15790   1.35177   0.18154   1.95486   0.88933   1.87811   3.25311   2.47711   0.08051   1.00000  
 41  6.0365   7439.975942  x:  3.97335   0.10869   0.06504   0.42811   0.65754   0.85323   0.59120   0.88530   0.03426   0.10338   0.26219   0.82153   0.66476   0.00000   0.35267   0.80215   1.04844   1.09076   1.25557   1.02836   0.47252   0.41570   0.54170   0.20752   1.39792   0.46664   0.21097   0.03865   0.25266   0.10928   0.21756   0.20843   0.16307   1.38559   0.18600   1.95244   0.86376   1.88715   3.22406   2.45400   0.08057   1.00000  
 42  3.7628   7439.894981  x:  3.99557   0.10566   0.06251   0.43636   0.66047   0.85303   0.57296   0.90215   0.03450   0.10053   0.25481   0.81241   0.68866   0.00000   0.36579   0.78907   1.03315   1.09986   1.24337   1.04104   0.46913   0.42608   0.53043   0.20367   1.41455   0.46852   0.21052   0.03843   0.25230   0.10794   0.21721   0.20763   0.16480   1.40048   0.18705   1.95086   0.85410   1.86990   3.20937   2.44705   0.08059   1.00000  
 43  2.0660   7439.681749  x:  4.07837   0.10646   0.06415   0.44651   0.65449   0.88936   0.55917   0.91884   0.03859   0.10381   0.25133   0.80432   0.69030   0.00000   0.41612   0.73708   1.04714   1.09349   1.22543   1.03494   0.46901   0.42179   0.53471   0.21372   1.45944   0.45681   0.21081   0.03820   0.25510   0.10530   0.21604   0.20836   0.15780   1.41901   0.18129   1.95846   0.88730   1.90274   3.20018   2.46248   0.08066   1.00000  
 44  1.2125   7439.406250  x:  4.18911   0.10936   0.06647   0.45155   0.65569   0.88763   0.58339   0.90639   0.04992   0.10151   0.25514   0.84147   0.66934   0.00000   0.42281   0.71670   1.07363   1.09431   1.22516   1.04515   0.47721   0.41976   0.53598   0.20087   1.47365   0.48090   0.21094   0.03825   0.26073   0.10373   0.21577   0.20893   0.14821   1.41454   0.18581   1.97489   0.89197   1.86867   3.16976   2.49036   0.08074   1.01810  
 45  2.5375   7439.036107  x:  4.34258   0.10449   0.06471   0.44920   0.66296   0.84808   0.60548   0.87631   0.05496   0.09261   0.25099   0.81704   0.68991   0.00000   0.34571   0.75406   1.08183   1.10743   1.25613   1.07116   0.48347   0.42145   0.52467   0.21642   1.47319   0.45834   0.20910   0.03823   0.26445   0.10011   0.21336   0.20685   0.13422   1.41422   0.18937   2.00860   0.88445   1.89904   3.15530   2.48087   0.08088   1.05811  
 46  3.9328   7438.922645  x:  4.39601   0.10465   0.06646   0.45005   0.65197   0.85798   0.59120   0.89316   0.05821   0.09401   0.25449   0.80415   0.68167   0.00000   0.32036   0.79017   1.04156   1.08993   1.29143   1.05263   0.48587   0.41969   0.52107   0.20496   1.46794   0.47632   0.20817   0.03795   0.26597   0.09826   0.21172   0.20675   0.12865   1.41346   0.18755   2.02504   0.88866   1.90051   3.16056   2.47431   0.08096   1.07973  
 47  2.9331   7438.903492  x:  4.40564   0.10404   0.06560   0.45049   0.65329   0.86562   0.58457   0.89651   0.05814   0.09491   0.25083   0.81538   0.67987   0.00000   0.31842   0.79998   1.03072   1.08302   1.29545   1.05168   0.48294   0.41866   0.52207   0.21266   1.46568   0.46527   0.20799   0.03818   0.26555   0.09882   0.21161   0.20631   0.12777   1.40956   0.18797   2.02758   0.88665   1.89768   3.15595   2.47048   0.08096   1.08920  
 48  1.4722   7438.863020  x:  4.43794   0.10799   0.06761   0.44440   0.65070   0.88794   0.58233   0.89802   0.05634   0.09714   0.25583   0.80952   0.68231   0.00000   0.31958   0.81947   1.03551   1.08029   1.27457   1.06784   0.48370   0.42046   0.51933   0.21244   1.46395   0.46952   0.20740   0.03859   0.26665   0.09977   0.21104   0.20712   0.12468   1.39929   0.19078   2.02637   0.88070   1.89990   3.13416   2.45540   0.08099   1.15900  
 49  0.4789   7438.687894  x:  4.57946   0.10858   0.06486   0.45420   0.63211   0.85766   0.57793   0.89150   0.04755   0.10726   0.25796   0.81169   0.67790   0.00000   0.32293   0.80501   1.04267   1.08333   1.24971   1.04212   0.47623   0.41320   0.51629   0.20982   1.47630   0.46801   0.20393   0.04000   0.26622   0.10269   0.20750   0.20544   0.11804   1.41178   0.18096   2.03722   0.89646   1.89078   3.01667   2.32266   0.08109   1.50048  
 50  2.4333   7438.657996  x:  4.60694   0.11169   0.06655   0.44391   0.64085   0.85499   0.58019   0.88930   0.04725   0.11218   0.25662   0.80816   0.67720   0.00000   0.32918   0.78406   1.03494   1.08745   1.26926   1.04980   0.47655   0.41403   0.51510   0.21252   1.47088   0.46655   0.20348   0.04033   0.26694   0.10328   0.20691   0.20625   0.11499   1.40888   0.18259   2.03642   0.89039   1.89014   3.00538   2.30955   0.08110   1.56226  
 51  2.3656   7438.653016  x:  4.61146   0.11144   0.06612   0.44651   0.63541   0.86241   0.57766   0.88931   0.04742   0.11213   0.25633   0.80857   0.67679   0.00000   0.32536   0.77816   1.03709   1.09585   1.27314   1.04818   0.47634   0.41341   0.51482   0.21245   1.46768   0.46667   0.20343   0.04040   0.26665   0.10334   0.20704   0.20600   0.11593   1.40646   0.18341   2.03621   0.88542   1.89070   3.00403   2.30633   0.08111   1.57801  
 52  0.3903   7438.592250  x:  4.68333   0.11506   0.06466   0.43976   0.63934   0.85531   0.56616   0.89978   0.05373   0.10710   0.25769   0.80789   0.67767   0.00000   0.32964   0.78476   1.04158   1.09074   1.26525   1.05282   0.48277   0.41014   0.51476   0.20999   1.44960   0.46500   0.20402   0.04172   0.26530   0.10351   0.20994   0.20726   0.12587   1.40753   0.17953   2.03995   0.88747   1.89185   3.03182   2.32542   0.08123   1.83309  
 53  0.3722   7438.576887  x:  4.70368   0.11607   0.06444   0.43604   0.63997   0.85749   0.57040   0.88831   0.05445   0.10625   0.25740   0.80720   0.67622   0.00000   0.33015   0.78741   1.03700   1.08546   1.26330   1.04800   0.48252   0.40923   0.51478   0.20730   1.46862   0.46445   0.20400   0.04189   0.26489   0.10294   0.21045   0.20735   0.12839   1.40532   0.18089   2.03952   0.87446   1.89152   3.04662   2.33013   0.08127   1.89875  
 54  1.9189   7438.514226  x:  4.83090   0.11969   0.06293   0.44287   0.64032   0.86231   0.57616   0.89286   0.05142   0.10437   0.25507   0.81226   0.67890   0.00000   0.33613   0.78225   1.04193   1.09071   1.26637   1.05579   0.48035   0.41225   0.51585   0.20657   1.49143   0.47335   0.20392   0.04422   0.26805   0.10447   0.21439   0.21022   0.12711   1.40763   0.17809   2.07117   0.88214   1.89701   3.25753   2.56332   0.08134   2.30774  
 55  0.2585   7438.488685  x:  4.87793   0.11163   0.06354   0.44444   0.64437   0.86417   0.58160   0.89449   0.05125   0.10751   0.25731   0.81296   0.67985   0.00000   0.32823   0.79273   1.04162   1.09619   1.27608   1.05599   0.48189   0.41585   0.51835   0.20860   1.50278   0.47256   0.20371   0.04548   0.26828   0.10651   0.21129   0.20994   0.13138   1.41580   0.18208   2.05127   0.88593   1.89335   3.31599   2.62618   0.08122   2.58760  
 56  0.1450   7438.464883  x:  4.90820   0.10785   0.06575   0.44404   0.64582   0.86656   0.57623   0.89645   0.04946   0.10295   0.26016   0.81483   0.68200   0.00000   0.33564   0.79031   1.04344   1.09602   1.27116   1.05697   0.48291   0.41532   0.52045   0.20476   1.51672   0.47665   0.20427   0.04637   0.26876   0.10332   0.21264   0.20740   0.13166   1.41291   0.18669   2.06588   0.88334   1.89658   3.34557   2.64976   0.08074   3.14480  
 57  0.1231   7438.435841  x:  4.89903   0.11074   0.06717   0.44435   0.64276   0.86108   0.57627   0.89325   0.05163   0.10588   0.25729   0.81231   0.68020   0.00000   0.32779   0.78999   1.04253   1.09225   1.27376   1.05363   0.48185   0.41301   0.51705   0.20176   1.54898   0.47485   0.20316   0.04823   0.26762   0.10390   0.21141   0.20946   0.13095   1.41408   0.18602   2.06369   0.87925   1.89727   3.35486   2.66271   0.07988   3.93300  
 58  0.2707   7438.422777  x:  4.93520   0.11330   0.06493   0.44517   0.64150   0.86820   0.58169   0.89369   0.05122   0.10575   0.25647   0.81509   0.67990   0.00000   0.33042   0.79461   1.04553   1.09640   1.27571   1.05862   0.48113   0.41500   0.51772   0.20344   1.57489   0.47605   0.20155   0.04876   0.26662   0.10320   0.21110   0.20873   0.12889   1.41603   0.18264   2.06913   0.88626   1.89491   3.32175   2.62693   0.07952   4.50319  
 59  0.2455   7438.413152  x:  4.97266   0.11451   0.06217   0.44280   0.64580   0.86831   0.57911   0.90049   0.05131   0.10582   0.25878   0.81429   0.68199   0.00000   0.32658   0.79848   1.04652   1.09970   1.28327   1.05779   0.48477   0.41530   0.51805   0.20356   1.61371   0.47808   0.20235   0.04852   0.26920   0.10320   0.21249   0.20930   0.13060   1.42109   0.18224   2.07275   0.88512   1.89715   3.29584   2.60799   0.07937   5.07719  
 60  0.1787   7438.402746  x:  4.97247   0.11360   0.06316   0.44284   0.64811   0.86975   0.57956   0.89847   0.05191   0.10554   0.25863   0.81599   0.68181   0.00000   0.32501   0.80019   1.04990   1.09918   1.28641   1.06061   0.48449   0.41556   0.51872   0.20124   1.64389   0.48037   0.20433   0.04705   0.26800   0.10513   0.21227   0.20977   0.13036   1.41824   0.18403   2.08057   0.88682   1.89799   3.20908   2.52243   0.07936   5.60611  
 61  0.1847   7438.393634  x:  4.98296   0.11226   0.06561   0.44513   0.64762   0.87160   0.58109   0.89755   0.05152   0.10569   0.25791   0.81831   0.68265   0.00000   0.32567   0.80072   1.05196   1.09989   1.28698   1.06325   0.48355   0.41636   0.51991   0.20000   1.68558   0.48169   0.20538   0.04583   0.26866   0.10596   0.21264   0.21065   0.13240   1.41901   0.18604   2.09127   0.88865   1.89844   3.24389   2.55996   0.07944   6.26397  
 62  0.3534   7438.383052  x:  4.97506   0.11233   0.06707   0.44473   0.64438   0.87125   0.58040   0.89913   0.05080   0.10520   0.25833   0.81712   0.68339   0.00000   0.32609   0.80084   1.04896   1.10185   1.28542   1.06115   0.48378   0.41545   0.51938   0.20108   1.73140   0.47973   0.20472   0.04372   0.27046   0.10502   0.21340   0.21023   0.13381   1.42366   0.18460   2.08855   0.88811   1.89727   3.20087   2.51595   0.07943   7.31261  
 63  0.4421   7438.369979  x:  4.96662   0.11324   0.06585   0.44332   0.64213   0.86721   0.57990   0.89797   0.05200   0.10399   0.25915   0.81427   0.68113   0.00000   0.32502   0.79800   1.04611   1.09839   1.28153   1.05871   0.48562   0.41465   0.51774   0.19982   1.77227   0.47807   0.20467   0.04262   0.26778   0.10567   0.21326   0.20937   0.12969   1.42244   0.18204   2.07426   0.88547   1.89715   3.27434   2.58199   0.07952   8.51060  
 64  0.4073   7438.360236  x:  4.94130   0.11421   0.06407   0.44185   0.64531   0.86631   0.57980   0.89482   0.05156   0.10603   0.25776   0.81501   0.68042   0.00000   0.32790   0.79457   1.04569   1.09543   1.27633   1.05720   0.48320   0.41489   0.51764   0.19890   1.79892   0.48051   0.20573   0.04156   0.26701   0.10522   0.21166   0.20899   0.12928   1.41159   0.18312   2.06410   0.88565   1.89750   3.26566   2.57139   0.07976   9.48842  
 65  0.4466   7438.353371  x:  4.91549   0.11404   0.06368   0.44342   0.64435   0.86612   0.57803   0.89505   0.05172   0.10511   0.25781   0.81350   0.68076   0.00000   0.33089   0.79314   1.04312   1.09687   1.27404   1.05645   0.48181   0.41447   0.51823   0.19975   1.82771   0.48163   0.20514   0.04266   0.26875   0.10478   0.21164   0.20860   0.13051   1.41015   0.18448   2.06335   0.88640   1.89780   3.32754   2.63429   0.08000  10.42252  
 66  0.3267   7438.343520  x:  4.88343   0.11372   0.06438   0.44466   0.64285   0.86580   0.57824   0.89586   0.05261   0.10418   0.25869   0.81311   0.68060   0.00000   0.32856   0.79453   1.04381   1.09800   1.27757   1.05819   0.48321   0.41444   0.51804   0.19916   1.89935   0.48113   0.20440   0.04456   0.26865   0.10499   0.21246   0.20899   0.12972   1.41582   0.18401   2.07018   0.88654   1.89804   3.29616   2.60291   0.08024  12.26140  
 67  0.6620   7438.339122  x:  4.87269   0.11402   0.06511   0.44299   0.64452   0.86661   0.58061   0.89568   0.05148   0.10606   0.25818   0.81538   0.68074   0.00000   0.32685   0.79484   1.04613   1.09565   1.27862   1.05841   0.48350   0.41553   0.51769   0.19854   1.97779   0.48057   0.20411   0.04535   0.26765   0.10444   0.21215   0.20954   0.12935   1.41717   0.18339   2.06980   0.88547   1.89764   3.31173   2.62024   0.08039  13.97385  
 68  0.9497   7438.336262  x:  4.87533   0.11443   0.06505   0.44185   0.64502   0.86737   0.57974   0.89573   0.05124   0.10535   0.25821   0.81482   0.68076   0.00000   0.32727   0.79465   1.04533   1.09547   1.27758   1.05759   0.48343   0.41521   0.51784   0.19785   2.06740   0.48116   0.20403   0.04525   0.26775   0.10448   0.21188   0.20915   0.12912   1.41574   0.18330   2.06707   0.88611   1.89759   3.26867   2.57591   0.08036  15.69544  
 69  0.8057   7438.334286  x:  4.87939   0.11444   0.06469   0.44232   0.64437   0.86637   0.57836   0.89564   0.05173   0.10464   0.25827   0.81378   0.68059   0.00000   0.32799   0.79352   1.04373   1.09653   1.27591   1.05712   0.48325   0.41465   0.51787   0.19797   2.14854   0.48140   0.20400   0.04530   0.26799   0.10445   0.21185   0.20879   0.12905   1.41310   0.18331   2.06439   0.88695   1.89765   3.26557   2.57109   0.08032  17.22720  
 70  0.9587   7438.333720  x:  4.88144   0.11445   0.06485   0.44286   0.64426   0.86596   0.57911   0.89552   0.05178   0.10531   0.25830   0.81453   0.68062   0.00000   0.32763   0.79388   1.04442   1.09683   1.27668   1.05774   0.48329   0.41500   0.51772   0.19817   2.22728   0.48132   0.20407   0.04537   0.26785   0.10434   0.21200   0.20910   0.12929   1.41332   0.18313   2.06572   0.88685   1.89769   3.24306   2.54938   0.08030  18.66815  
 71  0.9021   7438.333598  x:  4.88002   0.11446   0.06485   0.44292   0.64423   0.86613   0.57928   0.89551   0.05170   0.10529   0.25833   0.81454   0.68064   0.00000   0.32778   0.79422   1.04461   1.09650   1.27699   1.05776   0.48325   0.41505   0.51777   0.19811   2.24023   0.48139   0.20403   0.04539   0.26783   0.10439   0.21198   0.20911   0.12924   1.41386   0.18318   2.06598   0.88653   1.89774   3.24579   2.55240   0.08032  18.90392  
 72  0.2094   7438.333573  x:  4.87911   0.11451   0.06479   0.44285   0.64422   0.86621   0.57916   0.89555   0.05171   0.10516   0.25831   0.81441   0.68066   0.00000   0.32784   0.79429   1.04458   1.09640   1.27700   1.05769   0.48327   0.41498   0.51782   0.19799   2.25771   0.48149   0.20402   0.04537   0.26787   0.10441   0.21195   0.20905   0.12915   1.41398   0.18327   2.06596   0.88646   1.89779   3.24150   2.54792   0.08032  19.21971  
 73  0.2362   7438.333571  x:  4.87873   0.11452   0.06478   0.44281   0.64424   0.86618   0.57917   0.89556   0.05172   0.10521   0.25829   0.81445   0.68065   0.00000   0.32777   0.79421   1.04458   1.09645   1.27696   1.05770   0.48329   0.41498   0.51778   0.19800   2.26014   0.48147   0.20403   0.04537   0.26787   0.10439   0.21196   0.20906   0.12916   1.41395   0.18329   2.06600   0.88650   1.89778   3.24092   2.54731   0.08032  19.25801  
 74  0.0275   7438.333571  x:  4.87866   0.11452   0.06478   0.44276   0.64427   0.86626   0.57918   0.89554   0.05172   0.10519   0.25832   0.81443   0.68063   0.00000   0.32777   0.79419   1.04455   1.09646   1.27692   1.05769   0.48328   0.41498   0.51777   0.19799   2.25803   0.48147   0.20403   0.04537   0.26785   0.10440   0.21196   0.20906   0.12916   1.41395   0.18328   2.06598   0.88656   1.89776   3.24055   2.54694   0.08032  19.20474  
 75  0.0159   7438.333570  x:  4.87863   0.11452   0.06478   0.44278   0.64427   0.86623   0.57916   0.89555   0.05171   0.10520   0.25831   0.81443   0.68065   0.00000   0.32776   0.79419   1.04457   1.09645   1.27693   1.05769   0.48329   0.41498   0.51778   0.19800   2.25426   0.48147   0.20402   0.04538   0.26787   0.10439   0.21196   0.20906   0.12915   1.41395   0.18327   2.06600   0.88653   1.89777   3.24026   2.54663   0.08032  19.11799  
 76  0.0310   7438.333570  x:  4.87858   0.11452   0.06478   0.44279   0.64425   0.86621   0.57917   0.89555   0.05172   0.10520   0.25831   0.81444   0.68064   0.00000   0.32777   0.79420   1.04457   1.09645   1.27694   1.05769   0.48329   0.41498   0.51778   0.19800   2.25418   0.48148   0.20402   0.04538   0.26786   0.10439   0.21196   0.20906   0.12915   1.41394   0.18328   2.06597   0.88652   1.89777   3.24014   2.54652   0.08032  19.11396  
 77  0.0028   7438.333570  x:  4.87859   0.11452   0.06478   0.44279   0.64425   0.86621   0.57917   0.89555   0.05172   0.10520   0.25831   0.81444   0.68064   0.00000   0.32777   0.79421   1.04456   1.09645   1.27694   1.05769   0.48329   0.41498   0.51778   0.19800   2.25418   0.48147   0.20402   0.04538   0.26786   0.10439   0.21196   0.20906   0.12915   1.41394   0.18328   2.06597   0.88652   1.89777   3.24014   2.54652   0.08032  19.11380  
 78  0.0001   7438.333570  x:  4.87859   0.11452   0.06478   0.44279   0.64425   0.86621   0.57917   0.89555   0.05172   0.10520   0.25831   0.81444   0.68064   0.00000   0.32777   0.79421   1.04456   1.09645   1.27694   1.05769   0.48329   0.41498   0.51778   0.19800   2.25417   0.48147   0.20402   0.04538   0.26786   0.10439   0.21196   0.20906   0.12915   1.41394   0.18328   2.06597   0.88652   1.89777   3.24014   2.54652   0.08032  19.11376  
 79  0.0000   7438.333570  x:  4.87859   0.11452   0.06478   0.44279   0.64425   0.86621   0.57917   0.89555   0.05172   0.10520   0.25831   0.81444   0.68064   0.00000   0.32777   0.79421   1.04456   1.09645   1.27694   1.05769   0.48329   0.41498   0.51778   0.19800   2.25417   0.48147   0.20402   0.04538   0.26786   0.10439   0.21196   0.20906   0.12915   1.41394   0.18328   2.06597   0.88652   1.89777   3.24014   2.54652   0.08032  19.11376  