

TREE # 1

  0  0.0000   9225.343800  x:  0.17444   0.02804   0.07307   0.00000   0.21220   0.15259   0.14764   0.15672   0.09176   0.01488   0.10164   0.09888   0.08304   0.02822   0.03654   0.11840   0.16638   0.13073   0.17006   0.12456   0.13600   0.08105   0.05011   0.02312   0.14692   0.15208   0.08109   0.04353   0.13235   0.02986   0.05286   0.04009   0.10565   0.11049   0.05181   0.16210   0.10351   2.00000   1.39835   0.16116   0.29812   1.40136  
  1 99.0000   8118.653256  x:  0.33971   0.14939   0.13454   0.33151   0.26387   0.21928   0.20715   0.22933   0.13436   0.10731   0.15926   0.22812   0.21470   0.09944   0.16685   0.18805   0.24322   0.24495   0.25644   0.23624   0.18644   0.18061   0.21955   0.13350   0.27063   0.19711   0.10912   0.05600   0.15043   0.08418   0.12716   0.14567   0.14734   0.24575   0.15131   0.28455   0.25746   1.99210   1.43248   0.12860   0.00000   1.39990  
  2 3555.8986   7964.642344  x:  0.52217   0.28334   0.20237   0.69743   0.32092   0.29291   0.27286   0.30949   0.18138   0.20932   0.22286   0.37081   0.36003   0.17805   0.31071   0.26496   0.32807   0.37105   0.35182   0.35954   0.24212   0.29051   0.40658   0.25535   0.40721   0.24681   0.14006   0.06975   0.17039   0.14413   0.20917   0.26221   0.19336   0.39508   0.26116   0.41974   0.42741   1.98337   1.47017   0.09265   0.00097   1.39829  
  3 19481.7790   7875.028609  x:  0.62530   0.26483   0.14617   0.68359   0.31607   0.31607   0.30573   0.36057   0.11994   0.15496   0.18591   0.38861   0.36396   0.13987   0.31796   0.29504   0.38439   0.44199   0.40083   0.38537   0.22100   0.26538   0.38329   0.21755   0.47739   0.24416   0.10148   0.00000   0.13877   0.06379   0.14029   0.18604   0.17677   0.43639   0.26487   0.49537   0.47572   1.98099   1.42641   0.14168   0.00096   1.39391  
  4 396.4938   7819.551930  x:  0.76984   0.22626   0.05432   0.64644   0.30447   0.34741   0.34243   0.42207   0.02165   0.06975   0.13234   0.41121   0.36698   0.08168   0.32096   0.32891   0.45436   0.52780   0.46367   0.42245   0.20025   0.23108   0.34482   0.15459   0.57636   0.23991   0.14493   0.12381   0.14675   0.02331   0.07614   0.09132   0.13914   0.49254   0.25688   0.59498   0.53288   1.97741   1.36800   0.20838   0.00094   1.38694  
  5 809.4885   7803.870864  x:  0.81287   0.20727   0.03149   0.62074   0.29897   0.35529   0.34901   0.43624   0.00000   0.04939   0.12100   0.41533   0.36646   0.06590   0.31687   0.33515   0.47172   0.54769   0.47947   0.43461   0.20410   0.22324   0.32910   0.13592   0.60402   0.23653   0.14179   0.12482   0.15712   0.06190   0.09916   0.09702   0.12075   0.50841   0.24566   0.62181   0.54306   1.97619   1.34939   0.23006   0.00093   1.38434  
  6 412.1310   7772.292895  x:  1.01651   0.09393   0.06397   0.43999   0.27187   0.38695   0.35219   0.47467   0.06910   0.07145   0.13274   0.42806   0.37712   0.04174   0.28144   0.34289   0.52842   0.60306   0.53575   0.51391   0.30451   0.22838   0.25545   0.10647   0.72809   0.23829   0.15013   0.16052   0.18724   0.00799   0.18491   0.19081   0.00000   0.59065   0.14208   0.72894   0.55293   1.96769   1.26661   0.33100   0.00091   1.36881  
  7 271.7290   7772.292895  x:  1.01651   0.09393   0.06397   0.43999   0.27187   0.38695   0.35219   0.47467   0.06910   0.07145   0.13274   0.42806   0.37712   0.04174   0.28144   0.34289   0.52842   0.60306   0.53575   0.51391   0.30451   0.22838   0.25545   0.10647   0.72809   0.23829   0.15013   0.16052   0.18724   0.00799   0.18491   0.19081   0.00000   0.59065   0.14208   0.72894   0.55293   1.96769   1.26661   0.33100   0.00091   1.36881  
  8 218.1043   7631.615851  x:  1.01662   0.09399   0.06393   0.43993   0.27192   0.38698   0.35220   0.47469   0.06903   0.07144   0.13277   0.42808   0.37715   0.04175   0.28144   0.34289   0.52845   0.60308   0.53579   0.51395   0.30449   0.22843   0.25552   0.10650   0.72813   0.23832   0.15002   0.16026   0.18725   0.00846   0.18480   0.19070   0.00009   0.59074   0.14209   0.72901   0.55295   1.96768   1.26657   0.33106   0.06302   1.36880  
  9 24579.8405   7577.075330  x:  1.08909   0.16743   0.08852   0.44519   0.33083   0.43193   0.39125   0.51747   0.08715   0.10929   0.18591   0.47660   0.42433   0.09520   0.31772   0.37844   0.56375   0.64180   0.58382   0.56203   0.33284   0.28803   0.32538   0.15830   0.77554   0.29110   0.14771   0.09058   0.23084   0.27020   0.18073   0.18710   0.49506   0.66143   0.18334   0.78713   0.59517   1.94348   1.37794   0.22788   0.07505   1.36237  
 10 595.3411   7542.496110  x:  1.17554   0.16629   0.08230   0.44386   0.38178   0.48196   0.43283   0.56584   0.07226   0.10045   0.20527   0.52700   0.46318   0.10144   0.34698   0.41870   0.60566   0.69172   0.63904   0.60898   0.35404   0.32463   0.36925   0.16485   0.83192   0.31473   0.13408   0.00000   0.19707   0.17407   0.15329   0.15577   0.51015   0.70796   0.19829   0.85542   0.64151   1.91744   1.45218   0.16517   0.07667   1.35335  
 11 190.1324   7518.912299  x:  1.29045   0.16381   0.07362   0.44139   0.44658   0.54629   0.48544   0.62792   0.05224   0.08766   0.22878   0.59124   0.51261   0.10729   0.38412   0.47084   0.66008   0.75685   0.71064   0.66980   0.38083   0.36939   0.42368   0.17252   0.90620   0.34566   0.13381   0.04012   0.16333   0.05300   0.12444   0.12188   0.52966   0.76878   0.21708   0.94525   0.70160   1.88346   1.54887   0.08396   0.07908   1.34127  
 12 850.4389   7500.217856  x:  1.45261   0.13351   0.05217   0.42686   0.50275   0.61282   0.52832   0.68937   0.01868   0.04769   0.22984   0.65080   0.55342   0.07679   0.41311   0.52971   0.72129   0.83547   0.79152   0.73607   0.40028   0.38212   0.44995   0.16250   1.00041   0.36160   0.18673   0.04283   0.22144   0.09092   0.20922   0.21952   0.44326   0.83578   0.22331   1.06170   0.76830   1.84372   1.63955   0.01781   0.08016   1.32293  
 13 196.5924   7489.456722  x:  1.68207   0.09719   0.08388   0.38871   0.51862   0.65234   0.51434   0.71286   0.13399   0.04619   0.20793   0.66631   0.56079   0.01064   0.40763   0.57784   0.76642   0.90597   0.85879   0.79830   0.40429   0.32171   0.40657   0.16438   1.10341   0.35718   0.15816   0.05145   0.26699   0.17720   0.15726   0.15947   0.37886   0.91333   0.19312   1.19796   0.81349   1.81476   1.62496   0.07434   0.07964   1.29413  
 14 88.8383   7485.570913  x:  1.74489   0.09259   0.07810   0.37543   0.51570   0.65670   0.50269   0.71236   0.12750   0.05856   0.20263   0.66445   0.55652   0.00000   0.40190   0.58542   0.77265   0.91735   0.87253   0.81108   0.40250   0.31249   0.39870   0.16166   1.12429   0.35374   0.15013   0.05251   0.25705   0.17482   0.16552   0.16614   0.38787   0.93377   0.18196   1.23147   0.81727   1.81332   1.60318   0.11007   0.07958   1.28491  
 15 89.6154   7485.570913  x:  1.74489   0.09259   0.07810   0.37543   0.51570   0.65670   0.50269   0.71236   0.12750   0.05856   0.20263   0.66445   0.55652   0.00000   0.40190   0.58542   0.77265   0.91735   0.87253   0.81108   0.40250   0.31249   0.39870   0.16166   1.12429   0.35374   0.15013   0.05251   0.25705   0.17482   0.16552   0.16614   0.38787   0.93377   0.18196   1.23147   0.81727   1.81332   1.60318   0.11007   0.07958   1.28491  
 16 95.7282   7483.448299  x:  1.74578   0.09239   0.07762   0.37528   0.51565   0.65675   0.50256   0.71236   0.12628   0.05878   0.20260   0.66446   0.55643   0.00001   0.40181   0.58546   0.77269   0.91740   0.87273   0.81123   0.40248   0.31282   0.39893   0.16148   1.12446   0.35367   0.15008   0.05140   0.25592   0.17212   0.16557   0.16618   0.38667   0.93398   0.18172   1.23191   0.81719   1.81342   1.60257   0.11095   0.09311   1.28473  
 17 318.9438   7476.676276  x:  1.77617   0.08626   0.06270   0.37088   0.51495   0.65824   0.49808   0.71278   0.08565   0.06865   0.20330   0.66567   0.55419   0.00105   0.39859   0.58658   0.77379   0.91910   0.87950   0.81691   0.40270   0.32600   0.40820   0.15688   1.13040   0.35299   0.15256   0.01685   0.21987   0.08163   0.17010   0.17072   0.34407   0.94127   0.17253   1.24655   0.81457   1.81736   1.58403   0.13897   0.09144   1.27861  
 18 92.2188   7474.488079  x:  1.80297   0.08213   0.05624   0.36879   0.51539   0.65967   0.49465   0.71332   0.05693   0.07643   0.20433   0.66647   0.55305   0.00129   0.39602   0.58779   0.77483   0.92066   0.88512   0.82184   0.40302   0.33492   0.41474   0.15585   1.13603   0.35455   0.17215   0.04835   0.20716   0.05274   0.17453   0.17525   0.30689   0.94822   0.16481   1.25928   0.81212   1.82048   1.57263   0.15888   0.09136   1.27308  
 19 108.9704   7470.772140  x:  1.86471   0.07673   0.05317   0.36730   0.51846   0.66344   0.48797   0.71537   0.00987   0.09321   0.20822   0.66861   0.55208   0.00108   0.39075   0.59119   0.77743   0.92476   0.89773   0.83344   0.40478   0.35141   0.42735   0.15866   1.14967   0.35934   0.18642   0.04265   0.20091   0.07490   0.18410   0.18594   0.22358   0.96590   0.14831   1.28857   0.80656   1.82675   1.55108   0.20032   0.09128   1.26004  
 20 92.0434   7466.300888  x:  1.97864   0.07568   0.06296   0.36938   0.52687   0.67143   0.47788   0.72077   0.03825   0.12356   0.21688   0.67280   0.55300   0.00230   0.38203   0.59848   0.78255   0.93333   0.92067   0.85574   0.41108   0.37653   0.44723   0.17146   1.17587   0.37162   0.20305   0.03903   0.20068   0.08463   0.19076   0.19207   0.07850   1.00177   0.12222   1.34282   0.79738   1.83671   1.51736   0.27141   0.09147   1.23540  
 21 157.9959   7465.434320  x:  2.00021   0.08490   0.06362   0.37114   0.52948   0.67369   0.47804   0.72323   0.03638   0.12231   0.21703   0.67398   0.55434   0.00000   0.38121   0.60029   0.78388   0.93564   0.92530   0.85944   0.41099   0.37651   0.44834   0.17445   1.18094   0.37445   0.19956   0.04006   0.20812   0.08302   0.18769   0.18830   0.07082   1.01138   0.12428   1.35366   0.79773   1.83735   1.51461   0.28186   0.09136   1.23017  
 22 58.1909   7458.818110  x:  2.44070   0.13465   0.02725   0.40909   0.58062   0.72549   0.49783   0.78201   0.05843   0.10656   0.23124   0.70862   0.59249   0.00000   0.38005   0.64479   0.81752   0.98830   1.02399   0.93956   0.41992   0.37140   0.46546   0.20175   1.28541   0.41205   0.17627   0.05674   0.16903   0.10325   0.23761   0.25455   0.11853   1.20636   0.18237   1.57360   0.81826   1.85047   1.48949   0.47523   0.08997   1.11356  
 23 77.2002   7452.789183  x:  2.81171   0.03958   0.08334   0.43602   0.61433   0.77508   0.53050   0.83853   0.05688   0.11046   0.24775   0.74949   0.63331   0.00000   0.39438   0.69147   0.85429   1.03976   1.11016   1.00566   0.44606   0.38661   0.48575   0.19722   1.37256   0.42360   0.23756   0.03844   0.22291   0.09685   0.23048   0.25078   0.20469   1.34865   0.20072   1.75245   0.83673   1.86385   1.48666   0.63522   0.08922   1.00000  
 24 112.2926   7451.978187  x:  2.87362   0.02366   0.06449   0.43414   0.61271   0.78528   0.54174   0.84862   0.06016   0.11356   0.24912   0.76117   0.64125   0.00000   0.40126   0.70336   0.86455   1.05215   1.12333   1.01190   0.45696   0.39833   0.49297   0.18188   1.38633   0.41555   0.22931   0.04289   0.21300   0.10587   0.21393   0.21640   0.22076   1.35488   0.18430   1.77774   0.83853   1.86856   1.49279   0.66597   0.08858   1.00000  
 25 35.5837   7451.484121  x:  2.92469   0.04579   0.06895   0.42717   0.60412   0.79492   0.55493   0.85569   0.06147   0.12336   0.24805   0.77398   0.64804   0.00000   0.41198   0.71697   0.87689   1.06555   1.13229   1.01209   0.47097   0.41559   0.50072   0.16603   1.39669   0.40527   0.23364   0.04223   0.21176   0.10810   0.21803   0.20785   0.23846   1.33816   0.14949   1.79203   0.83978   1.87436   1.51388   0.68869   0.08864   1.00000  
 26 24.2392   7451.083708  x:  2.97273   0.03949   0.06157   0.41912   0.59347   0.80422   0.56687   0.85800   0.06217   0.11421   0.23772   0.78437   0.65058   0.00000   0.42040   0.73047   0.88938   1.07949   1.13645   1.00446   0.47797   0.41828   0.49918   0.16854   1.40546   0.40572   0.21367   0.04746   0.22810   0.10372   0.22340   0.22187   0.24290   1.30248   0.12115   1.79966   0.84600   1.88027   1.54503   0.71529   0.08855   1.00000  
 27 17.9938   7450.615484  x:  3.04098   0.03967   0.07603   0.41449   0.58387   0.81488   0.57652   0.85300   0.05979   0.10517   0.22651   0.79272   0.65197   0.00000   0.42697   0.74634   0.90351   1.09663   1.13622   0.98901   0.47650   0.40633   0.48814   0.19253   1.41513   0.41955   0.21062   0.04856   0.21152   0.10533   0.21057   0.21963   0.24367   1.23586   0.11633   1.80312   0.86523   1.88533   1.60086   0.76236   0.08820   1.00000  
 28 18.2421   7450.146859  x:  3.11439   0.04328   0.05604   0.41502   0.58064   0.82184   0.57749   0.84094   0.06322   0.11117   0.22999   0.79551   0.65202   0.00000   0.42416   0.75619   0.91131   1.10871   1.13013   0.97307   0.47083   0.39515   0.48232   0.19530   1.41918   0.42098   0.22706   0.04209   0.22086   0.10492   0.21919   0.21037   0.24210   1.16258   0.13993   1.80064   0.88948   1.88832   1.67121   0.82201   0.08808   1.00000  
 29 23.3895   7449.728910  x:  3.18392   0.04218   0.07082   0.42416   0.59022   0.81957   0.56673   0.82435   0.06310   0.11360   0.24387   0.78560   0.64728   0.00000   0.40547   0.75168   0.90477   1.10661   1.11676   0.96383   0.46626   0.40133   0.49429   0.17068   1.41089   0.40882   0.20694   0.04846   0.22149   0.10444   0.21214   0.21758   0.24377   1.11274   0.15962   1.78637   0.90374   1.88412   1.75085   0.90094   0.08780   1.00000  
 30 15.8468   7448.962018  x:  3.30252   0.04243   0.06488   0.42623   0.60448   0.79928   0.54808   0.80584   0.06596   0.07751   0.24991   0.75617   0.62788   0.00000   0.35790   0.72431   0.87738   1.07956   1.08820   0.96724   0.46691   0.41388   0.50221   0.17592   1.38067   0.42484   0.21535   0.04400   0.22157   0.10432   0.21614   0.20455   0.25365   1.09218   0.13330   1.73882   0.89573   1.86945   1.94139   1.06637   0.08761   1.00000  
 31 16.0991   7448.177248  x:  3.42123   0.04062   0.05313   0.40920   0.60321   0.77379   0.54171   0.80213   0.06223   0.11492   0.26539   0.73706   0.62196   0.00000   0.33209   0.70077   0.85820   1.04742   1.06792   0.97983   0.47115   0.40243   0.48051   0.18972   1.34536   0.43766   0.20664   0.04429   0.22395   0.10026   0.19654   0.20885   0.25391   1.10522   0.11564   1.68260   0.88106   1.85599   2.17959   1.24240   0.08762   1.00000  
 32 37.5029   7447.372947  x:  3.52265   0.03635   0.06724   0.37739   0.58263   0.75185   0.54741   0.81209   0.06138   0.11064   0.24794   0.73406   0.61865   0.00000   0.33832   0.68917   0.85846   1.01824   1.06349   0.98438   0.46345   0.38276   0.45152   0.17525   1.30966   0.41604   0.19520   0.04627   0.21729   0.09785   0.21944   0.19146   0.22826   1.14336   0.13122   1.62679   0.86300   1.85295   2.42582   1.43690   0.08708   1.00000  
 33 37.7647   7446.902633  x:  3.56910   0.04108   0.06025   0.36698   0.57224   0.74425   0.55041   0.81772   0.06516   0.09527   0.23205   0.73905   0.61756   0.00000   0.35290   0.68752   0.86862   1.00408   1.06692   0.97855   0.45756   0.38295   0.45153   0.16622   1.29284   0.39848   0.20719   0.04193   0.21547   0.09891   0.19677   0.20589   0.21203   1.17034   0.14637   1.59879   0.84993   1.85755   2.56832   1.55901   0.08674   1.00000  
 34 45.5262   7446.094055  x:  3.60736   0.04054   0.05639   0.40054   0.58031   0.74950   0.54491   0.81718   0.06387   0.10219   0.22757   0.76231   0.62530   0.00000   0.40000   0.69540   0.91403   0.98801   1.08585   0.94391   0.44822   0.40727   0.49770   0.20092   1.28415   0.39914   0.20048   0.04341   0.21737   0.09683   0.20472   0.20229   0.19752   1.22286   0.16990   1.56988   0.82105   1.87911   2.81839   1.81030   0.08669   1.00000  
 35 25.7663   7445.217261  x:  3.61045   0.04888   0.05398   0.43777   0.58843   0.76722   0.53610   0.81215   0.06753   0.11299   0.23265   0.77522   0.62867   0.00000   0.42744   0.69715   0.96374   0.97956   1.10564   0.91250   0.43080   0.37478   0.49355   0.20279   1.29968   0.39953   0.20378   0.04367   0.22508   0.09806   0.20695   0.20522   0.19688   1.26724   0.15547   1.57137   0.79656   1.89304   3.03091   2.14102   0.08580   1.00000  
 36 33.0410   7443.120615  x:  3.52323   0.06483   0.05084   0.48147   0.59283   0.85329   0.58708   0.85881   0.06885   0.10805   0.24517   0.77560   0.64108   0.00000   0.40284   0.67808   1.07014   1.00452   1.16182   0.97945   0.48625   0.39792   0.49324   0.17506   1.45526   0.46667   0.20208   0.04478   0.23279   0.09838   0.21372   0.21577   0.14235   1.36011   0.17569   1.73684   0.86879   1.82864   3.67371   2.91526   0.08481   1.00000  
 37 26.1552   7442.416331  x:  3.48636   0.06938   0.05283   0.43858   0.59236   0.84642   0.56275   0.86142   0.07207   0.10916   0.25056   0.79291   0.66274   0.00000   0.36935   0.68324   1.06792   1.03032   1.19124   1.03746   0.44776   0.41029   0.51354   0.20380   1.49968   0.44570   0.19810   0.04659   0.23834   0.09982   0.21329   0.21553   0.14098   1.37966   0.17425   1.83326   0.89909   1.87273   3.88674   3.16675   0.08447   1.00000  
 38 21.0628   7442.175743  x:  3.47765   0.07028   0.05246   0.44965   0.63591   0.83717   0.55355   0.86990   0.07030   0.10852   0.24002   0.79950   0.66242   0.00000   0.35866   0.70602   1.04487   1.05075   1.21286   1.04757   0.45699   0.40026   0.50437   0.20604   1.49511   0.42805   0.19900   0.04597   0.23634   0.09837   0.21304   0.21483   0.13132   1.38115   0.16794   1.89010   0.89387   1.89551   3.97881   3.23834   0.08440   1.00000  
 39  9.4379   7442.001736  x:  3.47978   0.07139   0.05360   0.43071   0.63962   0.82161   0.55197   0.87972   0.07117   0.11410   0.23347   0.78896   0.65594   0.00000   0.35568   0.73968   1.00734   1.06525   1.23699   1.02603   0.46967   0.40883   0.50364   0.20883   1.46712   0.43745   0.19824   0.04635   0.23893   0.09947   0.21328   0.21495   0.13439   1.37734   0.17930   1.94620   0.87188   1.88686   4.03152   3.30689   0.08420   1.00000  
 40  5.6089   7441.937072  x:  3.48790   0.07146   0.05434   0.43128   0.63421   0.82306   0.55820   0.88176   0.07065   0.10738   0.25086   0.79157   0.66601   0.00000   0.35207   0.75180   0.99548   1.06756   1.24406   1.01730   0.46047   0.40385   0.50706   0.20512   1.45495   0.44302   0.19903   0.04584   0.23823   0.09898   0.21304   0.21497   0.13088   1.37762   0.17766   1.96824   0.86083   1.87995   4.05992   3.32593   0.08423   1.00000  
 41  4.0413   7441.771156  x:  3.54046   0.07146   0.05630   0.45744   0.60080   0.84707   0.56832   0.85882   0.06914   0.11672   0.23086   0.79214   0.65953   0.00000   0.32869   0.77234   0.99400   1.05756   1.23246   1.01876   0.44299   0.40050   0.51126   0.19942   1.43168   0.44741   0.19865   0.04524   0.24028   0.09903   0.21133   0.21202   0.13325   1.38677   0.17732   2.01059   0.84666   1.88315   4.13479   3.38105   0.08410   1.00000  
 42  2.3187   7441.521550  x:  3.63690   0.07432   0.05987   0.46749   0.57618   0.85605   0.56263   0.83413   0.06457   0.10318   0.25485   0.79441   0.65640   0.00000   0.32330   0.78316   1.00938   1.03374   1.22499   1.02351   0.47659   0.40724   0.49055   0.21409   1.42238   0.43109   0.19699   0.04579   0.24495   0.09886   0.20873   0.20953   0.13769   1.39237   0.18563   2.04287   0.84010   1.89778   4.23892   3.48117   0.08403   1.00000  
 43  5.0941   7440.654385  x:  4.00652   0.08365   0.06764   0.43731   0.64541   0.82623   0.59097   0.88203   0.05425   0.09742   0.25788   0.76696   0.66025   0.00000   0.34924   0.77277   1.07117   0.98483   1.22351   1.04058   0.46373   0.39745   0.50892   0.22047   1.45043   0.43681   0.19554   0.04545   0.26630   0.10072   0.20201   0.19960   0.15625   1.38645   0.18713   2.07568   0.85322   1.89421   4.60169   3.85479   0.08405   1.00000  
 44  9.3213   7440.386909  x:  4.12641   0.08646   0.07036   0.43389   0.65550   0.82322   0.56215   0.88348   0.05145   0.09793   0.24148   0.81298   0.68810   0.00000   0.34217   0.75803   1.05666   1.02916   1.23203   1.03406   0.47034   0.40424   0.50176   0.20746   1.47155   0.46084   0.19570   0.04513   0.27278   0.10157   0.20065   0.19802   0.15966   1.39923   0.19058   2.05263   0.86204   1.87957   4.71468   3.97519   0.08408   1.00000  
 45  8.5281   7440.207779  x:  4.21374   0.08916   0.07186   0.44557   0.64417   0.84761   0.57632   0.90159   0.04932   0.09872   0.25133   0.80990   0.67442   0.00000   0.33672   0.75188   1.01510   1.10130   1.24755   1.03600   0.47421   0.40262   0.50907   0.21915   1.49068   0.45004   0.19689   0.04522   0.27654   0.10196   0.20103   0.19820   0.15880   1.41468   0.19333   2.01095   0.87311   1.88735   4.79009   4.06736   0.08394   1.00000  
 46  5.5853   7440.164154  x:  4.24314   0.08986   0.07102   0.44938   0.64382   0.85186   0.57115   0.89092   0.04951   0.09708   0.25225   0.79495   0.68123   0.00000   0.35220   0.76812   1.00765   1.11165   1.25444   1.05227   0.47136   0.40578   0.50727   0.21565   1.49313   0.45569   0.19765   0.04485   0.27741   0.10184   0.20161   0.19858   0.15630   1.41740   0.19079   2.00140   0.87958   1.88610   4.81457   4.09604   0.08380   1.00000  
 47  1.8522   7440.026587  x:  4.35898   0.09350   0.07153   0.44693   0.65231   0.85235   0.59519   0.89024   0.05216   0.09965   0.24862   0.81180   0.70091   0.00000   0.34343   0.80774   0.99621   1.09473   1.24351   1.06856   0.48459   0.40654   0.51822   0.21934   1.49900   0.45935   0.20331   0.04347   0.27855   0.10183   0.20672   0.20337   0.14395   1.42000   0.19196   1.99169   0.89234   1.89153   4.89818   4.21774   0.08318   1.00000  
 48  1.9256   7439.877108  x:  4.49591   0.09487   0.07280   0.43973   0.65506   0.85134   0.58085   0.89663   0.05629   0.10441   0.25957   0.82235   0.66787   0.00000   0.33264   0.82067   1.02089   1.09199   1.25495   1.05727   0.47079   0.41986   0.51159   0.21705   1.51274   0.46025   0.20870   0.04132   0.27778   0.10133   0.21030   0.20610   0.13051   1.42836   0.18537   2.00611   0.89721   1.88564   5.01703   4.33508   0.08237   1.00000  
 49  5.2047   7439.815073  x:  4.55623   0.09536   0.07327   0.43845   0.64676   0.85473   0.56770   0.90102   0.05760   0.10726   0.25373   0.80768   0.67766   0.00000   0.32701   0.79891   1.03538   1.09297   1.27278   1.04999   0.48004   0.41001   0.52286   0.21642   1.51306   0.45864   0.21118   0.04023   0.27666   0.10109   0.21200   0.20674   0.12466   1.42591   0.18383   2.01959   0.89053   1.88976   5.07273   4.38568   0.08204   1.00000  
 50  4.2389   7439.795748  x:  4.57637   0.09595   0.07282   0.44309   0.64643   0.85756   0.57239   0.90280   0.05813   0.10824   0.25129   0.80740   0.68287   0.00000   0.33018   0.78088   1.03629   1.09201   1.28189   1.05387   0.47623   0.41892   0.51522   0.21794   1.50643   0.45873   0.21118   0.04030   0.27693   0.10126   0.21246   0.20744   0.12380   1.41960   0.18550   2.02577   0.88410   1.89263   5.09075   4.40810   0.08196   1.00000  
 51  1.9506   7439.785161  x:  4.58970   0.09657   0.07253   0.44348   0.64575   0.85666   0.57469   0.89849   0.05806   0.10804   0.25194   0.81442   0.67661   0.00000   0.33913   0.77078   1.03531   1.09403   1.28224   1.06157   0.47802   0.41474   0.51981   0.21813   1.50040   0.45994   0.21082   0.04057   0.27703   0.10148   0.21255   0.20757   0.12365   1.41664   0.18575   2.03194   0.88180   1.88980   5.10647   4.42627   0.08192   1.00000  
 52  0.9332   7439.742825  x:  4.65174   0.09872   0.07056   0.44276   0.64739   0.85134   0.58296   0.88918   0.05634   0.10733   0.25397   0.81031   0.68034   0.00000   0.36026   0.75449   1.03425   1.11087   1.24628   1.05054   0.47850   0.41623   0.51864   0.21724   1.49230   0.46135   0.20890   0.04184   0.27619   0.10236   0.21262   0.20798   0.12225   1.42610   0.18187   2.05907   0.89023   1.89618   5.19544   4.51573   0.08175   1.00000  
 53  1.0567   7439.688600  x:  4.73395   0.10182   0.06702   0.44979   0.64228   0.86207   0.57047   0.90168   0.05312   0.10749   0.25149   0.80990   0.68459   0.00000   0.36461   0.76467   1.02809   1.10406   1.23249   1.05336   0.47622   0.41677   0.51755   0.22424   1.50891   0.44974   0.20474   0.04427   0.27535   0.10348   0.21209   0.20812   0.12424   1.42147   0.18258   2.07459   0.87197   1.88436   5.32115   4.64058   0.08149   1.00000  
 54  2.3719   7439.648907  x:  4.79423   0.10470   0.06551   0.45092   0.63857   0.86775   0.56858   0.90670   0.05100   0.10655   0.25492   0.81140   0.67931   0.00000   0.35539   0.77699   1.02859   1.09376   1.24518   1.05482   0.47845   0.41543   0.51770   0.21545   1.51589   0.46409   0.20079   0.04607   0.27492   0.10459   0.21116   0.20822   0.12607   1.41960   0.18491   2.07734   0.86661   1.90215   5.41765   4.73482   0.08139   1.00000  
 55  4.6104   7439.614905  x:  4.84628   0.10725   0.06327   0.45046   0.64237   0.86703   0.57836   0.89288   0.04920   0.10732   0.25444   0.81223   0.68048   0.00000   0.33282   0.79112   1.04230   1.09022   1.27690   1.05195   0.47923   0.41501   0.51830   0.21924   1.50738   0.45935   0.19827   0.04770   0.27447   0.10573   0.21091   0.20829   0.12735   1.42355   0.18135   2.07483   0.87898   1.89548   5.50172   4.82091   0.08129   1.00000  
 56  3.1696   7439.613073  x:  4.84987   0.10748   0.06325   0.45246   0.64119   0.86318   0.57807   0.89583   0.04905   0.10697   0.25515   0.81205   0.68108   0.00000   0.33035   0.79312   1.04687   1.09398   1.27601   1.05507   0.47960   0.41527   0.51824   0.21925   1.50444   0.46004   0.19844   0.04771   0.27434   0.10574   0.21098   0.20849   0.12763   1.42268   0.18197   2.07399   0.87778   1.89539   5.50897   4.82970   0.08128   1.00000  
 57  0.2823   7439.588238  x:  4.91402   0.11017   0.06445   0.45007   0.64488   0.86681   0.57462   0.90253   0.04795   0.10745   0.25571   0.81400   0.68145   0.00000   0.33268   0.79120   1.04215   1.09461   1.27801   1.05779   0.48055   0.41587   0.51884   0.21867   1.50380   0.46064   0.20477   0.04608   0.26938   0.10537   0.21223   0.20977   0.13265   1.41949   0.17952   2.07073   0.88784   1.89579   5.66349   4.98635   0.08112   1.00000  
 58  0.3079   7439.585782  x:  4.91991   0.11030   0.06472   0.44782   0.64678   0.86495   0.57827   0.89731   0.04780   0.10748   0.25572   0.81313   0.68148   0.00000   0.33155   0.79089   1.04278   1.09698   1.27782   1.05814   0.48060   0.41591   0.51870   0.21817   1.50898   0.46073   0.20529   0.04589   0.26880   0.10522   0.21231   0.20987   0.13313   1.41905   0.18098   2.06998   0.88164   1.89599   5.68106   5.00262   0.08110   1.00000  
 59  0.7958   7439.584093  x:  4.91988   0.11045   0.06447   0.45148   0.64358   0.85816   0.57953   0.89683   0.04789   0.10750   0.25494   0.81296   0.68116   0.00000   0.33255   0.79017   1.04038   1.09551   1.27907   1.05710   0.48013   0.41572   0.51859   0.21803   1.51225   0.46023   0.20507   0.04589   0.26837   0.10504   0.21226   0.20977   0.13260   1.41910   0.18074   2.06937   0.88286   1.89572   5.70359   5.02417   0.08109   1.00000  
 60  0.1451   7439.567039  x:  4.91000   0.11229   0.06273   0.44497   0.64524   0.86132   0.57746   0.89779   0.04940   0.10609   0.25310   0.81161   0.68021   0.00000   0.33306   0.78831   1.03875   1.09480   1.27406   1.05746   0.47914   0.41516   0.51706   0.21858   1.50584   0.46024   0.20185   0.04633   0.26421   0.10347   0.21200   0.20938   0.12650   1.42145   0.18541   2.05583   0.88192   1.89419   5.94878   5.26447   0.08095   1.00000  
 61  0.8706   7439.527417  x:  4.79593   0.11213   0.06396   0.45010   0.64073   0.86215   0.57684   0.89368   0.05214   0.10684   0.25432   0.81087   0.67952   0.00000   0.33431   0.78413   1.04543   1.08802   1.27278   1.05035   0.47804   0.41302   0.51644   0.21628   1.49996   0.45775   0.20179   0.04636   0.26749   0.10279   0.21266   0.20880   0.13519   1.42310   0.18589   2.05975   0.87472   1.89437   6.71243   6.02656   0.08168   1.00000  
 62  0.2304   7439.501845  x:  4.83645   0.11376   0.06325   0.44661   0.64484   0.86101   0.57827   0.89598   0.05161   0.10604   0.25438   0.81200   0.68023   0.00000   0.33230   0.79066   1.03998   1.09219   1.27372   1.05695   0.47924   0.41510   0.51729   0.21859   1.50390   0.45954   0.20396   0.04610   0.26865   0.10457   0.21098   0.20929   0.12810   1.41594   0.18077   2.05321   0.88175   1.89481   7.50522   6.81892   0.08108   1.00000  
 63  0.4136   7439.490033  x:  4.80826   0.11191   0.06429   0.44706   0.64314   0.86038   0.57584   0.89467   0.04914   0.10711   0.25394   0.80991   0.67898   0.00000   0.33316   0.78287   1.04090   1.09192   1.27045   1.05217   0.47900   0.41447   0.51691   0.21757   1.50218   0.45924   0.20200   0.04601   0.26849   0.10404   0.21208   0.20914   0.12974   1.41299   0.18072   2.05175   0.87986   1.89362   8.34910   7.66191   0.08165   1.00000  
 64  0.4707   7439.484551  x:  4.80164   0.10949   0.06415   0.44750   0.64284   0.86027   0.57698   0.89358   0.04930   0.10703   0.25456   0.81063   0.67903   0.00000   0.33252   0.78656   1.04069   1.09000   1.27099   1.05318   0.47864   0.41459   0.51695   0.21712   1.50088   0.45861   0.20342   0.04572   0.26773   0.10444   0.21127   0.20834   0.13052   1.41298   0.18122   2.04951   0.87993   1.89405   9.16979   8.48216   0.08124   1.00000  
 65  0.4617   7439.481758  x:  4.82004   0.10726   0.06401   0.44712   0.64356   0.86038   0.57665   0.89510   0.04916   0.10685   0.25413   0.81075   0.67933   0.00000   0.33274   0.78636   1.04036   1.09117   1.27216   1.05428   0.47873   0.41457   0.51706   0.21792   1.50210   0.45894   0.20296   0.04604   0.26794   0.10432   0.21179   0.20960   0.13078   1.41598   0.18211   2.05107   0.88045   1.89413   9.98395   9.29667   0.08143   1.00000  
 66  0.4697   7439.481044  x:  4.82694   0.10635   0.06409   0.44750   0.64359   0.86096   0.57692   0.89516   0.04968   0.10697   0.25426   0.81094   0.67963   0.00000   0.33293   0.78610   1.04153   1.09150   1.27258   1.05392   0.47886   0.41455   0.51717   0.21766   1.50271   0.45909   0.20289   0.04609   0.26802   0.10430   0.21170   0.20888   0.13222   1.41722   0.18228   2.05388   0.88011   1.89413  10.47946   9.79372   0.08132   1.00000  
 67  0.3791   7439.480703  x:  4.83358   0.10673   0.06417   0.44738   0.64376   0.86091   0.57725   0.89514   0.04985   0.10661   0.25439   0.81108   0.67961   0.00000   0.33252   0.78734   1.04081   1.09130   1.27248   1.05478   0.47889   0.41453   0.51697   0.21796   1.50258   0.45928   0.20295   0.04602   0.26805   0.10416   0.21162   0.20924   0.13156   1.41640   0.18216   2.05348   0.88076   1.89409  11.05390  10.36725   0.08134   1.00000  
 68  0.2221   7439.480302  x:  4.82599   0.10778   0.06406   0.44737   0.64342   0.86084   0.57676   0.89490   0.04988   0.10684   0.25423   0.81066   0.67947   0.00000   0.33282   0.78585   1.04119   1.09147   1.27211   1.05358   0.47883   0.41448   0.51706   0.21760   1.50233   0.45902   0.20278   0.04604   0.26812   0.10424   0.21166   0.20886   0.13163   1.41581   0.18204   2.05311   0.88005   1.89414  11.97211  11.28575   0.08135   1.00000  
 69  0.3632   7439.480178  x:  4.82454   0.10783   0.06410   0.44740   0.64360   0.86076   0.57707   0.89500   0.04970   0.10681   0.25431   0.81104   0.67954   0.00000   0.33282   0.78674   1.04100   1.09119   1.27224   1.05427   0.47885   0.41455   0.51704   0.21777   1.50241   0.45909   0.20298   0.04601   0.26805   0.10425   0.21166   0.20914   0.13121   1.41635   0.18206   2.05286   0.88036   1.89410  12.71862  12.03209   0.08135   1.00000  
 70  0.4315   7439.480120  x:  4.82458   0.10758   0.06406   0.44739   0.64353   0.86089   0.57685   0.89513   0.04970   0.10690   0.25424   0.81083   0.67956   0.00000   0.33280   0.78613   1.04127   1.09147   1.27252   1.05397   0.47886   0.41457   0.51713   0.21772   1.50260   0.45909   0.20288   0.04606   0.26805   0.10426   0.21170   0.20898   0.13153   1.41663   0.18209   2.05353   0.88013   1.89416  13.57024  12.88409   0.08135   1.00000  
 71  0.4293   7439.480093  x:  4.82497   0.10758   0.06410   0.44739   0.64359   0.86080   0.57701   0.89500   0.04971   0.10682   0.25430   0.81096   0.67953   0.00000   0.33277   0.78658   1.04102   1.09131   1.27226   1.05416   0.47885   0.41455   0.51705   0.21775   1.50245   0.45910   0.20293   0.04603   0.26805   0.10424   0.21167   0.20909   0.13140   1.41625   0.18205   2.05307   0.88035   1.89410  14.46108  13.77463   0.08135   1.00000  
 72  0.4652   7439.480082  x:  4.82505   0.10758   0.06407   0.44738   0.64352   0.86083   0.57689   0.89502   0.04973   0.10685   0.25426   0.81084   0.67952   0.00000   0.33279   0.78626   1.04114   1.09136   1.27231   1.05397   0.47885   0.41454   0.51708   0.21771   1.50245   0.45907   0.20289   0.04604   0.26805   0.10425   0.21167   0.20900   0.13148   1.41626   0.18207   2.05311   0.88021   1.89413  15.30293  14.61656   0.08135   1.00000  
 73  0.4824   7439.480078  x:  4.82507   0.10760   0.06409   0.44739   0.64356   0.86080   0.57697   0.89501   0.04971   0.10684   0.25428   0.81092   0.67953   0.00000   0.33280   0.78645   1.04107   1.09131   1.27227   1.05409   0.47884   0.41454   0.51706   0.21774   1.50244   0.45909   0.20292   0.04603   0.26806   0.10425   0.21167   0.20906   0.13142   1.41632   0.18207   2.05305   0.88028   1.89411  16.22522  15.53881   0.08135   1.00000  
 74  0.4766   7439.480076  x:  4.82504   0.10760   0.06408   0.44739   0.64354   0.86083   0.57692   0.89503   0.04972   0.10685   0.25427   0.81087   0.67953   0.00000   0.33279   0.78633   1.04113   1.09135   1.27233   1.05403   0.47885   0.41455   0.51708   0.21772   1.50247   0.45908   0.20290   0.04604   0.26805   0.10425   0.21168   0.20903   0.13145   1.41634   0.18207   2.05316   0.88023   1.89413  17.07894  16.39259   0.08135   1.00000  
 75  0.4926   7439.480075  x:  4.82501   0.10760   0.06409   0.44739   0.64356   0.86082   0.57695   0.89502   0.04972   0.10684   0.25428   0.81090   0.67953   0.00000   0.33279   0.78641   1.04110   1.09134   1.27230   1.05407   0.47885   0.41455   0.51707   0.21773   1.50246   0.45909   0.20291   0.04603   0.26806   0.10425   0.21167   0.20905   0.13144   1.41632   0.18207   2.05312   0.88027   1.89412  17.99209  17.30571   0.08135   1.00000  
 76  0.4828   7439.480075  x:  4.82502   0.10760   0.06408   0.44739   0.64355   0.86082   0.57693   0.89503   0.04972   0.10685   0.25427   0.81088   0.67953   0.00000   0.33279   0.78636   1.04112   1.09135   1.27232   1.05404   0.47885   0.41455   0.51708   0.21773   1.50246   0.45908   0.20291   0.04604   0.26805   0.10425   0.21167   0.20903   0.13145   1.41632   0.18207   2.05314   0.88025   1.89412  18.87566  18.18929   0.08135   1.00000  
 77  0.4964   7439.480075  x:  4.82502   0.10760   0.06408   0.44739   0.64355   0.86082   0.57694   0.89502   0.04972   0.10684   0.25428   0.81089   0.67953   0.00000   0.33279   0.78639   1.04110   1.09134   1.27231   1.05406   0.47885   0.41455   0.51707   0.21773   1.50246   0.45908   0.20291   0.04604   0.26806   0.10425   0.21167   0.20904   0.13144   1.41632   0.18207   2.05311   0.88026   1.89412  19.77339  19.08701   0.08135   1.00000  
 78  0.4904   7439.480075  x:  4.82503   0.10760   0.06408   0.44739   0.64355   0.86082   0.57694   0.89502   0.04972   0.10685   0.25427   0.81089   0.67953   0.00000   0.33279   0.78637   1.04111   1.09134   1.27231   1.05405   0.47885   0.41455   0.51708   0.21773   1.50246   0.45908   0.20291   0.04604   0.26806   0.10425   0.21167   0.20904   0.13145   1.41632   0.18207   2.05313   0.88025   1.89412  20.90524  20.21886   0.08135   1.00000  
 79  0.5679   7439.480074  x:  4.82502   0.10760   0.06408   0.44739   0.64355   0.86082   0.57694   0.89502   0.04972   0.10684   0.25427   0.81089   0.67953   0.00000   0.33279   0.78638   1.04111   1.09134   1.27231   1.05405   0.47885   0.41455   0.51707   0.21773   1.50246   0.45908   0.20291   0.04604   0.26806   0.10425   0.21167   0.20904   0.13144   1.41632   0.18207   2.05312   0.88025   1.89412  21.63999  20.95361   0.08135   1.00000  
 80  0.4874   7439.480074  x:  4.82502   0.10760   0.06408   0.44739   0.64355   0.86082   0.57694   0.89502   0.04972   0.10684   0.25427   0.81089   0.67953   0.00000   0.33279   0.78638   1.04111   1.09134   1.27231   1.05405   0.47885   0.41455   0.51708   0.21773   1.50246   0.45908   0.20291   0.04604   0.26805   0.10425   0.21167   0.20904   0.13144   1.41632   0.18207   2.05313   0.88025   1.89412  22.49764  21.81126   0.08135   1.00000  
 81  0.4239   7439.480074  x:  4.82502   0.10760   0.06408   0.44739   0.64355   0.86082   0.57694   0.89502   0.04972   0.10685   0.25427   0.81089   0.67953   0.00000   0.33279   0.78638   1.04111   1.09134   1.27231   1.05405   0.47885   0.41455   0.51708   0.21773   1.50246   0.45908   0.20291   0.04604   0.26805   0.10425   0.21167   0.20904   0.13144   1.41632   0.18207   2.05313   0.88025   1.89412  24.31601  23.62963   0.08135   1.00000  
 82  1.7573   7439.480074  x:  4.82502   0.10760   0.06408   0.44739   0.64355   0.86082   0.57694   0.89502   0.04972   0.10684   0.25427   0.81089   0.67953   0.00000   0.33279   0.78638   1.04111   1.09134   1.27231   1.05405   0.47885   0.41455   0.51708   0.21773   1.50246   0.45908   0.20291   0.04604   0.26805   0.10425   0.21167   0.20904   0.13144   1.41632   0.18207   2.05313   0.88025   1.89412  23.64509  22.95871   0.08135   1.00000  
 83  2.5715   7439.480074  x:  4.82502   0.10760   0.06408   0.44739   0.64355   0.86082   0.57694   0.89502   0.04972   0.10684   0.25427   0.81089   0.67953   0.00000   0.33279   0.78638   1.04111   1.09134   1.27231   1.05405   0.47885   0.41455   0.51708   0.21773   1.50246   0.45908   0.20291   0.04604   0.26805   0.10425   0.21167   0.20904   0.13144   1.41632   0.18207   2.05313   0.88025   1.89412  23.63461  22.94823   0.08135   1.00000  
 84 33.6286   7439.480074  x:  4.82502   0.10760   0.06408   0.44739   0.64355   0.86082   0.57694   0.89502   0.04972   0.10684   0.25427   0.81089   0.67953   0.00000   0.33279   0.78638   1.04111   1.09134   1.27231   1.05405   0.47885   0.41455   0.51708   0.21773   1.50246   0.45908   0.20291   0.04604   0.26805   0.10425   0.21167   0.20904   0.13144   1.41632   0.18207   2.05313   0.88025   1.89412  23.63461  22.94823   0.08135   1.00000  
 85 42.2389   7439.480074  x:  4.82502   0.10760   0.06408   0.44739   0.64355   0.86082   0.57694   0.89502   0.04972   0.10684   0.25427   0.81089   0.67953   0.00000   0.33279   0.78638   1.04111   1.09134   1.27231   1.05405   0.47885   0.41455   0.51708   0.21773   1.50246   0.45908   0.20291   0.04604   0.26805   0.10425   0.21167   0.20904   0.13144   1.41632   0.18207   2.05313   0.88025   1.89412  23.63461  22.94823   0.08135   1.00000  
 86  0.3272   7439.480074  x:  4.82502   0.10760   0.06408   0.44739   0.64355   0.86082   0.57694   0.89502   0.04972   0.10684   0.25427   0.81089   0.67953   0.00000   0.33279   0.78638   1.04111   1.09134   1.27231   1.05405   0.47885   0.41455   0.51708   0.21773   1.50246   0.45908   0.20291   0.04604   0.26805   0.10425   0.21167   0.20904   0.13144   1.41632   0.18207   2.05313   0.88025   1.89412  23.63461  22.94823   0.08135   1.00000  
 87  0.0026   7439.480074  x:  4.82502   0.10760   0.06408   0.44739   0.64355   0.86082   0.57694   0.89502   0.04972   0.10684   0.25427   0.81089   0.67953   0.00000   0.33279   0.78638   1.04111   1.09134   1.27231   1.05405   0.47885   0.41455   0.51708   0.21773   1.50246   0.45908   0.20291   0.04604   0.26806   0.10425   0.21167   0.20904   0.13144   1.41632   0.18207   2.05313   0.88025   1.89412  23.63461  22.94823   0.08135   1.00000  
 88  0.0009   7439.480074  x:  4.82502   0.10760   0.06408   0.44739   0.64355   0.86082   0.57694   0.89502   0.04972   0.10684   0.25427   0.81089   0.67953   0.00000   0.33279   0.78638   1.04111   1.09134   1.27231   1.05405   0.47885   0.41455   0.51707   0.21773   1.50246   0.45908   0.20291   0.04604   0.26806   0.10425   0.21167   0.20904   0.13144   1.41632   0.18207   2.05313   0.88025   1.89412  23.63461  22.94823   0.08135   1.00000  
 89  0.0004   7439.480074  x:  4.82502   0.10760   0.06408   0.44739   0.64355   0.86082   0.57694   0.89502   0.04972   0.10684   0.25427   0.81089   0.67953   0.00000   0.33279   0.78638   1.04111   1.09134   1.27231   1.05405   0.47885   0.41455   0.51707   0.21773   1.50246   0.45908   0.20291   0.04604   0.26806   0.10425   0.21167   0.20904   0.13144   1.41632   0.18207   2.05313   0.88025   1.89412  23.63461  22.94823   0.08135   1.00000  
 90  0.0004   7439.480074  x:  4.82502   0.10760   0.06408   0.44739   0.64355   0.86082   0.57694   0.89502   0.04972   0.10684   0.25427   0.81089   0.67953   0.00000   0.33279   0.78638   1.04111   1.09134   1.27231   1.05405   0.47885   0.41455   0.51707   0.21773   1.50246   0.45908   0.20291   0.04604   0.26806   0.10425   0.21167   0.20904   0.13144   1.41632   0.18207   2.05313   0.88025   1.89412  23.63461  22.94823   0.08135   1.00000  
 91  0.0003   7439.480074  x:  4.82502   0.10760   0.06408   0.44739   0.64355   0.86082   0.57694   0.89502   0.04972   0.10684   0.25427   0.81089   0.67953   0.00000   0.33279   0.78638   1.04111   1.09134   1.27231   1.05405   0.47885   0.41455   0.51707   0.21773   1.50246   0.45908   0.20291   0.04604   0.26806   0.10425   0.21167   0.20904   0.13144   1.41632   0.18207   2.05313   0.88025   1.89412  23.63461  22.94823   0.08135   1.00000  