

TREE # 1

  0  0.0000   9219.364182  x:  0.17444   0.02804   0.07307   0.00000   0.21220   0.15259   0.14764   0.15672   0.09176   0.01488   0.10164   0.09888   0.08304   0.02822   0.03654   0.11840   0.16638   0.13073   0.17006   0.12456   0.13600   0.08105   0.05011   0.02312   0.14692   0.15208   0.08109   0.04353   0.13235   0.02986   0.05286   0.04009   0.10565   0.11049   0.05181   0.16210   0.10351   2.00000   1.39835   0.16116   0.29812   1.40136  
  1 99.0000   8110.811675  x:  0.33849   0.14859   0.13412   0.32912   0.26344   0.21880   0.20673   0.22875   0.13406   0.10652   0.15874   0.22715   0.21368   0.09814   0.16529   0.18685   0.24314   0.24191   0.25592   0.23545   0.18606   0.17984   0.21830   0.13264   0.26962   0.19673   0.10913   0.05583   0.15028   0.08432   0.12830   0.14486   0.14701   0.24470   0.15057   0.28361   0.25628   1.99212   1.43183   0.12830   0.00000   1.40060  
  2 3559.5588   7958.222021  x:  0.52321   0.28430   0.20284   0.69963   0.32112   0.29334   0.27326   0.30985   0.18168   0.20968   0.22303   0.37158   0.36076   0.17686   0.31024   0.26392   0.32958   0.36711   0.35259   0.36030   0.24243   0.29106   0.40764   0.25593   0.40779   0.24699   0.14069   0.06967   0.17047   0.14561   0.21322   0.26280   0.19357   0.39581   0.26176   0.42043   0.42829   1.98324   1.46953   0.09131   0.00098   1.39974  
  3 19219.3229   7874.112933  x:  0.62471   0.26552   0.14669   0.68499   0.31589   0.31591   0.30541   0.35997   0.12034   0.15518   0.18596   0.38865   0.36391   0.13795   0.31598   0.29017   0.37986   0.43024   0.40045   0.38548   0.22104   0.26543   0.38390   0.21787   0.47678   0.24370   0.10241   0.00000   0.13871   0.06670   0.14632   0.20814   0.17676   0.43604   0.26489   0.49472   0.47549   1.98084   1.42401   0.13672   0.00097   1.39890  
  4 384.1395   7817.010015  x:  0.77718   0.22484   0.04928   0.64595   0.30318   0.34876   0.34403   0.42476   0.01598   0.06458   0.12899   0.41234   0.36657   0.07498   0.31748   0.32123   0.44603   0.51285   0.46685   0.42461   0.19839   0.22843   0.34305   0.15107   0.58113   0.23828   0.14487   0.12149   0.14501   0.01885   0.07437   0.13331   0.13686   0.49495   0.25627   0.59970   0.53576   1.97724   1.35751   0.20435   0.00095   1.39623  
  5 813.6388   7804.423926  x:  0.81128   0.21061   0.03233   0.62708   0.29900   0.35506   0.34954   0.43627   0.00000   0.04943   0.12031   0.41590   0.36645   0.06270   0.31436   0.32543   0.45818   0.52761   0.47975   0.43450   0.20112   0.22232   0.33114   0.13705   0.60322   0.23593   0.14289   0.12301   0.15330   0.05267   0.08951   0.12645   0.12291   0.50765   0.24801   0.62112   0.54439   1.97641   1.34150   0.22113   0.00095   1.39508  
  6 453.7457   7772.528826  x:  1.02033   0.09637   0.06003   0.44911   0.27015   0.38753   0.35317   0.47587   0.06756   0.07157   0.13165   0.43064   0.37760   0.03667   0.27732   0.32785   0.50538   0.58172   0.54070   0.51751   0.30460   0.22787   0.25691   0.10518   0.73142   0.23596   0.14731   0.15418   0.19515   0.00673   0.22888   0.16316   0.00000   0.59181   0.14404   0.73147   0.55692   1.96942   1.24474   0.32684   0.00092   1.38338  
  7 276.0684   7772.528826  x:  1.02033   0.09637   0.06003   0.44911   0.27015   0.38753   0.35317   0.47587   0.06756   0.07157   0.13165   0.43064   0.37760   0.03667   0.27732   0.32785   0.50538   0.58172   0.54070   0.51751   0.30460   0.22787   0.25691   0.10518   0.73142   0.23596   0.14731   0.15418   0.19515   0.00673   0.22888   0.16316   0.00000   0.59181   0.14404   0.73147   0.55692   1.96942   1.24474   0.32684   0.00092   1.38338  
  8 210.4192   7630.682007  x:  1.02044   0.09642   0.06000   0.44905   0.27020   0.38755   0.35318   0.47589   0.06751   0.07156   0.13167   0.43066   0.37763   0.03669   0.27733   0.32785   0.50540   0.58175   0.54074   0.51755   0.30458   0.22791   0.25698   0.10522   0.73146   0.23599   0.14722   0.15393   0.19514   0.00731   0.22871   0.16316   0.00009   0.59190   0.14404   0.73155   0.55694   1.96942   1.24469   0.32689   0.06289   1.38337  
  9 24137.4532   7576.927557  x:  1.08576   0.16156   0.08612   0.45305   0.32376   0.42845   0.38849   0.51446   0.08647   0.10722   0.18067   0.47406   0.42043   0.08828   0.31040   0.36127   0.54360   0.61767   0.58497   0.56112   0.33082   0.28212   0.31989   0.15352   0.77407   0.28531   0.15108   0.09545   0.23113   0.27843   0.20028   0.18939   0.44108   0.65581   0.18003   0.78381   0.59435   1.94738   1.34562   0.22970   0.07387   1.37916  
 10 607.7800   7540.133131  x:  1.17290   0.16186   0.08159   0.45071   0.37670   0.47964   0.43091   0.56341   0.07262   0.10095   0.20297   0.52504   0.46091   0.09806   0.33921   0.40241   0.59461   0.66777   0.64190   0.60890   0.35317   0.32229   0.36735   0.16358   0.83046   0.31179   0.13599   0.00000   0.19466   0.18790   0.16204   0.16344   0.45901   0.70495   0.19446   0.85238   0.64020   1.92079   1.42116   0.15929   0.07574   1.37356  
 11 196.9820   7514.223607  x:  1.29961   0.16082   0.07406   0.44638   0.44992   0.55137   0.48936   0.63191   0.05186   0.08989   0.23218   0.59583   0.51690   0.10856   0.37873   0.46036   0.66691   0.73897   0.72254   0.67632   0.38373   0.37541   0.43115   0.17626   0.91166   0.34922   0.13503   0.04797   0.15535   0.06141   0.11594   0.13345   0.48285   0.77501   0.21415   0.95102   0.70504   1.88289   1.52798   0.06021   0.07867   1.36514  
 12 816.9047   7496.702473  x:  1.45370   0.13400   0.05222   0.42957   0.50113   0.61291   0.52750   0.68799   0.01883   0.04986   0.23167   0.64938   0.55360   0.07724   0.40033   0.51368   0.73546   0.80953   0.79972   0.73738   0.39980   0.38442   0.45344   0.16751   0.99922   0.36388   0.17909   0.05016   0.23171   0.07772   0.23032   0.21547   0.41150   0.84129   0.21868   1.06067   0.76531   1.84512   1.60663  -0.00551   0.07984   1.35166  
 13 187.3422   7485.244303  x:  1.69218   0.09497   0.07590   0.38875   0.51936   0.65659   0.51669   0.71542   0.12653   0.03417   0.20504   0.66811   0.56145   0.00000   0.38781   0.56077   0.79712   0.87747   0.87582   0.80123   0.40135   0.31933   0.40695   0.15911   1.10719   0.35447   0.16113   0.05787   0.26417   0.18078   0.16282   0.18563   0.33107   0.92439   0.18838   1.20429   0.81271   1.81219   1.58430   0.04131   0.07908   1.32756  
 14 91.6915   7485.244303  x:  1.69218   0.09497   0.07590   0.38875   0.51936   0.65659   0.51669   0.71542   0.12653   0.03417   0.20504   0.66811   0.56145   0.00000   0.38781   0.56077   0.79712   0.87747   0.87582   0.80123   0.40135   0.31933   0.40695   0.15911   1.10719   0.35447   0.16113   0.05787   0.26417   0.18078   0.16282   0.18563   0.33107   0.92439   0.18838   1.20429   0.81271   1.81219   1.58430   0.04131   0.07908   1.32756  
 15 89.8869   7482.499778  x:  1.69312   0.09486   0.07547   0.38852   0.51925   0.65660   0.51646   0.71536   0.12536   0.03508   0.20503   0.66807   0.56132   0.00026   0.38768   0.56080   0.79719   0.87749   0.87604   0.80140   0.40133   0.31951   0.40703   0.15894   1.10738   0.35437   0.16064   0.05630   0.26281   0.17797   0.16304   0.18527   0.32998   0.92463   0.18811   1.20475   0.81263   1.81228   1.58350   0.04227   0.09440   1.32741  
 16 367.2115   7477.247754  x:  1.72939   0.09191   0.06058   0.37993   0.51600   0.65664   0.50766   0.71346   0.08180   0.07283   0.20720   0.66762   0.55757   0.01050   0.38229   0.56105   0.79945   0.87817   0.88459   0.80941   0.40176   0.32861   0.41216   0.15418   1.11491   0.35282   0.14646   0.00000   0.21368   0.07120   0.17528   0.17372   0.28631   0.93402   0.17639   1.22232   0.80957   1.81620   1.55517   0.07658   0.09202   1.32134  
 17 103.4729   7476.329608  x:  1.73643   0.09135   0.05796   0.37835   0.51543   0.65667   0.50600   0.71311   0.07362   0.07951   0.20754   0.66751   0.55686   0.01215   0.38123   0.56111   0.79990   0.87831   0.88622   0.81092   0.40180   0.33030   0.41313   0.15340   1.11640   0.35273   0.14558   0.00512   0.20531   0.05358   0.17752   0.17188   0.27787   0.93587   0.17415   1.22572   0.80898   1.81696   1.54995   0.08297   0.09176   1.32015  
 18 313.7098   7471.917745  x:  1.79828   0.08751   0.04691   0.36851   0.51274   0.65761   0.49303   0.71085   0.01483   0.11431   0.20776   0.66602   0.55149   0.01451   0.37154   0.56196   0.80390   0.87982   0.89983   0.82226   0.40108   0.34194   0.42069   0.15220   1.13027   0.35527   0.18939   0.00430   0.18061   0.06688   0.19275   0.17574   0.20507   0.95339   0.15553   1.25546   0.80350   1.82312   1.51460   0.12909   0.09145   1.30909  
 19 80.8522   7467.056128  x:  1.92513   0.09260   0.06908   0.36168   0.51548   0.66299   0.47305   0.71092   0.05380   0.16481   0.20995   0.66477   0.54637   0.01257   0.35367   0.56612   0.81337   0.88533   0.92719   0.84544   0.40809   0.36071   0.43562   0.17046   1.16092   0.37148   0.20603   0.00438   0.19676   0.07273   0.19748   0.17711   0.07200   0.99569   0.12526   1.31685   0.79423   1.83274   1.45805   0.20823   0.09151   1.28569  
 20 91.7049   7464.413305  x:  2.00221   0.11242   0.06167   0.36446   0.52297   0.67048   0.47105   0.71810   0.03908   0.16038   0.20660   0.66831   0.54779   0.00000   0.34647   0.57055   0.82157   0.89138   0.94607   0.85711   0.40731   0.36349   0.44231   0.17783   1.17965   0.38137   0.18260   0.00544   0.22114   0.07690   0.18926   0.18016   0.05205   1.02900   0.12977   1.35643   0.79548   1.83541   1.43727   0.24387   0.09102   1.26992  
 21 63.0437   7455.788384  x:  2.60263   0.21610   0.06231   0.41749   0.59702   0.74137   0.48892   0.79338   0.07512   0.13208   0.21873   0.71607   0.58979   0.00000   0.32338   0.61962   0.89911   0.94798   1.10163   0.96350   0.42362   0.38177   0.48554   0.22862   1.32797   0.44442   0.24382   0.00363   0.19013   0.07533   0.21507   0.20756   0.15312   1.29130   0.19389   1.66128   0.82269   1.85270   1.34276   0.46146   0.08961   1.13699  
 22 92.2403   7451.295982  x:  2.88712   0.11119   0.03316   0.44216   0.62334   0.79098   0.54303   0.85284   0.07921   0.13990   0.26339   0.77237   0.64314   0.00000   0.35189   0.66854   0.96026   0.99291   1.18395   1.01830   0.46342   0.40336   0.50269   0.18919   1.39587   0.42580   0.24622   0.00418   0.23437   0.08091   0.24554   0.15804   0.18958   1.37822   0.19301   1.79784   0.83972   1.86829   1.35072   0.52464   0.08911   1.05464  
 23 66.3000   7449.683016  x:  2.99647   0.04980   0.06810   0.44873   0.62879   0.81121   0.56804   0.87593   0.06825   0.13417   0.27234   0.79429   0.66340   0.00000   0.36843   0.69253   0.98786   1.01392   1.21402   1.03564   0.47747   0.40797   0.50407   0.17347   1.42043   0.41732   0.22717   0.00545   0.22946   0.08554   0.23658   0.19199   0.20107   1.39958   0.18465   1.84656   0.84701   1.87525   1.35839   0.54881   0.08874   1.01511  
 24 75.6080   7449.368468  x:  3.01404   0.05040   0.07318   0.44553   0.62421   0.81439   0.57330   0.87780   0.06685   0.12822   0.26711   0.79667   0.66491   0.00000   0.37383   0.70022   0.99494   1.02005   1.21572   1.03477   0.47822   0.40566   0.49995   0.17381   1.42278   0.41592   0.23063   0.00524   0.22802   0.08484   0.22447   0.18519   0.20240   1.39032   0.17668   1.85018   0.84899   1.87790   1.36297   0.55430   0.08857   1.00000  
 25 15.4603   7448.885200  x:  3.07687   0.06806   0.06385   0.43011   0.60227   0.82384   0.58901   0.87773   0.07157   0.11570   0.24716   0.80197   0.66778   0.00000   0.39276   0.73039   1.02092   1.04332   1.21395   1.02548   0.48004   0.39817   0.48608   0.17953   1.42726   0.41295   0.22817   0.00549   0.22869   0.08509   0.23859   0.19662   0.20710   1.33528   0.14737   1.85495   0.85954   1.88933   1.39113   0.57188   0.08842   1.00000  
 26 17.8406   7448.502722  x:  3.14289   0.06188   0.06049   0.43180   0.59701   0.82614   0.58390   0.85966   0.07122   0.12905   0.24583   0.79520   0.66653   0.00000   0.39148   0.74790   1.03170   1.05531   1.19666   1.00813   0.47545   0.40331   0.49657   0.19920   1.42351   0.42670   0.21646   0.00655   0.22359   0.09564   0.23347   0.19108   0.22091   1.26443   0.16335   1.84833   0.88081   1.89320   1.42743   0.60074   0.08825   1.00000  
 27 10.4154   7448.293940  x:  3.18293   0.05771   0.06286   0.43672   0.59888   0.82608   0.57894   0.84838   0.06885   0.12558   0.24799   0.79013   0.66461   0.00000   0.38420   0.75259   1.03178   1.05783   1.18379   0.99774   0.47145   0.40387   0.50178   0.19908   1.41832   0.42819   0.22790   0.00579   0.24044   0.08764   0.22992   0.19821   0.22745   1.22477   0.17363   1.84098   0.89098   1.89262   1.45156   0.62176   0.08830   1.00000  
 28 19.3927   7448.033108  x:  3.23682   0.06138   0.06751   0.44619   0.60829   0.82305   0.57407   0.83800   0.07210   0.10474   0.25970   0.78532   0.66212   0.00000   0.36527   0.74757   1.01907   1.05179   1.16430   0.98849   0.46864   0.39776   0.49993   0.17403   1.40612   0.41684   0.22304   0.00641   0.23547   0.09204   0.23287   0.19355   0.22887   1.18499   0.17625   1.82371   0.89494   1.88619   1.48856   0.65948   0.08801   1.00000  
 29 12.1942   7447.668062  x:  3.31853   0.07365   0.06558   0.44231   0.61463   0.81053   0.57926   0.84004   0.06605   0.10292   0.28274   0.78453   0.66052   0.00000   0.34360   0.72840   0.98498   1.03030   1.13971   0.99336   0.48236   0.39333   0.48303   0.17563   1.38450   0.42678   0.22154   0.00673   0.23445   0.09384   0.21938   0.19780   0.22770   1.16910   0.16135   1.78463   0.88371   1.86967   1.59592   0.70005   0.08830   1.00000  
 30  9.3765   7447.360788  x:  3.38114   0.05454   0.06312   0.42210   0.60597   0.79473   0.57722   0.84039   0.06585   0.08186   0.26842   0.77543   0.64654   0.00000   0.33477   0.71311   0.95612   1.01236   1.12336   0.99644   0.48046   0.38977   0.47108   0.18878   1.36465   0.43486   0.21980   0.00688   0.23456   0.09459   0.22352   0.19197   0.23008   1.17709   0.16019   1.74840   0.87152   1.86372   1.68065   0.75496   0.08810   1.00000  
 31 15.9830   7447.029295  x:  3.44282   0.05575   0.06458   0.39719   0.59108   0.77696   0.56909   0.83785   0.06924   0.09924   0.24774   0.76405   0.63498   0.00000   0.34895   0.70521   0.93445   1.00022   1.11411   0.99496   0.46760   0.39000   0.47056   0.17491   1.34102   0.41356   0.21636   0.00781   0.24070   0.10011   0.21512   0.19303   0.24171   1.20244   0.16990   1.70677   0.85678   1.86862   1.77949   0.83382   0.08777   1.00000  
 32 15.5479   7446.562042  x:  3.50371   0.06557   0.07150   0.42501   0.60566   0.77313   0.55486   0.82898   0.06345   0.08724   0.24343   0.76265   0.64593   0.00000   0.39778   0.70888   0.93754   1.00492   1.11847   0.96694   0.44356   0.38458   0.49271   0.19050   1.32387   0.40224   0.21822   0.00815   0.23826   0.09985   0.21966   0.18917   0.21857   1.24993   0.17943   1.66009   0.83209   1.88738   1.94366   0.97010   0.08764   1.00000  
 33 10.6160   7446.334839  x:  3.52414   0.06102   0.05209   0.43763   0.60893   0.77570   0.55199   0.82642   0.06948   0.08492   0.24601   0.76267   0.64958   0.00000   0.41140   0.70845   0.94272   1.00952   1.11869   0.95433   0.44154   0.37526   0.49051   0.19448   1.32369   0.40336   0.22038   0.00835   0.23424   0.10081   0.20708   0.19904   0.21249   1.26808   0.18129   1.64777   0.82398   1.89041   2.01063   1.05328   0.08730   1.00000  
 34 20.3730   7445.616729  x:  3.57156   0.06461   0.06521   0.46542   0.60347   0.79408   0.55960   0.82885   0.06005   0.10250   0.25756   0.76436   0.65492   0.00000   0.42815   0.69984   0.96740   1.02949   1.11438   0.92909   0.46149   0.35568   0.46415   0.20374   1.34641   0.42950   0.21983   0.00925   0.25006   0.10440   0.21615   0.19710   0.21722   1.31363   0.17938   1.63846   0.81510   1.87560   2.22551   1.36014   0.08651   1.00000  
 35 25.0095   7444.385946  x:  3.64232   0.08715   0.06645   0.48389   0.58332   0.83023   0.58759   0.84983   0.05714   0.08916   0.25155   0.77730   0.65206   0.00000   0.42346   0.67988   1.01030   1.06557   1.10917   0.93551   0.50207   0.42692   0.50431   0.19767   1.41097   0.46125   0.22413   0.01034   0.25415   0.10711   0.20986   0.20778   0.19901   1.37420   0.17995   1.66905   0.83269   1.84019   2.64669   1.88490   0.08555   1.00000  
 36 46.6134   7442.798618  x:  3.72771   0.10814   0.07189   0.46889   0.59411   0.85745   0.59402   0.87742   0.05620   0.09219   0.24788   0.80938   0.66289   0.00000   0.38135   0.66373   1.04547   1.10224   1.13292   1.04314   0.45095   0.39291   0.51239   0.20521   1.50797   0.47033   0.23066   0.01146   0.25196   0.10688   0.20556   0.21490   0.13774   1.41715   0.22027   1.78955   0.91278   1.84514   3.23362   2.51084   0.08414   1.00000  
 37 41.8934   7442.081000  x:  3.77389   0.10741   0.07269   0.45921   0.64615   0.84363   0.54369   0.86789   0.05020   0.09596   0.24433   0.80078   0.65780   0.00000   0.35391   0.68175   1.03109   1.09271   1.18333   1.07904   0.46302   0.40545   0.51548   0.22582   1.52391   0.45822   0.22337   0.01246   0.25989   0.10815   0.20074   0.21641   0.15219   1.41326   0.17153   1.89029   0.91209   1.89968   3.49570   2.79706   0.08355   1.00000  
 38 21.2357   7441.642203  x:  3.82794   0.11237   0.07352   0.43336   0.66383   0.82912   0.54549   0.88808   0.05090   0.09803   0.24174   0.76918   0.66522   0.00000   0.34108   0.73347   1.00119   1.06393   1.25082   1.03590   0.47868   0.40829   0.50380   0.22757   1.49390   0.45629   0.22529   0.01257   0.25429   0.10524   0.20163   0.21625   0.12984   1.39897   0.19731   1.99753   0.88468   1.88168   3.67917   2.96954   0.08296   1.00000  
 39 10.4005   7441.523706  x:  3.85774   0.11020   0.07383   0.43275   0.64738   0.82950   0.55214   0.88395   0.05197   0.10383   0.24593   0.78687   0.66437   0.00000   0.31969   0.75122   0.99820   1.05581   1.25665   1.02153   0.45586   0.40412   0.51795   0.22405   1.47348   0.46753   0.22451   0.01255   0.25426   0.10404   0.20194   0.21554   0.13163   1.39951   0.18828   2.02725   0.85880   1.87988   3.73261   3.02056   0.08283   1.00000  
 40  5.0876   7441.448197  x:  3.89294   0.10958   0.07348   0.45058   0.63390   0.83539   0.55248   0.86870   0.05122   0.10885   0.23553   0.79497   0.65110   0.00000   0.30588   0.76441   1.00654   1.05359   1.25065   1.02517   0.46423   0.40314   0.51200   0.21974   1.45771   0.46741   0.22399   0.01254   0.25198   0.10259   0.20269   0.21421   0.12522   1.40509   0.19395   2.04105   0.84759   1.88509   3.77908   3.05161   0.08268   1.00000  
 41  3.6073   7441.366750  x:  3.94716   0.10994   0.07365   0.45137   0.61097   0.83677   0.55187   0.85404   0.04985   0.10410   0.25509   0.78361   0.65764   0.00000   0.30620   0.76910   1.01738   1.04899   1.24496   1.03631   0.46635   0.40945   0.50677   0.22701   1.44869   0.45735   0.22234   0.01264   0.25110   0.10066   0.20362   0.21394   0.12117   1.40871   0.19536   2.04104   0.84787   1.89010   3.82752   3.10070   0.08257   1.00000  
 42  3.1797   7441.172452  x:  4.09433   0.10583   0.06918   0.45810   0.62598   0.83811   0.57306   0.86511   0.04889   0.11791   0.24447   0.75660   0.66758   0.00000   0.32067   0.75851   1.03041   1.04030   1.23268   1.04925   0.45887   0.40821   0.51713   0.22810   1.45067   0.45604   0.21929   0.01292   0.25086   0.09716   0.20790   0.21230   0.11525   1.40270   0.17392   2.01858   0.86400   1.88759   3.94861   3.23145   0.08239   1.00000  
 43  4.8016   7440.965867  x:  4.25041   0.10561   0.06799   0.43469   0.64184   0.82883   0.55571   0.87483   0.04921   0.12190   0.24359   0.80072   0.66968   0.00000   0.34783   0.74155   1.03139   1.04391   1.23700   1.04059   0.47097   0.41182   0.51648   0.22004   1.47137   0.46509   0.21776   0.01321   0.25036   0.09408   0.21216   0.21083   0.10627   1.39173   0.17324   1.98915   0.88487   1.88859   4.08363   3.37627   0.08231   1.00000  
 44  8.8432   7440.821885  x:  4.33046   0.10439   0.06782   0.43119   0.64149   0.84992   0.55720   0.89392   0.04849   0.12393   0.25816   0.79984   0.64067   0.00000   0.33569   0.74141   1.01836   1.08799   1.25720   1.03056   0.46918   0.41186   0.51693   0.22867   1.49764   0.44730   0.21651   0.01406   0.25289   0.09608   0.21347   0.20920   0.10741   1.38908   0.17458   1.98120   0.87498   1.89513   4.19110   3.47778   0.08227   1.00000  
 45  2.9394   7440.579274  x:  4.44246   0.10241   0.06582   0.43658   0.62979   0.87251   0.54563   0.89056   0.04816   0.12255   0.24196   0.79369   0.68889   0.00000   0.31653   0.76160   1.00124   1.13891   1.28826   1.04345   0.47667   0.41244   0.51634   0.21449   1.51642   0.45778   0.21595   0.01555   0.26031   0.10228   0.21506   0.20657   0.11337   1.39185   0.17252   1.98532   0.86568   1.89047   4.37603   3.66042   0.08236   1.00000  
 46  5.9953   7440.291650  x:  4.55753   0.10675   0.06477   0.44858   0.63940   0.86083   0.59026   0.89652   0.04865   0.11354   0.25394   0.81789   0.68523   0.00000   0.33358   0.81119   1.01438   1.12178   1.29979   1.07255   0.47857   0.42523   0.50973   0.21020   1.49549   0.46936   0.21728   0.01765   0.27321   0.11240   0.21648   0.20678   0.12061   1.39659   0.17599   2.01307   0.88824   1.90580   4.58239   3.90637   0.08252   1.00000  
 47  6.9628   7440.221488  x:  4.58704   0.10583   0.06472   0.44266   0.64015   0.85686   0.58798   0.89528   0.04799   0.11151   0.25466   0.82108   0.68305   0.00000   0.33350   0.81458   1.03737   1.10512   1.28929   1.06409   0.49047   0.40919   0.52463   0.21608   1.49795   0.45620   0.21706   0.01831   0.27561   0.11490   0.21646   0.20572   0.12397   1.40494   0.16933   2.03174   0.89662   1.89449   4.64274   3.96297   0.08249   1.00000  
 48  4.5209   7440.192856  x:  4.60239   0.10470   0.06450   0.44000   0.64257   0.85993   0.58271   0.89715   0.04868   0.11161   0.25391   0.81793   0.68410   0.00000   0.33285   0.80509   1.05562   1.09271   1.27961   1.05125   0.48219   0.41671   0.51426   0.21318   1.50479   0.45560   0.21671   0.01855   0.27606   0.11568   0.21601   0.20486   0.12486   1.40901   0.16775   2.04550   0.89584   1.89684   4.67685   3.98633   0.08245   1.00000  
 49  2.2894   7440.177657  x:  4.61614   0.10543   0.06488   0.43970   0.63890   0.86537   0.58196   0.90029   0.04883   0.11043   0.25399   0.81509   0.68352   0.00000   0.34155   0.78962   1.06028   1.08512   1.27677   1.05354   0.48484   0.41304   0.51756   0.21023   1.50673   0.45970   0.21664   0.01870   0.27626   0.11591   0.21566   0.20475   0.12518   1.40237   0.17325   2.05489   0.88264   1.90417   4.70237   4.01045   0.08240   1.00000  
 50  1.0400   7440.158751  x:  4.63986   0.10531   0.06407   0.44438   0.63904   0.86683   0.58031   0.89755   0.04904   0.11073   0.25126   0.81870   0.68290   0.00000   0.35261   0.77545   1.05728   1.08690   1.27307   1.05864   0.48063   0.41601   0.51455   0.21580   1.50302   0.45339   0.21607   0.01906   0.27684   0.11622   0.21518   0.20501   0.12638   1.39661   0.17481   2.06645   0.87315   1.89327   4.74226   4.05269   0.08228   1.00000  
 51  1.3743   7440.075347  x:  4.75905   0.10673   0.06363   0.44765   0.63690   0.85155   0.58582   0.89107   0.04969   0.10794   0.25389   0.81274   0.68304   0.00000   0.36334   0.74859   1.02927   1.11969   1.24551   1.04569   0.48257   0.41414   0.51626   0.21522   1.48316   0.45807   0.21599   0.02028   0.27608   0.11515   0.21302   0.20555   0.12464   1.40649   0.17568   2.10134   0.88656   1.90048   4.94770   4.25650   0.08177   1.00000  
 52  2.6761   7439.975467  x:  4.90840   0.10886   0.06280   0.43824   0.65030   0.85935   0.57018   0.89036   0.05032   0.10338   0.26214   0.80200   0.67260   0.00000   0.35198   0.78965   1.02345   1.11183   1.23641   1.05680   0.47797   0.41329   0.51866   0.20791   1.50063   0.47176   0.21509   0.02180   0.27585   0.11343   0.21037   0.20678   0.12465   1.41397   0.18425   2.09031   0.87592   1.88872   5.20756   4.51833   0.08104   1.00000  
 53  4.2585   7439.930552  x:  4.97542   0.11099   0.06293   0.43993   0.65112   0.86491   0.57398   0.89652   0.05032   0.10442   0.25662   0.80849   0.68261   0.00000   0.32936   0.79943   1.02234   1.09630   1.24484   1.05457   0.48037   0.41540   0.51815   0.21814   1.50721   0.46116   0.21500   0.02264   0.27570   0.11298   0.20941   0.20789   0.12443   1.41362   0.19266   2.07658   0.87485   1.89574   5.32194   4.64161   0.08071   1.00000  
 54  7.4695   7439.908016  x:  5.00991   0.11144   0.06254   0.44750   0.64365   0.86261   0.57280   0.89391   0.05098   0.10480   0.25576   0.80712   0.67709   0.00000   0.31786   0.79263   1.03290   1.08732   1.27648   1.05336   0.47838   0.41445   0.51893   0.21647   1.50441   0.46417   0.21452   0.02306   0.27571   0.11279   0.20856   0.20816   0.12520   1.41271   0.19023   2.06604   0.88519   1.89236   5.38573   4.70358   0.08056   1.00000  
 55  2.5340   7439.902464  x:  5.01805   0.11166   0.06272   0.44278   0.64930   0.85735   0.57560   0.89262   0.05113   0.10450   0.25612   0.80714   0.67809   0.00000   0.31322   0.79013   1.04301   1.09315   1.28019   1.05546   0.47944   0.41484   0.51884   0.21677   1.49988   0.46462   0.21462   0.02321   0.27546   0.11261   0.20880   0.20833   0.12533   1.41279   0.19233   2.06373   0.88046   1.89223   5.40574   4.72455   0.08055   1.00000  
 56  0.4717   7439.796991  x:  5.17261   0.11179   0.06430   0.44017   0.65301   0.88722   0.57983   0.89678   0.05171   0.10592   0.25583   0.81571   0.68374   0.00000   0.33521   0.79046   1.05083   1.09782   1.28497   1.05940   0.48275   0.41602   0.52135   0.22242   1.49614   0.46551   0.21426   0.02706   0.26985   0.10820   0.21562   0.21030   0.13282   1.43122   0.17927   2.07507   0.88363   1.89974   5.85662   5.18289   0.08057   1.00000  
 57  0.7118   7439.782760  x:  5.19072   0.11148   0.06435   0.45067   0.64589   0.86776   0.57979   0.90319   0.05143   0.10611   0.25509   0.81548   0.68479   0.00000   0.33771   0.79333   1.05170   1.09887   1.28365   1.06028   0.48236   0.41620   0.52106   0.22239   1.50894   0.46458   0.21394   0.02759   0.26915   0.10755   0.21638   0.21041   0.13400   1.43116   0.17866   2.07756   0.87843   1.90050   5.91721   5.24292   0.08056   1.00000  
 58  2.4417   7439.775183  x:  5.18475   0.11126   0.06458   0.44882   0.64788   0.86529   0.58945   0.88899   0.05139   0.10619   0.25461   0.81538   0.68435   0.00000   0.33854   0.79266   1.04859   1.09671   1.28582   1.05804   0.48218   0.41557   0.52102   0.22145   1.51903   0.46389   0.21384   0.02797   0.26874   0.10739   0.21613   0.21020   0.13415   1.43222   0.17939   2.07900   0.87675   1.90060   5.95152   5.27533   0.08055   1.00000  
 59  0.2614   7439.613630  x:  4.98510   0.10870   0.06813   0.45053   0.65092   0.86551   0.58173   0.90326   0.04973   0.10414   0.25734   0.81847   0.68645   0.00000   0.32689   0.80174   1.05403   1.09731   1.28576   1.06079   0.48119   0.41303   0.51763   0.21619   1.51734   0.45743   0.21380   0.03682   0.26249   0.10627   0.20891   0.20849   0.13716   1.43879   0.19318   2.09909   0.89224   1.89010   6.68281   6.01082   0.08025   1.00000  
 60  1.3131   7439.509206  x:  4.79729   0.10399   0.06300   0.44572   0.64613   0.86219   0.57646   0.89711   0.04858   0.10696   0.25520   0.81136   0.67889   0.00000   0.32745   0.78837   1.03987   1.08870   1.28038   1.06047   0.47891   0.41603   0.51901   0.21683   1.50555   0.45994   0.20603   0.04312   0.26584   0.10469   0.21392   0.20949   0.13942   1.41672   0.18298   2.07050   0.87929   1.89748   7.18428   6.50004   0.08158   1.00000  
 61  0.3388   7439.489661  x:  4.83043   0.10595   0.06365   0.44832   0.64256   0.86124   0.57711   0.89488   0.04844   0.10679   0.25376   0.81074   0.67994   0.00000   0.33412   0.78599   1.04205   1.09238   1.27231   1.05349   0.47844   0.41461   0.51745   0.21845   1.50225   0.45881   0.20284   0.04622   0.26767   0.10398   0.21139   0.20902   0.13161   1.41709   0.18160   2.05068   0.87937   1.89411   7.49658   6.80969   0.08127   1.00000  
 62  0.2568   7439.488301  x:  4.82985   0.10736   0.06398   0.44735   0.64376   0.86058   0.57684   0.89495   0.04967   0.10688   0.25438   0.81090   0.67943   0.00000   0.33271   0.78643   1.04094   1.09109   1.27200   1.05376   0.47890   0.41451   0.51695   0.21759   1.50237   0.45895   0.20254   0.04690   0.26800   0.10419   0.21173   0.20909   0.13137   1.41648   0.18246   2.05276   0.88060   1.89392   7.56965   6.88359   0.08135   1.00000  
 63  0.0760   7439.488158  x:  4.82936   0.10779   0.06416   0.44741   0.64364   0.86110   0.57702   0.89524   0.04971   0.10689   0.25429   0.81104   0.67962   0.00000   0.33269   0.78660   1.04120   1.09162   1.27287   1.05454   0.47886   0.41467   0.51715   0.21784   1.50291   0.45925   0.20241   0.04698   0.26809   0.10415   0.21164   0.20914   0.13143   1.41663   0.18188   2.05434   0.88015   1.89434   7.59081   6.90489   0.08133   1.00000  
 64  0.0172   7439.487742  x:  4.82808   0.10829   0.06391   0.44789   0.64352   0.86138   0.57704   0.89542   0.04986   0.10694   0.25405   0.81117   0.67991   0.00000   0.33229   0.78716   1.04234   1.09193   1.27351   1.05423   0.47890   0.41475   0.51734   0.21820   1.50369   0.45916   0.20231   0.04684   0.26826   0.10399   0.21177   0.20911   0.13113   1.41725   0.18232   2.05546   0.88054   1.89391   7.65061   6.96534   0.08135   1.00000  
 65  0.0106   7439.486379  x:  4.81986   0.10947   0.06321   0.44834   0.64372   0.86140   0.57699   0.89550   0.05014   0.10678   0.25388   0.81128   0.68004   0.00000   0.33201   0.78767   1.04340   1.09171   1.27375   1.05331   0.47901   0.41481   0.51754   0.21856   1.50414   0.45904   0.20214   0.04608   0.26890   0.10350   0.21183   0.20881   0.13054   1.41785   0.18305   2.05621   0.88112   1.89341   8.04152   7.35637   0.08139   1.00000  
 66  0.1519   7439.482483  x:  4.82053   0.10750   0.06440   0.44659   0.64345   0.85987   0.57688   0.89456   0.04978   0.10658   0.25460   0.81058   0.67901   0.00000   0.33414   0.78473   1.03887   1.09051   1.27039   1.05416   0.47852   0.41406   0.51648   0.21684   1.50033   0.45890   0.20320   0.04584   0.26814   0.10418   0.21149   0.20873   0.13159   1.41521   0.18121   2.04929   0.87921   1.89475   8.98000   8.29167   0.08134   1.00000  
 67  0.2302   7439.481015  x:  4.82303   0.10791   0.06397   0.44784   0.64338   0.86116   0.57690   0.89508   0.04982   0.10701   0.25399   0.81087   0.67975   0.00000   0.33204   0.78708   1.04228   1.09159   1.27296   1.05362   0.47900   0.41469   0.51728   0.21821   1.50328   0.45897   0.20288   0.04585   0.26803   0.10426   0.21176   0.20917   0.13120   1.41667   0.18242   2.05390   0.88073   1.89356   9.87591   9.19011   0.08137   1.00000  
 68  0.4690   7439.480467  x:  4.82710   0.10728   0.06424   0.44714   0.64363   0.86065   0.57696   0.89498   0.04965   0.10677   0.25446   0.81090   0.67939   0.00000   0.33317   0.78605   1.04044   1.09130   1.27195   1.05435   0.47881   0.41453   0.51698   0.21749   1.50207   0.45926   0.20288   0.04620   0.26795   0.10437   0.21161   0.20908   0.13156   1.41590   0.18182   2.05283   0.88003   1.89447  10.78750  10.10095   0.08133   1.00000  
 69  0.4881   7439.480241  x:  4.82520   0.10765   0.06396   0.44753   0.64358   0.86099   0.57695   0.89511   0.04971   0.10688   0.25419   0.81096   0.67966   0.00000   0.33252   0.78666   1.04156   1.09143   1.27269   1.05398   0.47888   0.41459   0.51718   0.21788   1.50283   0.45903   0.20290   0.04598   0.26811   0.10418   0.21171   0.20902   0.13145   1.41666   0.18229   2.05377   0.88045   1.89396  11.59487  10.90873   0.08135   1.00000  
 70  0.4568   7439.480141  x:  4.82505   0.10755   0.06414   0.44729   0.64355   0.86069   0.57694   0.89498   0.04972   0.10681   0.25433   0.81085   0.67945   0.00000   0.33300   0.78617   1.04077   1.09128   1.27208   1.05414   0.47881   0.41451   0.51700   0.21761   1.50221   0.45911   0.20291   0.04610   0.26806   0.10426   0.21165   0.20903   0.13146   1.41619   0.18192   2.05274   0.88009   1.89426  12.56656  11.88003   0.08134   1.00000  
 71  0.4883   7439.480102  x:  4.82477   0.10765   0.06405   0.44744   0.64354   0.86087   0.57693   0.89503   0.04972   0.10686   0.25424   0.81090   0.67956   0.00000   0.33269   0.78647   1.04127   1.09136   1.27240   1.05398   0.47886   0.41456   0.51710   0.21779   1.50256   0.45906   0.20292   0.04599   0.26805   0.10424   0.21168   0.20904   0.13143   1.41638   0.18214   2.05323   0.88032   1.89404  13.36615  12.67981   0.08135   1.00000  
 72  0.4853   7439.480086  x:  4.82510   0.10758   0.06411   0.44735   0.64355   0.86077   0.57694   0.89500   0.04972   0.10683   0.25430   0.81088   0.67950   0.00000   0.33287   0.78631   1.04099   1.09133   1.27222   1.05409   0.47884   0.41454   0.51705   0.21768   1.50238   0.45911   0.20290   0.04606   0.26804   0.10427   0.21167   0.20904   0.13144   1.41623   0.18200   2.05300   0.88020   1.89417  14.35701  13.67059   0.08135   1.00000  
 73  0.4867   7439.480079  x:  4.82502   0.10761   0.06407   0.44741   0.64355   0.86085   0.57694   0.89503   0.04971   0.10685   0.25426   0.81090   0.67955   0.00000   0.33275   0.78642   1.04117   1.09135   1.27236   1.05403   0.47886   0.41455   0.51709   0.21775   1.50250   0.45907   0.20291   0.04602   0.26806   0.10424   0.21167   0.20904   0.13144   1.41635   0.18210   2.05320   0.88028   1.89409  15.15343  14.46707   0.08135   1.00000  
 74  0.4901   7439.480076  x:  4.82505   0.10758   0.06409   0.44738   0.64355   0.86080   0.57694   0.89502   0.04972   0.10684   0.25428   0.81089   0.67952   0.00000   0.33283   0.78635   1.04106   1.09134   1.27228   1.05407   0.47884   0.41454   0.51707   0.21771   1.50243   0.45909   0.20291   0.04605   0.26806   0.10425   0.21168   0.20904   0.13145   1.41631   0.18205   2.05309   0.88023   1.89414  16.15781  15.47143   0.08135   1.00000  
 75  0.4913   7439.480075  x:  4.82502   0.10760   0.06408   0.44739   0.64355   0.86083   0.57694   0.89503   0.04972   0.10685   0.25427   0.81089   0.67954   0.00000   0.33277   0.78639   1.04113   1.09134   1.27233   1.05405   0.47885   0.41455   0.51708   0.21774   1.50247   0.45908   0.20291   0.04603   0.26806   0.10425   0.21167   0.20904   0.13144   1.41633   0.18208   2.05315   0.88026   1.89411  16.93565  16.24927   0.08135   1.00000  
 76  0.4865   7439.480075  x:  4.82501   0.10759   0.06408   0.44739   0.64355   0.86081   0.57694   0.89502   0.04972   0.10684   0.25428   0.81089   0.67953   0.00000   0.33281   0.78637   1.04110   1.09134   1.27230   1.05406   0.47885   0.41454   0.51707   0.21772   1.50245   0.45909   0.20291   0.04604   0.26805   0.10425   0.21168   0.20904   0.13144   1.41631   0.18206   2.05311   0.88025   1.89413  17.95542  17.26904   0.08135   1.00000  
 77  0.4902   7439.480075  x:  4.82503   0.10760   0.06408   0.44739   0.64355   0.86082   0.57694   0.89502   0.04972   0.10685   0.25427   0.81089   0.67953   0.00000   0.33279   0.78638   1.04111   1.09134   1.27232   1.05405   0.47885   0.41455   0.51708   0.21773   1.50246   0.45908   0.20291   0.04603   0.26805   0.10425   0.21167   0.20904   0.13144   1.41632   0.18207   2.05313   0.88026   1.89412  18.69160  18.00521   0.08135   1.00000  
 78  0.4778   7439.480075  x:  4.82502   0.10760   0.06408   0.44739   0.64355   0.86082   0.57694   0.89502   0.04972   0.10684   0.25427   0.81089   0.67953   0.00000   0.33280   0.78638   1.04111   1.09134   1.27231   1.05405   0.47885   0.41455   0.51707   0.21772   1.50246   0.45908   0.20291   0.04604   0.26806   0.10425   0.21168   0.20904   0.13144   1.41632   0.18207   2.05312   0.88025   1.89412  19.89754  19.21116   0.08135   1.00000  
 79  0.5245   7439.480075  x:  4.82503   0.10760   0.06408   0.44739   0.64355   0.86082   0.57694   0.89502   0.04972   0.10684   0.25427   0.81089   0.67953   0.00000   0.33279   0.78638   1.04111   1.09134   1.27231   1.05405   0.47885   0.41455   0.51707   0.21773   1.50246   0.45908   0.20291   0.04604   0.26805   0.10425   0.21167   0.20904   0.13144   1.41632   0.18207   2.05313   0.88025   1.89412  20.87772  20.19133   0.08135   1.00000  
 80  0.6390   7439.480074  x:  4.82502   0.10760   0.06408   0.44739   0.64355   0.86082   0.57694   0.89502   0.04972   0.10684   0.25427   0.81089   0.67953   0.00000   0.33279   0.78638   1.04111   1.09134   1.27231   1.05405   0.47885   0.41455   0.51708   0.21773   1.50246   0.45908   0.20291   0.04604   0.26806   0.10425   0.21167   0.20904   0.13144   1.41632   0.18207   2.05313   0.88025   1.89412  22.71830  22.03193   0.08135   1.00000  
 81  0.7859   7439.480074  x:  4.82502   0.10760   0.06408   0.44739   0.64355   0.86082   0.57694   0.89502   0.04972   0.10684   0.25427   0.81089   0.67953   0.00000   0.33279   0.78638   1.04111   1.09134   1.27231   1.05405   0.47885   0.41455   0.51707   0.21773   1.50246   0.45908   0.20291   0.04604   0.26806   0.10425   0.21167   0.20904   0.13144   1.41632   0.18207   2.05312   0.88025   1.89412  24.08284  23.39646   0.08135   1.00000  
 82  1.1434   7439.480074  x:  4.82502   0.10760   0.06408   0.44739   0.64355   0.86082   0.57694   0.89502   0.04972   0.10684   0.25427   0.81089   0.67953   0.00000   0.33279   0.78638   1.04111   1.09134   1.27231   1.05405   0.47885   0.41455   0.51707   0.21773   1.50246   0.45908   0.20291   0.04604   0.26806   0.10425   0.21167   0.20904   0.13144   1.41632   0.18207   2.05312   0.88025   1.89412  24.07751  23.39113   0.08135   1.00000  
 83  1.9297   7439.480074  x:  4.82502   0.10760   0.06408   0.44739   0.64355   0.86082   0.57694   0.89502   0.04972   0.10684   0.25427   0.81089   0.67953   0.00000   0.33279   0.78638   1.04111   1.09134   1.27231   1.05405   0.47885   0.41455   0.51707   0.21773   1.50246   0.45908   0.20291   0.04604   0.26806   0.10425   0.21167   0.20904   0.13144   1.41632   0.18207   2.05312   0.88025   1.89412  24.07737  23.39099   0.08135   1.00000  
 84 12.8230   7439.480074  x:  4.82502   0.10760   0.06408   0.44739   0.64355   0.86082   0.57694   0.89502   0.04972   0.10684   0.25427   0.81089   0.67953   0.00000   0.33279   0.78638   1.04111   1.09134   1.27231   1.05405   0.47885   0.41455   0.51707   0.21773   1.50246   0.45908   0.20291   0.04604   0.26806   0.10425   0.21167   0.20904   0.13144   1.41632   0.18207   2.05312   0.88025   1.89412  24.07735  23.39097   0.08135   1.00000  
 85  1.5137   7439.480074  x:  4.82502   0.10760   0.06408   0.44739   0.64355   0.86082   0.57694   0.89502   0.04972   0.10684   0.25427   0.81089   0.67953   0.00000   0.33279   0.78638   1.04111   1.09134   1.27231   1.05405   0.47885   0.41455   0.51707   0.21773   1.50246   0.45908   0.20291   0.04604   0.26806   0.10425   0.21167   0.20904   0.13144   1.41632   0.18207   2.05312   0.88025   1.89412  24.07735  23.39097   0.08135   1.00000  
 86  1.3547   7439.480074  x:  4.82502   0.10760   0.06408   0.44739   0.64355   0.86082   0.57694   0.89502   0.04972   0.10684   0.25427   0.81089   0.67953   0.00000   0.33279   0.78638   1.04111   1.09134   1.27231   1.05405   0.47885   0.41455   0.51707   0.21773   1.50246   0.45908   0.20291   0.04604   0.26806   0.10425   0.21167   0.20904   0.13144   1.41632   0.18207   2.05312   0.88025   1.89412  24.07735  23.39097   0.08135   1.00000  
check convergence!
