

TREE # 1

  0  0.0000   9219.756637  x:  0.17444   0.02804   0.07307   0.00000   0.21220   0.15259   0.14764   0.15672   0.09176   0.01488   0.10164   0.09888   0.08304   0.02822   0.03654   0.11840   0.16638   0.13073   0.17006   0.12456   0.13600   0.08105   0.05011   0.02312   0.14692   0.15208   0.08109   0.04353   0.13235   0.02986   0.05286   0.04009   0.10565   0.11049   0.05181   0.16210   0.10351   2.00000   1.39835   0.16116   0.29812   1.40136  
  1 99.0000   8110.806318  x:  0.33868   0.14859   0.13418   0.33173   0.26357   0.21902   0.20679   0.22892   0.13464   0.10873   0.15725   0.22790   0.21472   0.10055   0.16593   0.18675   0.24330   0.24201   0.25635   0.23582   0.18607   0.17998   0.21863   0.13291   0.26995   0.19679   0.10899   0.05591   0.15033   0.08387   0.12673   0.14502   0.14706   0.24496   0.15060   0.28376   0.25655   1.99211   1.43189   0.12829   0.00000   1.40089  
  2 3566.5551   7956.806794  x:  0.52540   0.28562   0.20362   0.70878   0.32197   0.29454   0.27403   0.31101   0.18337   0.21539   0.22047   0.37457   0.36440   0.18276   0.31301   0.26446   0.33075   0.36852   0.35446   0.36230   0.24299   0.29243   0.41017   0.25770   0.40982   0.24762   0.14069   0.06997   0.17075   0.14525   0.21068   0.26427   0.19413   0.39783   0.26290   0.42207   0.43052   1.98313   1.47003   0.09092   0.00099   1.40034  
  3 19399.4220   7869.468790  x:  0.62863   0.26724   0.14719   0.69555   0.31740   0.31777   0.30712   0.36222   0.12202   0.16112   0.18981   0.39308   0.36869   0.14597   0.32030   0.29169   0.38236   0.43305   0.40388   0.38817   0.22222   0.26703   0.38683   0.21972   0.48035   0.24462   0.10195   0.00000   0.13920   0.06447   0.14134   0.18765   0.17776   0.43929   0.26667   0.49782   0.47894   1.98028   1.42380   0.13725   0.00098   1.40029  
  4 389.3293   7814.423912  x:  0.77453   0.22891   0.05422   0.65958   0.30611   0.34936   0.34438   0.42439   0.02299   0.07473   0.14411   0.41688   0.37242   0.08841   0.32340   0.32204   0.44609   0.51245   0.46808   0.42526   0.20161   0.23210   0.34821   0.15613   0.58068   0.23967   0.14473   0.12129   0.14705   0.02202   0.07575   0.09140   0.14032   0.49621   0.25893   0.59847   0.53697   1.97615   1.36045   0.20101   0.00096   1.40004  
  5 801.4822   7798.507515  x:  0.81838   0.21043   0.03038   0.63508   0.30079   0.35744   0.35148   0.43917   0.00000   0.05214   0.13281   0.42147   0.37214   0.07149   0.31954   0.32754   0.46174   0.53149   0.48469   0.43712   0.20472   0.22383   0.33262   0.13704   0.60911   0.23614   0.14196   0.12268   0.15706   0.06074   0.09687   0.09514   0.12236   0.51256   0.24833   0.62608   0.54805   1.97482   1.33967   0.22209   0.00096   1.39985  
  6 435.9568   7767.939083  x:  1.00271   0.11166   0.05806   0.47812   0.27667   0.38574   0.35549   0.47480   0.05742   0.05510   0.12732   0.43357   0.38196   0.03815   0.28726   0.33082   0.50387   0.58052   0.53789   0.50500   0.29328   0.22743   0.26700   0.10942   0.72249   0.23681   0.15016   0.15403   0.18450   0.00755   0.18385   0.18894   0.01592   0.58764   0.15760   0.72392   0.55981   1.96737   1.25405   0.31045   0.00094   1.39820  
  7 274.4973   7759.475600  x:  1.04690   0.09488   0.07407   0.43038   0.27764   0.39277   0.35272   0.47909   0.08039   0.07109   0.13671   0.43697   0.38806   0.04112   0.27920   0.32845   0.51010   0.58598   0.54889   0.52323   0.31371   0.23803   0.26328   0.11425   0.74480   0.24392   0.15295   0.15663   0.18905   0.02979   0.16206   0.18238   0.00000   0.61156   0.13340   0.74573   0.55729   1.96531   1.23296   0.33259   0.00093   1.39757  
  8 253.6126   7750.055491  x:  1.15052   0.12786   0.05093   0.28158   0.32169   0.41218   0.32433   0.46226   0.06367   0.07360   0.17153   0.44971   0.41070   0.05626   0.25607   0.30261   0.49890   0.56000   0.56298   0.56277   0.34750   0.29823   0.31691   0.14513   0.76675   0.26968   0.16402   0.15521   0.21229   0.02298   0.18373   0.16900   0.06727   0.69789   0.10022   0.79013   0.53331   1.95595   1.17931   0.39092   0.00092   1.39470  
  9 118.3714   7747.901107  x:  1.18830   0.10996   0.06183   0.26157   0.41682   0.42621   0.32599   0.45781   0.05119   0.06087   0.18173   0.45641   0.42570   0.06061   0.26579   0.30463   0.49215   0.53548   0.56532   0.56690   0.33826   0.28623   0.33159   0.15795   0.74075   0.26871   0.16630   0.16165   0.19349   0.02486   0.17618   0.19450   0.05728   0.72230   0.11364   0.79842   0.52127   1.95155   1.14638   0.43010   0.00092   1.39068  
 10 37.1112   7747.247367  x:  1.20358   0.10645   0.06187   0.25354   0.44980   0.42587   0.33483   0.46486   0.06091   0.07390   0.18420   0.45695   0.43028   0.06371   0.27781   0.31927   0.49863   0.53407   0.56670   0.56557   0.33792   0.27713   0.33237   0.15917   0.72396   0.26527   0.16532   0.16139   0.21469   0.02228   0.19115   0.17739   0.05336   0.72895   0.13189   0.80068   0.51975   1.94810   1.14018   0.44248   0.00092   1.38669  
 11 22.1965   7746.394598  x:  1.22519   0.12450   0.05277   0.24871   0.45748   0.40975   0.34877   0.48058   0.07689   0.07119   0.17122   0.45925   0.43273   0.05222   0.29717   0.35054   0.51927   0.55000   0.56688   0.55795   0.34932   0.29158   0.34791   0.16656   0.70332   0.27254   0.17766   0.16144   0.21461   0.02544   0.18404   0.19558   0.05017   0.73691   0.15634   0.80072   0.52056   1.94221   1.13613   0.46614   0.00091   1.37394  
 12 10.6041   7744.288111  x:  1.26698   0.14944   0.04990   0.30751   0.43858   0.38523   0.35274   0.48938   0.06898   0.06554   0.18558   0.49761   0.46208   0.07403   0.33234   0.37728   0.53746   0.56979   0.56538   0.57220   0.36297   0.31678   0.38124   0.18555   0.69580   0.29369   0.17811   0.17023   0.19282   0.02713   0.20866   0.18102   0.01110   0.75219   0.16029   0.79764   0.53005   1.93627   1.10691   0.55832   0.00090   1.33277  
 13 16.5236   7740.900920  x:  1.32627   0.19354   0.06904   0.42162   0.42274   0.40643   0.37175   0.50437   0.04618   0.06415   0.21144   0.54368   0.50495   0.09162   0.35731   0.37507   0.53633   0.59119   0.56753   0.60975   0.36722   0.30587   0.39693   0.21211   0.74483   0.30966   0.17285   0.17385   0.25907   0.02556   0.18713   0.22348   0.01708   0.79671   0.17175   0.81731   0.58188   1.93209   1.09046   0.69411   0.00089   1.25438  
 14 36.4889   7738.434191  x:  1.34120   0.18655   0.06154   0.48874   0.44833   0.47316   0.39906   0.52132   0.05244   0.09652   0.21209   0.54227   0.51457   0.08133   0.35938   0.36323   0.53332   0.61233   0.58884   0.63827   0.37913   0.31962   0.42190   0.22270   0.80906   0.29897   0.19242   0.17962   0.22033   0.03344   0.20784   0.22302   0.04429   0.83374   0.17613   0.85193   0.63045   1.94352   1.11801   0.75639   0.00087   1.19472  
 15 33.7643   7737.652081  x:  1.32205   0.16008   0.05391   0.51400   0.45919   0.49268   0.38630   0.51225   0.05451   0.09773   0.19062   0.53147   0.51137   0.07733   0.37083   0.36567   0.54384   0.62245   0.61723   0.64685   0.38274   0.34660   0.45429   0.23428   0.82496   0.28206   0.19142   0.17758   0.24069   0.03090   0.20510   0.22351   0.04354   0.84697   0.16590   0.86948   0.63672   1.96451   1.11774   0.79087   0.00087   1.17103  
 16 18.0110   7736.844513  x:  1.28775   0.15376   0.06811   0.51243   0.45399   0.48881   0.37773   0.52126   0.05744   0.10236   0.17386   0.53259   0.51921   0.08898   0.38912   0.37102   0.57193   0.63357   0.66206   0.65553   0.36823   0.32805   0.45027   0.25799   0.83488   0.28154   0.19515   0.18250   0.23289   0.03444   0.21344   0.22757   0.07111   0.87063   0.16296   0.90171   0.62934   1.99779   1.11650   0.83978   0.00087   1.13650  
 17 10.7698   7735.457068  x:  1.24772   0.14171   0.04293   0.50358   0.45735   0.48235   0.40900   0.56603   0.04853   0.11969   0.20106   0.57301   0.54852   0.08152   0.39030   0.35954   0.59677   0.63211   0.69274   0.65832   0.38247   0.33255   0.45059   0.25815   0.84010   0.28359   0.18848   0.18555   0.23720   0.03300   0.20533   0.23982   0.06676   0.89572   0.15865   0.94430   0.61178   2.03259   1.14404   0.90567   0.00087   1.06760  
 18 12.5672   7733.315934  x:  1.24727   0.15296   0.06619   0.50094   0.46757   0.48120   0.42037   0.58242   0.04890   0.10437   0.19756   0.58854   0.55358   0.06214   0.38013   0.35011   0.60690   0.63254   0.69777   0.66198   0.39517   0.34409   0.44911   0.24937   0.84946   0.29444   0.18780   0.18366   0.24184   0.03538   0.20926   0.22774   0.05566   0.91253   0.16516   0.97388   0.61231   2.04159   1.17627   0.96401   0.00086   1.00000  
 19 24.8256   7723.028682  x:  1.33955   0.18414   0.05417   0.47119   0.49810   0.48368   0.39987   0.57250   0.04839   0.10388   0.20806   0.60700   0.54029   0.10096   0.37256   0.36590   0.65116   0.65980   0.70932   0.73614   0.42356   0.35837   0.42422   0.16841   0.90232   0.32066   0.21463   0.16175   0.23989   0.04262   0.19225   0.22695   0.00000   0.96537   0.21420   1.07827   0.65520   2.03562   1.37104   1.26233   0.00085   1.00000  
 20 50.1282   7707.513224  x:  1.73134   0.10429   0.01221   0.40640   0.48498   0.55349   0.47550   0.61721   0.04986   0.07748   0.27189   0.56228   0.58192   0.04272   0.39413   0.49097   0.67769   0.77596   0.74972   0.77466   0.33997   0.30330   0.47450   0.30876   1.03759   0.41066   0.17249   0.15718   0.25342   0.05308   0.18788   0.20692   0.00000   1.03233   0.12654   1.12915   0.69676   1.92344   1.86734   1.91057   0.00082   1.00000  
 21 70.9758   7704.904079  x:  1.83662   0.11793   0.05102   0.39119   0.46321   0.57513   0.49338   0.65177   0.00957   0.11024   0.26948   0.56409   0.59078   0.03865   0.41556   0.50487   0.66488   0.79501   0.78384   0.74433   0.33241   0.31406   0.48385   0.30118   1.03985   0.32125   0.17453   0.15646   0.24590   0.05634   0.18338   0.20812   0.00000   1.03285   0.09744   1.10707   0.70074   1.92926   1.93911   2.02790   0.00081   1.00000  
 22 43.5945   7703.634793  x:  1.89576   0.12393   0.03327   0.40187   0.45698   0.58143   0.48554   0.66823   0.03205   0.10206   0.25106   0.58115   0.59739   0.04417   0.41678   0.48377   0.64483   0.79182   0.80738   0.71793   0.35117   0.30735   0.47019   0.31793   1.03937   0.28363   0.18373   0.15088   0.24216   0.05992   0.18047   0.20025   0.06176   1.03185   0.09728   1.08947   0.70001   1.95647   1.96163   2.07186   0.00082   1.00000  
 23 28.6417   7702.969140  x:  1.95260   0.09341   0.03349   0.41159   0.45655   0.57439   0.47749   0.68887   0.02808   0.09857   0.22718   0.60529   0.59768   0.06210   0.41558   0.46000   0.64116   0.79052   0.82430   0.69766   0.36508   0.31721   0.45527   0.32547   1.03163   0.28518   0.20164   0.14016   0.24457   0.06046   0.17886   0.19546   0.05359   1.01976   0.09892   1.07238   0.69646   1.98811   1.98729   2.08497   0.00081   1.00000  
 24 17.6377   7702.572724  x:  1.99236   0.08575   0.03522   0.41533   0.46107   0.56140   0.46001   0.69446   0.02491   0.11543   0.21799   0.61056   0.59287   0.05727   0.40459   0.43572   0.65576   0.79364   0.83981   0.69102   0.35419   0.32396   0.45819   0.31646   1.02694   0.30278   0.17453   0.15152   0.24246   0.06088   0.17798   0.19924   0.06371   1.00674   0.10978   1.07202   0.69138   2.01712   2.00564   2.08548   0.00081   1.00000  
 25  9.7687   7702.128161  x:  2.03079   0.09651   0.03313   0.43012   0.46661   0.55249   0.45775   0.69485   0.03574   0.11837   0.22802   0.60264   0.59041   0.04174   0.39479   0.41149   0.68338   0.79280   0.85826   0.70469   0.33736   0.31395   0.47128   0.29805   1.01560   0.30934   0.19513   0.13983   0.24604   0.06074   0.17894   0.19844   0.06198   0.99468   0.09283   1.08464   0.67413   2.03766   2.02246   2.09666   0.00081   1.00000  
 26  6.1659   7700.696153  x:  2.10342   0.09157   0.04364   0.43323   0.43810   0.56565   0.49982   0.68399   0.04722   0.08108   0.24789   0.57440   0.58646   0.04536   0.40479   0.37092   0.73700   0.75574   0.90447   0.76077   0.35911   0.30760   0.49072   0.28576   0.99335   0.30057   0.18609   0.13684   0.24313   0.06520   0.17563   0.19095   0.04823   0.98607   0.12789   1.13715   0.66561   2.04298   2.06682   2.14179   0.00081   1.00000  
 27  7.1943   7697.456072  x:  2.17579   0.10783   0.03838   0.44898   0.43971   0.58849   0.51931   0.65136   0.02770   0.11898   0.22708   0.58326   0.58264   0.00000   0.42075   0.37144   0.77863   0.72522   0.93066   0.78824   0.38871   0.32672   0.44818   0.28617   1.00341   0.33769   0.20315   0.11550   0.24165   0.07075   0.17218   0.18133   0.03286   1.01093   0.14258   1.21133   0.68464   2.03001   2.10086   2.25774   0.00080   1.00000  
 28 14.3641   7691.857991  x:  2.28949   0.14778   0.05112   0.41729   0.52381   0.62114   0.53004   0.67550   0.07775   0.07487   0.18125   0.70739   0.58343   0.04636   0.43148   0.44698   0.83144   0.77245   0.93781   0.82083   0.35253   0.38222   0.41951   0.19103   1.09480   0.38633   0.19611   0.08803   0.25077   0.08224   0.17200   0.16931   0.01993   1.11068   0.09021   1.35800   0.74679   2.00459   2.23322   2.46416   0.00078   1.00000  
 29 29.1581   7689.540368  x:  2.31995   0.13367   0.06150   0.40511   0.53564   0.60204   0.50060   0.71082   0.09004   0.07015   0.20070   0.71797   0.59124   0.04531   0.40085   0.46159   0.82128   0.82452   0.91317   0.81058   0.35983   0.36174   0.46362   0.16654   1.14222   0.38649   0.21696   0.07174   0.25042   0.08701   0.17450   0.16410   0.00000   1.14352   0.12583   1.39686   0.79116   2.01638   2.24701   2.55956   0.00078   1.00000  
 30 28.5886   7688.999968  x:  2.32460   0.14634   0.06600   0.40397   0.56054   0.58920   0.49691   0.74635   0.06226   0.06787   0.20579   0.67976   0.58207   0.07095   0.39021   0.46242   0.81666   0.86435   0.90143   0.81999   0.39074   0.35575   0.46616   0.17809   1.15730   0.40027   0.22242   0.06598   0.25494   0.08647   0.17359   0.16275   0.00948   1.15222   0.12202   1.41132   0.79435   2.02930   2.25850   2.58123   0.00078   1.00000  
 31 12.8615   7688.902468  x:  2.32915   0.15093   0.06223   0.40892   0.56591   0.58586   0.49523   0.75190   0.06626   0.06564   0.20855   0.66831   0.58672   0.07113   0.39168   0.45975   0.81108   0.87597   0.89810   0.82187   0.39504   0.36074   0.45723   0.17858   1.15728   0.39535   0.21557   0.06909   0.25372   0.08742   0.17311   0.16227   0.00000   1.15329   0.11931   1.41413   0.79196   2.03245   2.25662   2.58884   0.00078   1.00000  
 32  5.5551   7688.821743  x:  2.33287   0.14883   0.06303   0.40481   0.56666   0.58282   0.49228   0.75132   0.06448   0.06363   0.21369   0.66272   0.59926   0.06785   0.40028   0.45150   0.80166   0.89227   0.89696   0.82786   0.38464   0.37293   0.44685   0.18310   1.15638   0.39274   0.22112   0.06560   0.25460   0.08719   0.17379   0.16245   0.00000   1.15332   0.12758   1.42442   0.79046   2.03309   2.26004   2.58889   0.00078   1.00000  
 33  2.5851   7688.526196  x:  2.35261   0.13843   0.06415   0.40325   0.56183   0.58398   0.49836   0.74166   0.06069   0.07614   0.19492   0.67660   0.60245   0.05671   0.43553   0.42982   0.77416   0.93333   0.87983   0.84646   0.39320   0.35874   0.45958   0.17487   1.14441   0.39679   0.21984   0.06183   0.25296   0.08809   0.17340   0.16492   0.00000   1.15591   0.12650   1.46322   0.77592   2.02587   2.25528   2.58962   0.00078   1.00000  
 34  2.1282   7687.660092  x:  2.43050   0.13858   0.06535   0.41031   0.56059   0.61107   0.50146   0.73170   0.05858   0.08086   0.24147   0.69337   0.54854   0.04632   0.46708   0.43823   0.78692   0.96536   0.88245   0.82228   0.40391   0.36305   0.45522   0.18311   1.15758   0.40019   0.21950   0.05103   0.25091   0.09181   0.17760   0.17406   0.02937   1.16675   0.12856   1.53589   0.79889   2.04718   2.22976   2.61538   0.00078   1.00000  
 35  3.2076   7686.916510  x:  2.46732   0.13519   0.06559   0.41647   0.55991   0.61807   0.50495   0.73538   0.05631   0.08720   0.24530   0.68823   0.55770   0.04721   0.45660   0.45495   0.80843   0.95632   0.88582   0.82086   0.40596   0.36900   0.45541   0.17985   1.17136   0.40295   0.22165   0.04394   0.25002   0.09354   0.17957   0.17922   0.00000   1.17123   0.12937   1.55637   0.81782   2.05169   2.21207   2.62722   0.00078   1.00000  
 36 10.3370   7686.243303  x:  2.52795   0.14726   0.05665   0.41873   0.56357   0.62009   0.50248   0.75098   0.05315   0.10447   0.21621   0.67760   0.60707   0.04637   0.42996   0.47248   0.82875   0.94216   0.90709   0.84360   0.41291   0.36520   0.46124   0.17854   1.19819   0.39602   0.21908   0.03362   0.24680   0.09657   0.17996   0.18544   0.03112   1.18645   0.13298   1.57069   0.84545   2.05111   2.19997   2.64976   0.00078   1.00000  
 37 14.0851   7686.100402  x:  2.53351   0.14628   0.05751   0.42081   0.57224   0.60733   0.49448   0.76044   0.05143   0.10517   0.22224   0.68889   0.59585   0.02977   0.42452   0.47778   0.82594   0.94515   0.93848   0.87476   0.42026   0.36593   0.45738   0.17872   1.20861   0.39255   0.21780   0.03170   0.24588   0.09763   0.17955   0.18519   0.02549   1.19371   0.13932   1.54424   0.84577   2.03564   2.19419   2.64833   0.00078   1.00000  
 38  3.8640   7686.057915  x:  2.53370   0.14823   0.05644   0.41930   0.57231   0.61235   0.50543   0.76407   0.05511   0.10756   0.21990   0.68782   0.59025   0.03124   0.42642   0.47016   0.82444   0.94909   0.94536   0.88199   0.41455   0.37007   0.45869   0.17457   1.21326   0.40071   0.21897   0.03097   0.24695   0.09777   0.18086   0.18678   0.02455   1.19464   0.14399   1.52779   0.84884   2.03646   2.18162   2.65393   0.00078   1.00000  
 39  1.9265   7685.982804  x:  2.53526   0.15074   0.05832   0.41287   0.57633   0.62587   0.50781   0.75328   0.05473   0.10378   0.22476   0.68788   0.60289   0.02749   0.43615   0.46136   0.84039   0.96284   0.95102   0.87926   0.42506   0.36602   0.45854   0.16792   1.22033   0.40927   0.21794   0.03011   0.24735   0.09808   0.18168   0.18674   0.02015   1.19648   0.14575   1.50311   0.85479   2.04105   2.16667   2.64459   0.00078   1.00000  
 40  1.5321   7685.589533  x:  2.56983   0.14708   0.05444   0.41246   0.58001   0.62289   0.51228   0.75512   0.05565   0.10846   0.21538   0.69631   0.59847   0.02602   0.42921   0.43443   0.89609   0.96832   0.91759   0.88545   0.42046   0.36623   0.45698   0.20382   1.24185   0.38400   0.20921   0.03092   0.24571   0.09959   0.18867   0.19044   0.00000   1.20753   0.14807   1.49666   0.86941   2.03113   2.08061   2.57422   0.00079   1.00000  
 41  1.5377   7684.972128  x:  2.61525   0.10695   0.06771   0.43488   0.56188   0.61315   0.51263   0.77081   0.05463   0.10744   0.22396   0.67011   0.61352   0.02035   0.42907   0.46575   0.89601   0.93123   0.92268   0.87422   0.42224   0.37409   0.46462   0.18192   1.25332   0.41772   0.20697   0.02580   0.24622   0.10009   0.19937   0.19843   0.00000   1.21834   0.14581   1.52473   0.87412   2.01303   1.93791   2.44205   0.00080   1.00000  
 42  6.6974   7684.779460  x:  2.64864   0.10798   0.06744   0.43903   0.55555   0.61813   0.51274   0.77574   0.05647   0.10690   0.22413   0.66315   0.61938   0.01952   0.42088   0.48392   0.88492   0.92278   0.93343   0.87025   0.42398   0.37235   0.46723   0.18687   1.26177   0.42483   0.20034   0.02517   0.24586   0.10091   0.20428   0.20186   0.03069   1.21737   0.14831   1.54243   0.87670   2.02087   1.87181   2.38158   0.00081   1.00000  
 43 11.7421   7684.608777  x:  2.67804   0.12387   0.06355   0.43619   0.55356   0.63226   0.51762   0.77071   0.05837   0.10617   0.22156   0.66773   0.62336   0.02068   0.39962   0.50647   0.86652   0.92984   0.94692   0.87439   0.42679   0.36779   0.46759   0.20365   1.26644   0.42218   0.19223   0.02638   0.24549   0.10197   0.20732   0.20377   0.00000   1.20243   0.15410   1.55787   0.87594   2.04451   1.82814   2.34409   0.00081   1.00000  
 44  6.5320   7684.571735  x:  2.68863   0.13007   0.05995   0.43796   0.55295   0.63292   0.51758   0.76975   0.06003   0.10743   0.21948   0.66448   0.62266   0.02728   0.39211   0.49911   0.86464   0.93548   0.95906   0.86004   0.42674   0.36570   0.46719   0.20725   1.26811   0.41923   0.18970   0.02675   0.24533   0.10214   0.20823   0.20480   0.00000   1.21188   0.15641   1.56207   0.87224   2.03505   1.80956   2.32446   0.00081   1.00000  
 45  0.8809   7683.996299  x:  2.71053   0.10433   0.06498   0.44839   0.53778   0.62500   0.54781   0.73313   0.05375   0.10598   0.22411   0.66071   0.61510   0.04468   0.34529   0.50519   0.86395   0.95669   0.95667   0.85037   0.42291   0.37154   0.45633   0.18963   1.23728   0.41030   0.19859   0.02345   0.24851   0.10011   0.21147   0.20952   0.00000   1.25661   0.15772   1.52814   0.84168   2.03751   1.59359   2.06550   0.00084   1.00000  
 46  1.1603   7683.092929  x:  2.76940   0.10315   0.05861   0.43117   0.52884   0.62378   0.53623   0.75430   0.05924   0.09798   0.22781   0.64738   0.60378   0.05336   0.36806   0.48902   0.85669   0.93559   0.94370   0.84505   0.42077   0.37094   0.44972   0.18126   1.23696   0.39429   0.20317   0.01945   0.25332   0.09867   0.21831   0.21839   0.07091   1.25000   0.14383   1.48538   0.83945   2.04921   1.18324   1.59341   0.00090   1.00000  
 47 21.4190   7682.263226  x:  2.81080   0.11183   0.05178   0.40832   0.53124   0.62796   0.51027   0.79281   0.06785   0.09102   0.22995   0.64001   0.59894   0.05809   0.40647   0.46673   0.85271   0.91021   0.93916   0.84017   0.42302   0.37037   0.44952   0.17998   1.24916   0.38486   0.20600   0.01731   0.25775   0.09835   0.22384   0.22577   0.01268   1.19715   0.12814   1.46317   0.85218   2.04207   0.86421   1.24069   0.00094   1.00000  
 48 45.6669   7682.172533  x:  2.80301   0.10853   0.05426   0.40620   0.53711   0.62808   0.51205   0.79103   0.06837   0.09126   0.23105   0.64635   0.60288   0.06413   0.39444   0.46082   0.85508   0.92070   0.95110   0.83598   0.42696   0.37419   0.45082   0.17901   1.23730   0.38822   0.20915   0.01837   0.25954   0.09852   0.22468   0.22726   0.02425   1.16423   0.12225   1.46822   0.86361   2.01793   0.82965   1.21515   0.00095   1.00000  
 49  2.0672   7680.460814  x:  2.87260   0.13178   0.05262   0.39621   0.56445   0.57004   0.55681   0.74865   0.07545   0.08988   0.21838   0.66657   0.61288   0.04779   0.41279   0.47139   0.81181   0.94064   0.94646   0.87639   0.44109   0.37189   0.45437   0.19997   1.23386   0.38557   0.19949   0.03507   0.26274   0.10171   0.23062   0.22821   0.00000   1.17556   0.09828   1.45509   0.93450   2.05587   0.56725   0.97108   0.00103   1.00000  
 50  0.6173   7680.460814  x:  2.87260   0.13178   0.05262   0.39621   0.56445   0.57004   0.55681   0.74865   0.07545   0.08988   0.21838   0.66657   0.61288   0.04779   0.41279   0.47139   0.81181   0.94064   0.94646   0.87639   0.44109   0.37189   0.45437   0.19997   1.23386   0.38557   0.19949   0.03507   0.26274   0.10171   0.23062   0.22821   0.00000   1.17556   0.09828   1.45509   0.93450   2.05587   0.56725   0.97108   0.00103   1.00000  
 51 14.9283   7524.337134  x:  2.87260   0.13178   0.05262   0.39622   0.56445   0.57005   0.55680   0.74865   0.07544   0.08988   0.21837   0.66657   0.61288   0.04777   0.41279   0.47139   0.81182   0.94064   0.94646   0.87639   0.44108   0.37189   0.45437   0.19997   1.23386   0.38558   0.19949   0.03505   0.26272   0.10169   0.23056   0.22816   0.00001   1.17556   0.09829   1.45510   0.93449   2.05586   0.56724   0.97109   0.06967   1.00000  
 52 23522.5255   7484.724064  x:  2.89200   0.22015   0.11749   0.45828   0.62228   0.63309   0.59919   0.79921   0.12996   0.16617   0.25756   0.72507   0.66484   0.11445   0.46055   0.52644   0.86221   0.98454   0.99148   0.92132   0.48934   0.42955   0.51473   0.25602   1.27744   0.45035   0.26582   0.11358   0.30780   0.15122   0.24213   0.24143   0.64483   1.22049   0.17297   1.49882   0.97310   2.00516   0.82499   0.71566   0.07969   1.00000  
 53 287.8433   7467.609042  x:  2.91169   0.17998   0.08263   0.47871   0.64558   0.68109   0.62663   0.83489   0.09446   0.13470   0.24062   0.76483   0.68621   0.09635   0.47701   0.56299   0.90118   1.01996   1.02801   0.94570   0.50352   0.44790   0.53557   0.24251   1.31161   0.45579   0.20635   0.01070   0.28117   0.08783   0.22242   0.22238   0.65006   1.23593   0.18874   1.53377   0.98687   1.96687   0.96069   0.58278   0.08077   1.00000  
 54 104.2459   7457.211256  x:  2.94089   0.11024   0.03280   0.49759   0.66779   0.74000   0.65425   0.87533   0.03989   0.08284   0.20870   0.81025   0.70788   0.05874   0.49135   0.60799   0.94930   1.06344   1.07420   0.97454   0.51480   0.45854   0.55068   0.21876   1.35671   0.45802   0.18503   0.08749   0.25993   0.07806   0.20451   0.20489   0.59650   1.25195   0.19980   1.58071   0.99928   1.91852   1.12555   0.42208   0.08175   1.00000  
 55 172.0068   7455.392585  x:  2.95861   0.08601   0.06575   0.49648   0.66700   0.75653   0.64989   0.88039   0.04896   0.07867   0.19614   0.81843   0.71013   0.03960   0.48845   0.62251   0.96285   1.07508   1.08946   0.98432   0.51184   0.44534   0.54011   0.21822   1.37437   0.45684   0.18807   0.07339   0.26689   0.13052   0.20920   0.21144   0.57647   1.25665   0.19452   1.60165   0.99664   1.90221   1.16183   0.38777   0.08195   1.00000  
 56 52.9977   7453.716179  x:  3.00548   0.05461   0.09714   0.47816   0.65018   0.78055   0.61863   0.87490   0.06487   0.09600   0.17638   0.82184   0.70401   0.00000   0.46933   0.64660   0.98148   1.08878   1.11726   1.00216   0.49570   0.40206   0.50269   0.21390   1.40758   0.44565   0.21993   0.07281   0.26500   0.10333   0.20248   0.20038   0.58168   1.26509   0.17646   1.65014   0.97994   1.87711   1.17725   0.37649   0.08203   1.00000  
 57 27.4981   7452.562811  x:  3.07267   0.03928   0.07405   0.45014   0.62536   0.80702   0.57576   0.86451   0.04217   0.11962   0.16436   0.82423   0.69042   0.00000   0.44089   0.67297   0.99992   1.09693   1.15232   1.02343   0.47769   0.37464   0.47862   0.19398   1.44399   0.42370   0.20816   0.06950   0.26341   0.11416   0.21412   0.21276   0.60186   1.27487   0.15739   1.71482   0.95239   1.85801   1.17809   0.38066   0.08212   1.00000  
 58 30.3439   7451.555576  x:  3.16971   0.05628   0.06716   0.43336   0.60698   0.83838   0.53284   0.85640   0.06910   0.13637   0.16850   0.82391   0.67474   0.00000   0.39841   0.69983   1.01585   1.09580   1.19444   1.04324   0.47221   0.39876   0.49464   0.19646   1.48507   0.41529   0.17931   0.07817   0.26119   0.12210   0.19597   0.19597   0.59712   1.28809   0.14035   1.79843   0.91023   1.85179   1.17687   0.38826   0.08216   1.00000  
 59 25.9461   7450.538739  x:  3.29765   0.07349   0.07647   0.43197   0.60147   0.87279   0.50558   0.85861   0.06457   0.12792   0.17642   0.81984   0.66016   0.00000   0.34467   0.72538   1.02810   1.08391   1.24334   1.05726   0.47000   0.43741   0.52297   0.21690   1.52504   0.42469   0.19585   0.07770   0.26732   0.10806   0.22077   0.22498   0.58010   1.30667   0.14098   1.89943   0.86005   1.86245   1.17344   0.39993   0.08223   1.00000  
 60 33.8776   7449.558238  x:  3.43568   0.06984   0.07615   0.44863   0.61437   0.90074   0.51314   0.87721   0.03452   0.11259   0.19145   0.81652   0.66061   0.00000   0.29803   0.74739   1.03579   1.06527   1.28987   1.06273   0.47099   0.44658   0.53060   0.23261   1.55175   0.44051   0.21939   0.06938   0.27518   0.12088   0.20578   0.20422   0.57274   1.32935   0.16827   1.99811   0.82049   1.88692   1.15571   0.42692   0.08222   1.00000  
 61 34.0713   7448.408030  x:  3.63448   0.04596   0.06177   0.48464   0.64551   0.92685   0.55605   0.91541   0.06359   0.11574   0.21733   0.81742   0.68243   0.00000   0.25598   0.77896   1.04583   1.03874   1.34953   1.06574   0.48464   0.43022   0.52010   0.23716   1.57232   0.45748   0.20810   0.07491   0.26684   0.12469   0.22178   0.21339   0.55584   1.36398   0.21751   2.12654   0.78330   1.92649   1.13075   0.46664   0.08228   1.00000  
 62 41.5146   7447.679598  x:  3.78540   0.07213   0.09472   0.49303   0.65640   0.91956   0.59477   0.93652   0.04969   0.12889   0.20042   0.82486   0.70829   0.00000   0.27218   0.80776   1.05892   1.03070   1.38484   1.06884   0.50082   0.42344   0.51657   0.21905   1.56551   0.45838   0.18284   0.08738   0.28250   0.11521   0.21317   0.22889   0.53432   1.39204   0.23601   2.20239   0.78354   1.93896   1.11661   0.49541   0.08230   1.00000  
 63 22.1728   7446.770172  x:  3.99416   0.08715   0.07949   0.48578   0.65739   0.88142   0.63348   0.94377   0.06187   0.14584   0.16505   0.84597   0.74267   0.00000   0.32832   0.84386   1.08066   1.03593   1.41515   1.07794   0.52357   0.44241   0.53568   0.19626   1.53966   0.46012   0.21808   0.07909   0.28637   0.12370   0.23393   0.21170   0.50128   1.43079   0.23374   2.28156   0.81139   1.93929   1.10449   0.53031   0.08232   1.00000  
 64 23.2280   7446.101370  x:  4.16034   0.06628   0.07221   0.48060   0.65988   0.84234   0.64198   0.92943   0.06269   0.13251   0.17436   0.86747   0.75982   0.00000   0.37162   0.85483   1.09563   1.05331   1.41669   1.08734   0.52284   0.44769   0.54946   0.22237   1.51845   0.48035   0.22375   0.07897   0.26954   0.12928   0.20806   0.23744   0.48287   1.45869   0.21039   2.31956   0.84915   1.92556   1.09763   0.55489   0.08233   1.00000  
 65 19.6644   7445.529868  x:  4.31054   0.05089   0.07627   0.48333   0.66861   0.81368   0.64162   0.91273   0.05621   0.11172   0.19528   0.88262   0.76376   0.00000   0.39835   0.84994   1.10459   1.07508   1.40164   1.09566   0.51349   0.44237   0.55471   0.25125   1.50335   0.49671   0.20358   0.08513   0.28555   0.12565   0.23061   0.21992   0.46460   1.48020   0.18387   2.33710   0.88729   1.91086   1.09907   0.56975   0.08235   1.00000  
 66 27.0716   7444.553291  x:  4.58783   0.08930   0.05503   0.51613   0.70507   0.81203   0.63833   0.89828   0.06198   0.10406   0.21914   0.87967   0.72917   0.00000   0.39549   0.79296   1.10022   1.12747   1.32087   1.10565   0.49774   0.41887   0.54149   0.24451   1.49834   0.47819   0.21555   0.08059   0.30344   0.12728   0.22115   0.22700   0.40873   1.50268   0.15200   2.31253   0.95383   1.89966   1.13812   0.56555   0.08236   1.00000  
 67 14.8200   7443.840408  x:  4.78308   0.08301   0.07341   0.52141   0.71143   0.82454   0.63472   0.89692   0.04958   0.11247   0.21032   0.86599   0.70401   0.00000   0.39066   0.74435   1.08809   1.16083   1.25713   1.10666   0.49746   0.42731   0.54109   0.23323   1.50298   0.46723   0.20991   0.08453   0.25817   0.13128   0.22928   0.21771   0.37776   1.50700   0.15018   2.27229   0.98789   1.90064   1.16494   0.56724   0.08234   1.00000  
 68 27.8085   7443.138777  x:  4.96920   0.04324   0.07412   0.49985   0.68935   0.84694   0.62873   0.90481   0.05201   0.11889   0.18967   0.84878   0.69597   0.00000   0.39437   0.69728   1.06777   1.18424   1.20234   1.09893   0.50658   0.44609   0.54220   0.22446   1.51555   0.46521   0.20146   0.08580   0.28318   0.12681   0.21843   0.22234   0.34784   1.49516   0.16645   2.20928   0.99679   1.90990   1.19523   0.56860   0.08232   1.00000  
 69 25.2159   7442.301531  x:  5.18804   0.06909   0.06437   0.44957   0.63824   0.88550   0.61486   0.92482   0.05437   0.09825   0.19991   0.84269   0.73441   0.00000   0.42862   0.66011   1.03725   1.19604   1.17461   1.07931   0.50306   0.42873   0.51675   0.23432   1.54173   0.48862   0.20001   0.08489   0.27192   0.12969   0.22019   0.21754   0.29446   1.45412   0.18719   2.09733   0.95773   1.91339   1.24467   0.56270   0.08228   1.00000  
 70 17.8660   7441.796795  x:  5.29584   0.05845   0.06853   0.47277   0.66420   0.89956   0.59046   0.92339   0.04917   0.10421   0.20739   0.84980   0.73935   0.00000   0.45702   0.67995   1.02260   1.18150   1.19682   1.06455   0.49514   0.42206   0.52783   0.21687   1.54139   0.48222   0.20227   0.08497   0.27059   0.12917   0.21840   0.21588   0.26218   1.40951   0.17031   2.00693   0.89273   1.89896   1.27004   0.56943   0.08223   1.00000  
 71  8.9460   7441.644937  x:  5.31892   0.06194   0.06484   0.47801   0.67200   0.89607   0.58484   0.92067   0.05465   0.08997   0.18582   0.84767   0.72596   0.00000   0.45423   0.69608   1.02182   1.17256   1.21012   1.06138   0.48629   0.41644   0.52793   0.22191   1.53810   0.48150   0.19779   0.08545   0.26862   0.13013   0.21785   0.21590   0.25440   1.40053   0.17948   1.98122   0.88197   1.89018   1.27780   0.57419   0.08220   1.00000  
 72  7.2622   7441.425828  x:  5.33622   0.06703   0.06046   0.47387   0.67282   0.87652   0.58319   0.91454   0.05087   0.11392   0.18294   0.84545   0.70508   0.00000   0.42868   0.73002   1.02611   1.15066   1.23843   1.06121   0.47552   0.41340   0.52503   0.24221   1.52839   0.48126   0.19653   0.08561   0.26878   0.13002   0.21723   0.21441   0.22577   1.39704   0.20507   1.94861   0.88427   1.87779   1.29936   0.57407   0.08216   1.00000  
 73  6.4112   7441.071482  x:  5.33627   0.06738   0.06912   0.45230   0.65319   0.84285   0.59743   0.91010   0.05399   0.09515   0.20340   0.84430   0.69668   0.00000   0.35423   0.78048   1.03767   1.11077   1.28802   1.05900   0.47694   0.41801   0.51885   0.22472   1.50822   0.45447   0.19817   0.08543   0.26607   0.12806   0.21498   0.21299   0.19502   1.40916   0.20020   1.91520   0.90138   1.87883   1.33285   0.57886   0.08209   1.00000  
 74  6.1779   7440.897059  x:  5.31928   0.07178   0.06465   0.45474   0.65077   0.84139   0.60034   0.90489   0.05075   0.10150   0.18723   0.83674   0.70995   0.00000   0.31660   0.79446   1.04544   1.09816   1.30399   1.05467   0.49162   0.41386   0.51311   0.22744   1.50139   0.47514   0.19535   0.08500   0.26535   0.12862   0.21425   0.21235   0.17744   1.41750   0.16983   1.91777   0.90896   1.89109   1.34959   0.58676   0.08204   1.00000  
 75  4.4843   7440.641011  x:  5.25754   0.07869   0.06744   0.46669   0.65074   0.87406   0.57938   0.88913   0.05298   0.10321   0.18722   0.82902   0.73822   0.00000   0.31411   0.79297   1.05936   1.10917   1.31717   1.04974   0.47116   0.41373   0.52649   0.20937   1.50370   0.48976   0.19651   0.08467   0.26777   0.12785   0.21458   0.21341   0.14610   1.42523   0.18554   1.97437   0.93231   1.89250   1.36152   0.62092   0.08190   1.00000  
 76  2.7884   7440.357586  x:  5.17547   0.08756   0.06697   0.46728   0.65070   0.90560   0.59225   0.90828   0.05285   0.10385   0.19431   0.84011   0.71176   0.00000   0.34498   0.78194   1.06821   1.13052   1.32100   1.05995   0.48531   0.42304   0.51421   0.22648   1.52025   0.47470   0.19898   0.08410   0.27037   0.12760   0.21627   0.21413   0.11556   1.43286   0.18155   2.05417   0.92309   1.88695   1.37134   0.66706   0.08176   1.00000  
 77  5.0502   7440.239708  x:  5.14302   0.08978   0.06764   0.45691   0.65940   0.87507   0.59175   0.92132   0.05293   0.10710   0.18836   0.84795   0.71403   0.00000   0.34574   0.76805   1.05743   1.13200   1.30940   1.07376   0.47525   0.40644   0.53520   0.22723   1.53791   0.46768   0.19877   0.08261   0.27005   0.12570   0.21542   0.21333   0.10969   1.44441   0.18339   2.08688   0.89591   1.89554   1.38888   0.68022   0.08170   1.00000  
 78  2.2176   7440.083339  x:  5.10774   0.09237   0.06667   0.45931   0.67021   0.83296   0.57304   0.91419   0.05173   0.10414   0.19033   0.83544   0.71889   0.00000   0.34862   0.76336   1.04370   1.12579   1.29914   1.07006   0.48379   0.42230   0.50718   0.21452   1.55491   0.47137   0.19785   0.07889   0.26936   0.12249   0.21417   0.21220   0.10996   1.45818   0.19494   2.12125   0.86585   1.88830   1.41724   0.69840   0.08162   1.00000  
 79  2.3470   7439.668894  x:  5.03270   0.09649   0.06222   0.46591   0.63782   0.83687   0.59892   0.89826   0.05142   0.11183   0.20030   0.78438   0.69819   0.00000   0.34939   0.79265   1.03017   1.09724   1.29476   1.02905   0.46142   0.41526   0.51659   0.21020   1.54962   0.46479   0.19873   0.06732   0.26884   0.11329   0.21185   0.20900   0.13008   1.44916   0.17793   2.17529   0.84189   1.88041   1.48606   0.76308   0.08143   1.00000  
 80  2.0965   7439.380113  x:  4.98218   0.10307   0.06302   0.46827   0.62623   0.86220   0.57975   0.87622   0.05037   0.11289   0.19767   0.82633   0.69236   0.00000   0.33432   0.80574   1.02910   1.07661   1.30130   1.03976   0.48454   0.40479   0.51803   0.21639   1.52800   0.44867   0.20112   0.05961   0.26925   0.10630   0.21115   0.20730   0.14397   1.42950   0.18677   2.19363   0.84543   1.90669   1.52853   0.82062   0.08128   1.00000  
 81  4.5589   7439.289936  x:  4.96684   0.10561   0.06278   0.45647   0.64140   0.87409   0.57932   0.89828   0.05179   0.11594   0.19644   0.83241   0.69998   0.00000   0.32007   0.79988   1.04107   1.08044   1.31472   1.06953   0.47188   0.41889   0.51075   0.21383   1.51870   0.45586   0.20265   0.05741   0.27152   0.10467   0.21150   0.20837   0.14897   1.42308   0.18293   2.18326   0.85073   1.89857   1.53431   0.85028   0.08123   1.00000  
 82  2.6021   7439.261754  x:  4.96237   0.10690   0.06256   0.45126   0.64892   0.87481   0.57171   0.90821   0.05159   0.11489   0.20023   0.82104   0.70011   0.00000   0.31912   0.79699   1.05257   1.08977   1.32692   1.07493   0.48475   0.41361   0.51788   0.21406   1.52403   0.45644   0.20368   0.05645   0.27212   0.10437   0.21213   0.20878   0.14938   1.42685   0.18479   2.17211   0.85695   1.89604   1.53583   0.86304   0.08121   1.00000  
 83  1.6340   7439.244129  x:  4.96010   0.10764   0.06229   0.45293   0.65093   0.87301   0.57055   0.91111   0.05158   0.11670   0.19961   0.82437   0.69944   0.00000   0.32141   0.79446   1.05992   1.09862   1.33720   1.06617   0.47969   0.41704   0.51675   0.21613   1.53820   0.45432   0.20379   0.05575   0.27251   0.10420   0.21244   0.20910   0.14898   1.43699   0.18288   2.15764   0.86270   1.90569   1.54010   0.87378   0.08119   1.00000  
 84  0.8816   7439.224226  x:  4.95823   0.10865   0.06182   0.46054   0.64509   0.87399   0.57738   0.90579   0.05133   0.11774   0.19877   0.83185   0.70150   0.00000   0.31978   0.78871   1.05650   1.09810   1.33915   1.06481   0.48153   0.41699   0.52043   0.21532   1.55163   0.45641   0.20422   0.05450   0.27295   0.10415   0.21294   0.20973   0.14674   1.44875   0.18325   2.14003   0.86609   1.89325   1.54791   0.89019   0.08115   1.00000  
 85  0.7399   7439.181551  x:  4.95514   0.10898   0.06177   0.46548   0.63858   0.87435   0.58101   0.89267   0.05126   0.11546   0.20268   0.82121   0.69711   0.00000   0.33255   0.79119   1.04977   1.09066   1.32820   1.08374   0.47804   0.41667   0.51915   0.21265   1.55022   0.46209   0.20403   0.05101   0.27178   0.10323   0.21237   0.20943   0.13980   1.45347   0.18276   2.11080   0.86979   1.90181   1.58209   0.91742   0.08107   1.00000  
 86  0.8126   7439.114730  x:  4.95111   0.11032   0.06039   0.45624   0.64473   0.86887   0.57376   0.89412   0.05069   0.11383   0.20408   0.81601   0.70485   0.00000   0.33323   0.79131   1.04632   1.08866   1.29802   1.06296   0.47580   0.41727   0.51799   0.22252   1.52199   0.45241   0.20353   0.04540   0.26899   0.10238   0.21184   0.20892   0.13017   1.43449   0.18258   2.07990   0.87329   1.89516   1.64058   0.96009   0.08093   1.00000  
 87  1.6683   7439.104888  x:  4.94982   0.11061   0.06097   0.45316   0.64403   0.86541   0.57263   0.89578   0.05142   0.11374   0.20593   0.81966   0.69685   0.00000   0.33346   0.78655   1.04512   1.08986   1.29803   1.05652   0.47578   0.41550   0.51856   0.21656   1.51552   0.46126   0.20341   0.04451   0.26861   0.10213   0.21150   0.20876   0.12888   1.42787   0.18268   2.07695   0.87435   1.89456   1.65066   0.96614   0.08091   1.00000  
 88  1.1883   7439.101988  x:  4.94756   0.11039   0.06099   0.45492   0.64244   0.86238   0.57406   0.89342   0.05145   0.11387   0.20510   0.81807   0.69687   0.00000   0.33383   0.77781   1.04314   1.09104   1.30442   1.05666   0.47557   0.41552   0.51798   0.21772   1.51262   0.45941   0.20316   0.04436   0.26828   0.10217   0.21135   0.20861   0.12892   1.42199   0.18227   2.07714   0.87533   1.89467   1.65586   0.96824   0.08090   1.00000  
 89  0.3480   7439.093790  x:  4.92294   0.10991   0.06231   0.45544   0.64209   0.86044   0.58041   0.88898   0.05194   0.11266   0.20610   0.81982   0.69764   0.00000   0.33617   0.77235   1.05335   1.09754   1.29646   1.05771   0.47694   0.41537   0.51806   0.21823   1.50858   0.46020   0.20261   0.04526   0.26821   0.10345   0.21165   0.20899   0.12964   1.41947   0.18431   2.07141   0.87097   1.89522   1.67446   0.98776   0.08087   1.00000  
 90  0.1166   7439.084228  x:  4.89271   0.10863   0.06352   0.45420   0.64542   0.86219   0.57709   0.89699   0.05245   0.11137   0.20670   0.82137   0.69741   0.00000   0.34433   0.76800   1.04579   1.09164   1.29065   1.05693   0.47781   0.41506   0.51818   0.22002   1.50757   0.45980   0.20187   0.04635   0.26800   0.10500   0.21191   0.20934   0.13034   1.42157   0.18187   2.06639   0.87899   1.89492   1.69837   1.01133   0.08083   1.00478  
 91  0.7829   7439.083031  x:  4.88812   0.10864   0.06356   0.45452   0.64528   0.86164   0.57773   0.89733   0.05239   0.11119   0.20716   0.82132   0.69790   0.00000   0.34309   0.77182   1.03942   1.09809   1.29063   1.05755   0.47837   0.41529   0.51821   0.21997   1.50763   0.46010   0.20190   0.04640   0.26812   0.10511   0.21200   0.20944   0.13046   1.42018   0.18201   2.06583   0.87956   1.89538   1.70378   1.01769   0.08083   1.01431  
 92  0.1618   7439.062514  x:  4.80308   0.10504   0.06286   0.44228   0.65247   0.86496   0.58050   0.88826   0.05286   0.10984   0.21156   0.81724   0.69389   0.00000   0.34332   0.76629   1.03378   1.09177   1.28813   1.05202   0.47910   0.41377   0.51601   0.21661   1.50338   0.45678   0.20323   0.04540   0.26882   0.10417   0.21170   0.20868   0.13284   1.42721   0.18255   2.05968   0.87062   1.89601   1.85518   1.16167   0.08062   1.30538  
 93  0.2499   7439.047719  x:  4.74682   0.10290   0.06213   0.45363   0.63989   0.85794   0.57472   0.89857   0.05260   0.10874   0.21419   0.81529   0.69250   0.00000   0.34260   0.76604   1.03928   1.08546   1.28081   1.05247   0.47862   0.41335   0.51448   0.21428   1.50503   0.45476   0.20415   0.04470   0.26941   0.10354   0.21162   0.20831   0.13461   1.42137   0.18251   2.05635   0.86841   1.89633   1.96043   1.26462   0.08048   1.51063  
 94  5.0750   7439.039138  x:  4.73327   0.10249   0.06207   0.45040   0.64476   0.85455   0.57875   0.89466   0.05240   0.10806   0.21423   0.81489   0.69313   0.00000   0.34261   0.76847   1.04135   1.07988   1.27755   1.05262   0.47956   0.41383   0.51427   0.21289   1.51873   0.45549   0.20436   0.04472   0.26963   0.10318   0.21167   0.20830   0.13529   1.40666   0.18163   2.05636   0.87462   1.89642   2.02653   1.33194   0.08042   1.64612  
 95  0.7989   7438.946117  x:  4.65018   0.09600   0.06050   0.45340   0.64151   0.85127   0.57516   0.89089   0.05108   0.10752   0.20868   0.80940   0.69301   0.00000   0.34437   0.76393   1.03789   1.07527   1.27787   1.04820   0.47615   0.41300   0.51144   0.21186   1.51887   0.45520   0.20299   0.04627   0.26920   0.10050   0.21089   0.20697   0.13711   1.40234   0.18231   2.04241   0.87116   1.89520   2.62190   1.91925   0.07984   2.85821  
 96  4.1411   7438.822039  x:  4.90281   0.10317   0.06055   0.46144   0.64161   0.86122   0.57255   0.89343   0.04992   0.11025   0.20325   0.81402   0.69458   0.00000   0.34318   0.77277   1.04567   1.09188   1.30073   1.05458   0.47253   0.41465   0.51623   0.21975   1.51234   0.46167   0.20131   0.04902   0.26692   0.10201   0.21077   0.20778   0.13223   1.41888   0.18299   2.06361   0.87725   1.89243   2.97444   2.28369   0.07971   4.10089  
 97  0.7914   7438.767372  x:  5.02440   0.10980   0.06292   0.45865   0.64478   0.86731   0.57669   0.89993   0.05226   0.10963   0.20720   0.82079   0.69731   0.00000   0.34513   0.77501   1.04880   1.10024   1.30415   1.06021   0.47752   0.41659   0.51939   0.22141   1.51146   0.46227   0.20230   0.04711   0.26823   0.10513   0.21196   0.20958   0.13083   1.43019   0.18270   2.08812   0.87744   1.89555   2.69967   2.01868   0.08002   3.95382  
 98  0.3364   7438.695543  x:  5.03349   0.11090   0.06464   0.45423   0.64741   0.86631   0.58121   0.90660   0.05547   0.10285   0.21747   0.82025   0.69800   0.00000   0.35285   0.76735   1.05061   1.09551   1.29657   1.06214   0.48457   0.41836   0.51766   0.21718   1.52306   0.45975   0.20464   0.04387   0.27178   0.10677   0.21350   0.21060   0.13312   1.42899   0.18224   2.10788   0.87170   1.90190   2.94823   2.26970   0.07973   5.74296  
 99  0.7337   7438.544306  x:  4.99890   0.10672   0.06410   0.45649   0.64442   0.86364   0.57356   0.90006   0.05402   0.10786   0.20997   0.81533   0.70000   0.00000   0.34838   0.76112   1.04676   1.09020   1.30452   1.05621   0.47911   0.41725   0.51494   0.21845   1.51854   0.46150   0.20016   0.04865   0.27075   0.10414   0.21340   0.20948   0.13101   1.42827   0.18406   2.08969   0.86943   1.90130   2.52832   1.84616   0.07974   8.09110  
100  0.8370   7438.467596  x:  4.93910   0.10364   0.06093   0.46270   0.64500   0.86380   0.57505   0.89512   0.05272   0.10969   0.20494   0.81563   0.70066   0.00000   0.35561   0.75714   1.04415   1.09576   1.31001   1.05517   0.47543   0.41652   0.51659   0.22165   1.51195   0.46232   0.20112   0.04795   0.26742   0.10352   0.21164   0.20879   0.13187   1.42915   0.18336   2.08154   0.87118   1.89955   2.74800   2.06172   0.07936  11.20011  
101  2.2653   7438.433961  x:  4.94567   0.10585   0.06088   0.46404   0.64672   0.86461   0.57894   0.89873   0.05416   0.11019   0.19643   0.82133   0.70602   0.00000   0.36271   0.75226   1.04550   1.09726   1.31368   1.05802   0.47831   0.41675   0.51780   0.22116   1.51665   0.46023   0.20341   0.04527   0.26868   0.10447   0.21141   0.20897   0.13236   1.42903   0.18202   2.08813   0.86985   1.90182   2.56807   1.88178   0.07938  13.82555  
102  1.6486   7438.421141  x:  4.97064   0.10658   0.06250   0.46246   0.64502   0.86369   0.57588   0.90070   0.05433   0.11082   0.19759   0.82064   0.70723   0.00000   0.35850   0.75185   1.04734   1.09299   1.31491   1.05753   0.47880   0.41636   0.51604   0.22114   1.51865   0.46059   0.20087   0.04733   0.26999   0.10414   0.21237   0.20889   0.13052   1.42745   0.18280   2.08697   0.86916   1.90318   2.60915   1.92272   0.07933  16.03015  
103  1.3785   7438.415897  x:  4.95918   0.10549   0.06078   0.46398   0.64569   0.86388   0.57577   0.89866   0.05418   0.11221   0.19835   0.82137   0.70789   0.00000   0.36052   0.75109   1.04662   1.09427   1.31608   1.05775   0.47782   0.41685   0.51700   0.22166   1.51791   0.46130   0.20165   0.04690   0.26817   0.10464   0.21220   0.20928   0.13187   1.43002   0.18273   2.09105   0.86902   1.90342   2.56968   1.88520   0.07941  17.98548  
104  0.9833   7438.413933  x:  4.94791   0.10583   0.06200   0.46406   0.64592   0.86395   0.57680   0.89889   0.05423   0.11234   0.19956   0.82106   0.70802   0.00000   0.36108   0.75023   1.04564   1.09432   1.31654   1.05706   0.47822   0.41641   0.51694   0.22148   1.51765   0.46032   0.20188   0.04660   0.26958   0.10397   0.21178   0.20885   0.13126   1.42938   0.18227   2.08678   0.86835   1.90367   2.56952   1.88347   0.07952  18.97294  
105  0.4974   7438.411841  x:  4.93110   0.10589   0.06103   0.46278   0.64493   0.86289   0.57598   0.89947   0.05433   0.11209   0.20052   0.82118   0.70825   0.00000   0.36093   0.74888   1.04579   1.09255   1.31560   1.05729   0.47870   0.41661   0.51650   0.22123   1.51677   0.46060   0.20119   0.04695   0.26892   0.10463   0.21229   0.20899   0.13084   1.42726   0.18255   2.08416   0.86866   1.90413   2.57386   1.88685   0.07981  19.45834  
106  0.1487   7438.410442  x:  4.90980   0.10601   0.06162   0.46382   0.64538   0.86219   0.57558   0.89817   0.05434   0.11227   0.19959   0.82067   0.70758   0.00000   0.36151   0.74850   1.04482   1.09300   1.31354   1.05660   0.47776   0.41633   0.51649   0.22159   1.51582   0.46063   0.20168   0.04678   0.26876   0.10424   0.21195   0.20903   0.13099   1.42737   0.18214   2.08343   0.86889   1.90334   2.57517   1.88865   0.08004  18.80929  
107  0.3261   7438.410290  x:  4.91001   0.10599   0.06149   0.46358   0.64529   0.86238   0.57597   0.89832   0.05429   0.11215   0.19923   0.82055   0.70745   0.00000   0.36156   0.74850   1.04461   1.09309   1.31346   1.05660   0.47794   0.41643   0.51664   0.22138   1.51567   0.46053   0.20168   0.04670   0.26898   0.10425   0.21198   0.20898   0.13082   1.42719   0.18211   2.08204   0.86882   1.90333   2.58243   1.89572   0.08005  18.42827  
108  0.3462   7438.410288  x:  4.91011   0.10597   0.06150   0.46350   0.64526   0.86235   0.57598   0.89838   0.05429   0.11211   0.19925   0.82056   0.70746   0.00000   0.36148   0.74852   1.04466   1.09302   1.31348   1.05662   0.47798   0.41642   0.51660   0.22138   1.51566   0.46054   0.20165   0.04672   0.26898   0.10426   0.21199   0.20897   0.13083   1.42713   0.18214   2.08212   0.86886   1.90335   2.58240   1.89562   0.08005  18.40225  
109  0.0264   7438.410288  x:  4.91014   0.10596   0.06151   0.46350   0.64526   0.86235   0.57597   0.89838   0.05429   0.11211   0.19929   0.82056   0.70745   0.00000   0.36148   0.74853   1.04467   1.09302   1.31347   1.05662   0.47798   0.41642   0.51659   0.22138   1.51566   0.46053   0.20166   0.04672   0.26898   0.10427   0.21199   0.20897   0.13083   1.42712   0.18214   2.08211   0.86886   1.90334   2.58255   1.89578   0.08005  18.39950  
110  0.0018   7438.410288  x:  4.91013   0.10596   0.06151   0.46350   0.64526   0.86235   0.57597   0.89838   0.05429   0.11211   0.19930   0.82055   0.70745   0.00000   0.36148   0.74853   1.04466   1.09302   1.31347   1.05662   0.47798   0.41642   0.51659   0.22138   1.51566   0.46053   0.20166   0.04671   0.26898   0.10426   0.21199   0.20897   0.13083   1.42713   0.18214   2.08211   0.86886   1.90334   2.58253   1.89576   0.08005  18.39817  
111  0.0011   7438.410288  x:  4.91013   0.10596   0.06151   0.46350   0.64526   0.86235   0.57597   0.89838   0.05429   0.11211   0.19930   0.82055   0.70745   0.00000   0.36148   0.74853   1.04466   1.09302   1.31347   1.05662   0.47798   0.41642   0.51659   0.22138   1.51566   0.46053   0.20166   0.04671   0.26898   0.10426   0.21199   0.20897   0.13083   1.42713   0.18214   2.08211   0.86886   1.90334   2.58253   1.89576   0.08005  18.39798  
112  0.0002   7438.410288  x:  4.91013   0.10596   0.06150   0.46350   0.64526   0.86235   0.57597   0.89838   0.05429   0.11211   0.19930   0.82055   0.70745   0.00000   0.36148   0.74853   1.04466   1.09302   1.31347   1.05662   0.47798   0.41642   0.51659   0.22138   1.51566   0.46053   0.20166   0.04671   0.26898   0.10426   0.21199   0.20897   0.13083   1.42713   0.18214   2.08211   0.86886   1.90334   2.58253   1.89576   0.08005  18.39797  
113  0.0000   7438.410288  x:  4.91013   0.10596   0.06150   0.46350   0.64526   0.86235   0.57597   0.89838   0.05429   0.11211   0.19930   0.82055   0.70745   0.00000   0.36148   0.74853   1.04466   1.09302   1.31347   1.05662   0.47798   0.41642   0.51659   0.22138   1.51566   0.46053   0.20166   0.04671   0.26898   0.10426   0.21199   0.20897   0.13083   1.42713   0.18214   2.08211   0.86886   1.90334   2.58253   1.89576   0.08005  18.39797  
114  0.0000   7438.410288  x:  4.91013   0.10596   0.06150   0.46350   0.64526   0.86235   0.57597   0.89838   0.05429   0.11211   0.19930   0.82055   0.70745   0.00000   0.36148   0.74853   1.04466   1.09302   1.31347   1.05662   0.47798   0.41642   0.51659   0.22138   1.51566   0.46053   0.20166   0.04671   0.26898   0.10426   0.21199   0.20897   0.13083   1.42713   0.18214   2.08211   0.86886   1.90334   2.58253   1.89576   0.08005  18.39797  
115  0.0001   7438.410288  x:  4.91013   0.10596   0.06150   0.46350   0.64526   0.86235   0.57597   0.89838   0.05429   0.11211   0.19930   0.82055   0.70745   0.00000   0.36148   0.74853   1.04466   1.09302   1.31347   1.05662   0.47798   0.41642   0.51659   0.22138   1.51566   0.46053   0.20166   0.04671   0.26898   0.10426   0.21199   0.20897   0.13083   1.42713   0.18214   2.08211   0.86886   1.90334   2.58253   1.89576   0.08005  18.39797  
116  0.0001   7438.410288  x:  4.91013   0.10596   0.06150   0.46350   0.64526   0.86235   0.57597   0.89838   0.05429   0.11211   0.19930   0.82055   0.70745   0.00000   0.36148   0.74853   1.04466   1.09302   1.31347   1.05662   0.47798   0.41642   0.51659   0.22138   1.51566   0.46053   0.20166   0.04671   0.26898   0.10426   0.21199   0.20897   0.13083   1.42713   0.18214   2.08211   0.86886   1.90334   2.58253   1.89576   0.08005  18.39797  
check convergence!
