

TREE # 1

  0  0.0000   9217.070715  x:  0.17444   0.02804   0.07307   0.00000   0.21220   0.15259   0.14764   0.15672   0.09176   0.01488   0.10164   0.09888   0.08304   0.02822   0.03654   0.11840   0.16638   0.13073   0.17006   0.12456   0.13600   0.08105   0.05011   0.02312   0.14692   0.15208   0.08109   0.04353   0.13235   0.02986   0.05286   0.04009   0.10565   0.11049   0.05181   0.16210   0.10351   2.00000   1.39835   0.16116   0.29812   1.40136  
  1 99.0000   8110.158397  x:  0.33805   0.14827   0.13395   0.32817   0.26333   0.21862   0.20657   0.22858   0.13395   0.10637   0.15861   0.22683   0.21337   0.09802   0.16488   0.18668   0.24295   0.24164   0.25570   0.23522   0.18588   0.17963   0.21780   0.13225   0.26941   0.19666   0.10914   0.05639   0.15078   0.08258   0.12645   0.14500   0.14690   0.24438   0.15030   0.28331   0.25591   1.99212   1.43158   0.12819   0.00000   1.40102  
  2 3559.7509   7958.753857  x:  0.52115   0.28279   0.20206   0.69533   0.32054   0.29251   0.27252   0.30901   0.18116   0.20871   0.22235   0.37000   0.35919   0.17611   0.30849   0.26309   0.32864   0.36576   0.35154   0.35905   0.24170   0.28993   0.40543   0.25436   0.40650   0.24654   0.14052   0.07077   0.17139   0.14155   0.20878   0.26236   0.19305   0.39421   0.26050   0.41895   0.42645   1.98330   1.46877   0.09129   0.00097   1.40064  
  3 19117.8967   7871.698928  x:  0.62577   0.26376   0.14478   0.68061   0.31547   0.31587   0.30580   0.36073   0.11855   0.15324   0.18477   0.38805   0.36300   0.13657   0.31476   0.29030   0.38057   0.43095   0.40101   0.38542   0.22008   0.26413   0.38162   0.21566   0.47788   0.24367   0.10076   0.00000   0.14119   0.07680   0.14025   0.18560   0.17600   0.43596   0.26403   0.49556   0.47538   1.98075   1.42190   0.13807   0.00095   1.39998  
  4 386.5448   7815.429679  x:  0.77333   0.22524   0.05196   0.64414   0.30382   0.34786   0.34349   0.42369   0.01902   0.06715   0.13077   0.41175   0.36655   0.07678   0.31694   0.32075   0.44487   0.51126   0.46555   0.42400   0.19884   0.22951   0.34337   0.15235   0.57907   0.23921   0.14172   0.11936   0.14514   0.03264   0.07475   0.08948   0.13815   0.49353   0.25642   0.59733   0.53437   1.97717   1.35728   0.20362   0.00094   1.39815  
  5 860.9742   7799.831862  x:  0.81661   0.20507   0.03096   0.61649   0.29794   0.35554   0.34896   0.43675   0.00000   0.04892   0.12103   0.41581   0.36625   0.06161   0.31169   0.32477   0.45892   0.52815   0.48104   0.43708   0.20551   0.22285   0.32754   0.13449   0.60666   0.23569   0.13997   0.12166   0.15780   0.05956   0.10821   0.10357   0.11816   0.50957   0.24335   0.62353   0.54333   1.97600   1.33653   0.22496   0.00093   1.39733  
  6 347.4340   7764.977414  x:  1.01298   0.09669   0.08391   0.44195   0.27349   0.38573   0.34919   0.47049   0.09173   0.08926   0.14262   0.42927   0.38025   0.04693   0.27619   0.32489   0.50014   0.57450   0.53629   0.51815   0.30951   0.23424   0.26178   0.11719   0.72490   0.24062   0.15138   0.14829   0.19259   0.04394   0.12821   0.15555   0.00000   0.59176   0.13911   0.72471   0.55006   1.96886   1.24465   0.32098   0.00091   1.39170  
  7 273.0093   7754.421516  x:  1.11902   0.11014   0.07247   0.29494   0.30863   0.40820   0.32418   0.45755   0.08535   0.09782   0.18406   0.44127   0.40138   0.05865   0.25055   0.30037   0.49232   0.55388   0.55313   0.55845   0.33656   0.29978   0.31623   0.15377   0.75090   0.27220   0.16332   0.14461   0.19751   0.09458   0.11327   0.12460   0.04566   0.68212   0.09280   0.77074   0.52539   1.96112   1.18707   0.38366   0.00089   1.38550  
  8 112.3702   7751.766800  x:  1.14981   0.11293   0.06549   0.25438   0.34529   0.41785   0.31887   0.45246   0.07221   0.09283   0.19558   0.44547   0.40977   0.06222   0.24745   0.29504   0.48751   0.54048   0.55672   0.56655   0.33311   0.31076   0.33468   0.16629   0.74462   0.27939   0.16831   0.15100   0.18442   0.05622   0.13653   0.14814   0.05764   0.71052   0.09292   0.78222   0.51652   1.95792   1.16574   0.40804   0.00089   1.38153  
  9 83.3108   7750.037642  x:  1.18055   0.09584   0.07816   0.23857   0.42914   0.43092   0.32725   0.45464   0.06838   0.09086   0.20669   0.44873   0.42080   0.06887   0.25936   0.30590   0.48750   0.52391   0.55986   0.56790   0.31961   0.29376   0.33989   0.17723   0.71267   0.27657   0.16383   0.15367   0.20453   0.06429   0.12331   0.16041   0.04210   0.73444   0.11747   0.78931   0.50799   1.95312   1.13995   0.44137   0.00089   1.37220  
 10 36.1955   7749.638043  x:  1.18869   0.09720   0.08170   0.23581   0.44582   0.43065   0.33202   0.45882   0.07526   0.09545   0.20808   0.44909   0.42304   0.06958   0.26535   0.31547   0.49254   0.52540   0.56055   0.56677   0.32188   0.29095   0.34080   0.17954   0.70263   0.27643   0.16498   0.15505   0.20220   0.06495   0.13923   0.14260   0.03838   0.73971   0.12575   0.79024   0.50650   1.95094   1.13556   0.45039   0.00089   1.36647  
 11 20.9163   7748.719716  x:  1.20794   0.12075   0.07066   0.23350   0.45728   0.41799   0.34518   0.47475   0.09121   0.10103   0.20296   0.45308   0.42701   0.06056   0.28342   0.34963   0.51534   0.54501   0.56112   0.55921   0.34117   0.29915   0.35192   0.18093   0.68152   0.28032   0.17869   0.15707   0.18502   0.07441   0.13496   0.15693   0.03464   0.75040   0.14451   0.79077   0.50681   1.94437   1.12919   0.47838   0.00088   1.33959  
 12 13.4072   7746.580913  x:  1.24076   0.14695   0.05295   0.28722   0.44576   0.39768   0.35127   0.48618   0.08941   0.08959   0.21112   0.48761   0.45370   0.06617   0.31620   0.38122   0.53417   0.56786   0.55935   0.56471   0.36465   0.32967   0.39646   0.20120   0.67741   0.30430   0.18073   0.15408   0.24068   0.05493   0.14085   0.16097   0.00573   0.77043   0.14937   0.79122   0.52255   1.93574   1.10697   0.56629   0.00088   1.25713  
 13 19.9070   7742.178719  x:  1.30213   0.17585   0.09108   0.42117   0.42285   0.41630   0.37406   0.50459   0.06713   0.08470   0.24131   0.54355   0.50675   0.11569   0.36073   0.37886   0.52951   0.58876   0.56848   0.61747   0.35285   0.32100   0.42660   0.24710   0.75206   0.33845   0.17877   0.17572   0.20145   0.07653   0.15305   0.18221   0.00672   0.82143   0.16459   0.82063   0.60014   1.93020   1.07344   0.75262   0.00086   1.06406  
 14 40.8069   7740.374558  x:  1.30813   0.16667   0.08186   0.45046   0.43979   0.45763   0.39175   0.51660   0.06477   0.10879   0.24642   0.54163   0.51138   0.11396   0.36267   0.37085   0.53185   0.60262   0.58562   0.63420   0.35743   0.33277   0.44021   0.24896   0.78398   0.32070   0.18396   0.17606   0.21649   0.07192   0.15623   0.18847   0.02894   0.84107   0.16786   0.84235   0.62132   1.93889   1.09709   0.77777   0.00085   1.00000  
 15 32.0700   7739.729484  x:  1.29846   0.15003   0.07715   0.48144   0.45263   0.47690   0.37845   0.50743   0.06457   0.12136   0.23177   0.53316   0.51180   0.09604   0.36346   0.36621   0.54004   0.61318   0.60588   0.63936   0.36036   0.35053   0.46145   0.25793   0.79362   0.29854   0.18940   0.17611   0.20211   0.07617   0.15736   0.18757   0.02316   0.85383   0.15509   0.85719   0.61696   1.96038   1.09344   0.81071   0.00085   1.00000  
 16 16.7239   7739.058785  x:  1.28600   0.15652   0.08885   0.48797   0.44807   0.47369   0.36575   0.51003   0.06712   0.13018   0.20261   0.52903   0.51489   0.08597   0.36734   0.36285   0.56161   0.62147   0.64101   0.64828   0.35220   0.33623   0.45452   0.28400   0.79872   0.29536   0.19657   0.17410   0.21854   0.07391   0.16088   0.19191   0.04218   0.87774   0.15702   0.88449   0.59937   1.99208   1.09974   0.84637   0.00085   1.00000  
 17  9.6043   7737.505753  x:  1.26362   0.13726   0.06384   0.47920   0.43645   0.45983   0.39147   0.55005   0.05287   0.15141   0.19911   0.56555   0.53969   0.10572   0.37726   0.34909   0.59513   0.61209   0.69432   0.67097   0.35393   0.33347   0.45218   0.30748   0.79737   0.30319   0.18404   0.18045   0.20892   0.07740   0.16012   0.19288   0.02216   0.91268   0.16139   0.92974   0.56527   2.04414   1.14694   0.90978   0.00084   1.00000  
 18 12.2797   7731.413398  x:  1.31414   0.15112   0.08267   0.47055   0.44425   0.46019   0.41808   0.57536   0.06833   0.12374   0.18146   0.60030   0.54333   0.07145   0.34997   0.31930   0.61341   0.59879   0.71149   0.67629   0.38978   0.36403   0.45014   0.27095   0.82604   0.31723   0.16052   0.18629   0.21285   0.07984   0.16265   0.18963   0.00000   0.97016   0.21068   1.00337   0.59878   2.06867   1.26700   1.09779   0.00083   1.00000  
 19 15.5770   7712.201567  x:  1.65835   0.16126   0.06515   0.43138   0.51137   0.52348   0.40011   0.55780   0.05250   0.10161   0.28614   0.66613   0.54458   0.11139   0.37173   0.42540   0.73749   0.72738   0.79020   0.78416   0.38791   0.36340   0.40398   0.07522   1.00010   0.39613   0.35041   0.07650   0.23899   0.08162   0.17051   0.18098   0.00000   1.12856   0.20677   1.21346   0.71326   2.04400   1.87729   2.01380   0.00079   1.00000  
 20 81.7012   7702.587591  x:  1.88041   0.12363   0.07561   0.39268   0.54577   0.59949   0.47559   0.63433   0.04299   0.04681   0.28812   0.61921   0.53848   0.06788   0.39500   0.52915   0.77602   0.84186   0.80414   0.81307   0.35945   0.34140   0.44883   0.19534   1.11571   0.46434   0.31985   0.08410   0.24201   0.08984   0.17980   0.18793   0.00000   1.13031   0.10423   1.25490   0.74128   1.96448   2.21039   2.45021   0.00076   1.00000  
 21 92.7326   7699.695258  x:  1.98145   0.14487   0.03898   0.37995   0.53579   0.61071   0.46821   0.65665   0.03035   0.11916   0.27471   0.59192   0.55949   0.06758   0.41178   0.55427   0.76015   0.87461   0.80499   0.82603   0.35223   0.31429   0.46048   0.21663   1.14519   0.42605   0.24430   0.11554   0.25359   0.08835   0.17809   0.19342   0.00000   1.10296   0.09432   1.25081   0.75467   1.94101   2.28253   2.60483   0.00076   1.00000  
 22 52.7715   7698.671660  x:  2.05906   0.13955   0.05502   0.36743   0.52945   0.60764   0.44316   0.67577   0.01917   0.10012   0.24454   0.60111   0.59188   0.09052   0.43258   0.55677   0.73547   0.89141   0.83011   0.84088   0.36139   0.32859   0.46186   0.22306   1.14191   0.36504   0.23238   0.11877   0.25157   0.08764   0.17638   0.19133   0.00000   1.06766   0.10193   1.23239   0.74045   1.94935   2.33364   2.63597   0.00076   1.00000  
 23 18.6996   7698.162327  x:  2.10470   0.13522   0.03807   0.37614   0.53072   0.60247   0.43231   0.68384   0.02975   0.09563   0.24037   0.60803   0.60308   0.08383   0.42909   0.54381   0.71597   0.89392   0.83815   0.84224   0.36527   0.32415   0.45276   0.23764   1.13943   0.35684   0.24127   0.11329   0.24885   0.08814   0.17567   0.18911   0.04683   1.05150   0.10860   1.22329   0.73123   1.96458   2.35481   2.64657   0.00076   1.00000  
 24 17.1938   7697.794459  x:  2.16605   0.10903   0.03841   0.39579   0.52716   0.58499   0.43359   0.69722   0.02426   0.10992   0.23780   0.61735   0.60524   0.06793   0.42324   0.52752   0.70421   0.89637   0.84270   0.83463   0.36537   0.32729   0.44694   0.23625   1.12254   0.36439   0.25166   0.10777   0.24702   0.08783   0.17621   0.18870   0.04740   1.03258   0.10667   1.21182   0.71821   1.98941   2.37314   2.66180   0.00076   1.00000  
 25 11.4378   7697.597778  x:  2.19706   0.10545   0.04828   0.40439   0.52124   0.58164   0.44191   0.69092   0.02023   0.11571   0.23891   0.61106   0.58575   0.07092   0.42232   0.51747   0.71839   0.89729   0.85018   0.83260   0.35579   0.33041   0.45571   0.22150   1.10748   0.37607   0.24160   0.11195   0.24655   0.08776   0.17696   0.19048   0.06623   1.03081   0.10091   1.21256   0.71109   2.00469   2.38751   2.66719   0.00076   1.00000  
 26  6.4089   7697.414299  x:  2.22626   0.09622   0.03758   0.41210   0.51285   0.58518   0.44451   0.67462   0.03429   0.10697   0.23733   0.60593   0.57681   0.07983   0.42505   0.50712   0.73382   0.89256   0.85729   0.83387   0.35733   0.32489   0.46008   0.22082   1.09639   0.37844   0.23196   0.11516   0.24480   0.08809   0.17687   0.19081   0.06029   1.03092   0.10453   1.21636   0.70927   2.01037   2.40630   2.67907   0.00076   1.00000  
 27  6.1491   7696.673849  x:  2.30403   0.11186   0.04074   0.42202   0.48127   0.61503   0.47001   0.63471   0.01758   0.11220   0.24417   0.60514   0.58865   0.05420   0.42340   0.47170   0.79116   0.86220   0.87182   0.82159   0.36746   0.31328   0.45414   0.24396   1.07378   0.35723   0.24025   0.10478   0.24195   0.08852   0.17621   0.18729   0.04397   1.03920   0.11261   1.23984   0.71088   1.99963   2.48667   2.74344   0.00075   1.00000  
 28  6.5476   7694.780722  x:  2.42598   0.16395   0.02426   0.43901   0.49813   0.63299   0.48811   0.68939   0.06561   0.12054   0.18292   0.62679   0.58872   0.03983   0.41773   0.43458   0.84419   0.80835   0.88993   0.82964   0.30634   0.35985   0.43636   0.23165   1.10730   0.35039   0.25491   0.08212   0.24542   0.09471   0.18239   0.18781   0.00000   1.06962   0.09000   1.29746   0.73554   1.98992   2.68289   2.97631   0.00075   1.00000  
 29 10.5909   7694.780722  x:  2.42598   0.16395   0.02426   0.43901   0.49813   0.63299   0.48811   0.68939   0.06561   0.12054   0.18292   0.62679   0.58872   0.03983   0.41773   0.43458   0.84419   0.80835   0.88993   0.82964   0.30634   0.35985   0.43636   0.23165   1.10730   0.35039   0.25491   0.08212   0.24542   0.09471   0.18239   0.18781   0.00000   1.06962   0.09000   1.29746   0.73554   1.98992   2.68289   2.97631   0.00075   1.00000  
 30 31.9666   7543.222519  x:  2.42599   0.16394   0.02430   0.43901   0.49813   0.63299   0.48811   0.68940   0.06563   0.12054   0.18293   0.62680   0.58872   0.03982   0.41772   0.43458   0.84418   0.80836   0.88994   0.82964   0.30639   0.35985   0.43637   0.23164   1.10731   0.35039   0.25482   0.08199   0.24541   0.09470   0.18240   0.18781   0.00001   1.06963   0.09003   1.29748   0.73557   1.98993   2.68289   2.97632   0.07095   1.00000  
 31 28004.6238   7493.094592  x:  2.46664   0.25471   0.17276   0.50191   0.57878   0.68988   0.56221   0.76864   0.17588   0.20522   0.28256   0.71250   0.65461   0.12754   0.47548   0.51108   0.89763   0.88549   0.95343   0.89099   0.45402   0.43997   0.52206   0.29137   1.18071   0.43592   0.21548   0.00000   0.30594   0.15943   0.28372   0.27925   0.77546   1.14391   0.22054   1.36998   0.83663   1.94004   3.02826   2.63160   0.08189   1.00000  
 32 310.4360   7490.205722  x:  2.47109   0.25552   0.17577   0.50483   0.58401   0.69525   0.56828   0.77545   0.17650   0.20504   0.28661   0.71949   0.65867   0.12892   0.47877   0.51780   0.90261   0.89283   0.95945   0.89564   0.46248   0.44412   0.52689   0.29121   1.18767   0.44055   0.21586   0.05450   0.30740   0.15740   0.28340   0.27858   0.81380   1.14897   0.22817   1.37722   0.84434   1.93574   3.05319   2.60677   0.08254   1.00000  
 33 338.0435   7473.785851  x:  2.51263   0.19911   0.10845   0.50056   0.60398   0.73717   0.60669   0.82267   0.09914   0.13366   0.27265   0.76500   0.67128   0.08041   0.48565   0.56698   0.94104   0.95118   1.00740   0.92297   0.48314   0.44603   0.53606   0.24034   1.24165   0.43819   0.18536   0.05400   0.26604   0.05184   0.19543   0.19498   0.83911   1.17272   0.24954   1.43882   0.89063   1.90322   3.17302   2.48815   0.08343   1.00000  
 34 100.5615   7467.403026  x:  2.54756   0.14738   0.05684   0.49243   0.61330   0.76378   0.62508   0.84974   0.03773   0.07714   0.25810   0.79163   0.67429   0.03605   0.48416   0.59991   0.96588   0.98978   1.03997   0.94091   0.49232   0.43749   0.53322   0.20161   1.28110   0.43123   0.18560   0.04913   0.25639   0.12164   0.17652   0.18200   0.82921   1.18644   0.25509   1.48491   0.91930   1.88340   3.24802   2.41407   0.08388   1.00000  
 35 132.2138   7464.785275  x:  2.59253   0.08985   0.06399   0.47927   0.61534   0.78050   0.62174   0.86036   0.04672   0.06090   0.25058   0.80400   0.66893   0.00000   0.47187   0.62669   0.98254   1.01786   1.06609   0.96056   0.50063   0.41627   0.51439   0.19017   1.32030   0.42824   0.19201   0.04703   0.25134   0.10283   0.23381   0.22820   0.79811   1.19516   0.24226   1.53135   0.93654   1.87193   3.28803   2.37543   0.08401   1.00000  
 36 49.3897   7462.917149  x:  2.66468   0.02885   0.10633   0.45692   0.61419   0.79481   0.60113   0.86245   0.07632   0.10010   0.25386   0.81147   0.65647   0.00000   0.44924   0.65804   0.99774   1.04522   1.09784   0.98967   0.51286   0.39058   0.48876   0.19149   1.36963   0.42784   0.19609   0.04533   0.26163   0.11450   0.22080   0.21312   0.77600   1.20573   0.21645   1.59547   0.95053   1.86519   3.30338   2.36218   0.08408   1.00000  
 37 38.1777   7459.937718  x:  2.86259   0.02737   0.12893   0.39539   0.60464   0.81839   0.53628   0.85353   0.02802   0.10616   0.24802   0.81014   0.61347   0.00000   0.37281   0.71570   1.01470   1.08650   1.16593   1.03719   0.52397   0.37197   0.46804   0.17343   1.46857   0.41111   0.17482   0.04875   0.26542   0.11349   0.21866   0.22651   0.80721   1.23395   0.15848   1.75126   0.96420   1.87090   3.26041   2.41108   0.08414   1.00000  
 38 31.1972   7457.835872  x:  3.07300   0.05764   0.09411   0.37596   0.61966   0.84825   0.50325   0.86022   0.08327   0.07994   0.25666   0.81225   0.59946   0.00000   0.29469   0.76471   1.02546   1.11384   1.23014   1.06845   0.53263   0.40996   0.49864   0.17119   1.55186   0.40721   0.22034   0.04619   0.25924   0.11982   0.21862   0.21528   0.80085   1.26443   0.12530   1.90228   0.96687   1.88497   3.22524   2.45304   0.08425   1.00000  
 39 47.6360   7454.863177  x:  3.41833   0.07215   0.05893   0.42260   0.68253   0.89686   0.53162   0.90415   0.06736   0.11911   0.31845   0.82553   0.65466   0.00000   0.20905   0.82633   1.03542   1.12190   1.32606   1.08942   0.53448   0.47796   0.56059   0.23343   1.63425   0.45251   0.17631   0.04730   0.27606   0.13374   0.24324   0.22058   0.72247   1.31568   0.15754   2.11439   0.95290   1.91410   3.17549   2.51519   0.08422   1.00000  
 40 39.8946   7453.438127  x:  3.60155   0.07967   0.08599   0.45445   0.71016   0.91779   0.56943   0.93485   0.03435   0.11386   0.32811   0.83456   0.69107   0.00000   0.19758   0.85812   1.04417   1.11832   1.37471   1.09493   0.52994   0.48506   0.56775   0.25889   1.65372   0.47622   0.23003   0.04294   0.29144   0.13109   0.22846   0.23923   0.68820   1.34725   0.19317   2.20934   0.93963   1.92560   3.14737   2.55072   0.08427   1.00000  
 41 48.7168   7451.836104  x:  3.83735   0.07910   0.10029   0.48855   0.72126   0.93192   0.63628   0.97512   0.06518   0.07769   0.30024   0.85268   0.73504   0.00000   0.24609   0.90142   1.06763   1.10905   1.43018   1.09975   0.53024   0.45060   0.54055   0.24150   1.63846   0.48037   0.21215   0.04474   0.27992   0.14671   0.22741   0.23524   0.66292   1.39539   0.24954   2.30040   0.91389   1.93132   3.10198   2.60723   0.08422   1.00000  
 42 31.7196   7450.821501  x:  4.00206   0.07174   0.06735   0.49373   0.70343   0.92486   0.66232   0.98290   0.06044   0.11447   0.27682   0.86889   0.75105   0.00000   0.30837   0.92270   1.09273   1.10191   1.45238   1.10856   0.54880   0.45164   0.54322   0.20333   1.60373   0.46788   0.23130   0.04276   0.29952   0.14499   0.24767   0.22275   0.63808   1.43124   0.26484   2.33794   0.88582   1.93068   3.09508   2.62370   0.08425   1.00000  
 43 24.4571   7449.780446  x:  4.19172   0.06847   0.07954   0.49281   0.67079   0.90429   0.66101   0.96647   0.05728   0.11304   0.24630   0.88566   0.74662   0.00000   0.37551   0.92344   1.12524   1.09753   1.44949   1.11787   0.56793   0.48311   0.58097   0.19862   1.55364   0.47622   0.22033   0.04205   0.27423   0.15452   0.22561   0.24385   0.58297   1.47479   0.24478   2.35229   0.84828   1.92144   3.12410   2.60815   0.08423   1.00000  
 44 20.6107   7449.000781  x:  4.33869   0.06417   0.07896   0.49648   0.65511   0.88810   0.64702   0.94549   0.04837   0.07731   0.24927   0.89344   0.73532   0.00000   0.39980   0.89927   1.14331   1.09761   1.42232   1.11690   0.55821   0.46961   0.58478   0.22240   1.51902   0.49426   0.21579   0.04033   0.29288   0.15737   0.23936   0.21002   0.54623   1.50816   0.22332   2.34457   0.83057   1.91374   3.15968   2.58532   0.08423   1.00000  
 45 19.9355   7448.228335  x:  4.48356   0.05633   0.04344   0.50422   0.65353   0.87827   0.63534   0.92904   0.04903   0.07246   0.28069   0.89506   0.72533   0.00000   0.40000   0.85926   1.15231   1.10267   1.37773   1.10734   0.53404   0.43067   0.56552   0.22898   1.49314   0.49787   0.21819   0.03897   0.27904   0.15917   0.21844   0.21989   0.51708   1.53732   0.21122   2.32375   0.82944   1.90746   3.19847   2.56118   0.08425   1.00000  
 46 23.5100   7447.680488  x:  4.59690   0.06550   0.06108   0.50592   0.66329   0.88429   0.64084   0.93259   0.04339   0.07916   0.29060   0.88446   0.71376   0.00000   0.37633   0.81820   1.14752   1.11610   1.32937   1.08720   0.51162   0.42725   0.55790   0.19094   1.48671   0.47370   0.21808   0.03810   0.25749   0.16496   0.22463   0.20472   0.48124   1.54961   0.21653   2.29428   0.84933   1.90235   3.23349   2.54040   0.08420   1.00000  
 47 16.0773   7447.394799  x:  4.65575   0.05778   0.06195   0.49712   0.66684   0.89230   0.64889   0.94104   0.04789   0.07529   0.27608   0.87310   0.70518   0.00000   0.36043   0.79709   1.13789   1.12760   1.30198   1.07225   0.50920   0.43745   0.55343   0.17692   1.49236   0.46412   0.20979   0.03778   0.28084   0.16390   0.21278   0.21178   0.46378   1.54612   0.22551   2.26993   0.86672   1.90141   3.24846   2.53494   0.08415   1.00000  
 48 14.5325   7447.099483  x:  4.71292   0.04342   0.05275   0.47341   0.66649   0.90439   0.65813   0.95456   0.04377   0.07980   0.24876   0.86112   0.70242   0.00000   0.35313   0.78418   1.11983   1.14629   1.28114   1.05852   0.52033   0.44940   0.54142   0.19203   1.51176   0.47404   0.21393   0.03713   0.26618   0.16697   0.21565   0.20500   0.45116   1.52546   0.23564   2.23262   0.88939   1.90103   3.25696   2.53928   0.08410   1.00000  
 49  9.9268   7446.670689  x:  4.79626   0.08240   0.05038   0.43172   0.67104   0.92734   0.65836   0.97289   0.04364   0.08038   0.25430   0.86904   0.73171   0.00000   0.37520   0.79318   1.08606   1.19007   1.28298   1.05504   0.54005   0.44345   0.52676   0.19722   1.55810   0.48434   0.21117   0.03592   0.27122   0.17034   0.21219   0.20587   0.40410   1.46282   0.22541   2.15851   0.92071   1.89595   3.27719   2.54559   0.08398   1.00000  
 50  7.9334   7446.269946  x:  4.86209   0.05660   0.05458   0.43274   0.70049   0.94182   0.64084   0.97507   0.03846   0.06617   0.27606   0.88214   0.74542   0.00000   0.39479   0.81250   1.05542   1.22504   1.29743   1.06630   0.54300   0.44440   0.54969   0.18126   1.58778   0.48547   0.21347   0.03533   0.27029   0.17151   0.21224   0.20471   0.38420   1.40422   0.21086   2.08807   0.94276   1.89796   3.27791   2.57324   0.08386   1.00000  
 51  9.1078   7445.894060  x:  4.91824   0.07173   0.04984   0.46340   0.73048   0.94564   0.62603   0.97299   0.03841   0.08142   0.24636   0.88642   0.71339   0.00000   0.39340   0.84743   1.04839   1.25436   1.32211   1.09777   0.51138   0.43105   0.56384   0.18657   1.59660   0.49704   0.21224   0.03466   0.27414   0.17169   0.21270   0.20740   0.35361   1.38662   0.21297   2.04051   0.96687   1.88629   3.29217   2.59430   0.08374   1.00000  
 52  5.0609   7444.135754  x:  5.13521   0.07266   0.05837   0.47937   0.63963   0.90737   0.63736   0.98465   0.03785   0.08678   0.29907   0.89607   0.68035   0.00000   0.26556   0.96717   1.06969   1.28709   1.44433   1.14915   0.49383   0.46776   0.52879   0.22258   1.56150   0.47258   0.21224   0.03294   0.27879   0.16800   0.21466   0.21417   0.22823   1.49884   0.21977   1.92560   1.01956   1.87062   3.36344   2.71247   0.08295   1.00000  
 53  4.4075   7443.137328  x:  5.25176   0.07767   0.06252   0.49661   0.65249   0.89833   0.62696   0.96811   0.03565   0.10030   0.26186   0.87193   0.72036   0.00000   0.18752   0.99346   1.07928   1.25496   1.48113   1.11498   0.54681   0.41903   0.53923   0.20995   1.55310   0.49028   0.20968   0.03157   0.27899   0.16251   0.21328   0.21426   0.16518   1.54472   0.17283   1.92354   0.99591   1.89835   3.42580   2.76319   0.08249   1.00000  
 54  8.8938   7442.311153  x:  5.34989   0.06767   0.06725   0.43653   0.66607   0.89671   0.59063   0.92575   0.04319   0.11096   0.25099   0.83988   0.74004   0.00000   0.20276   0.98121   1.08436   1.18174   1.49379   1.05858   0.48395   0.40984   0.54696   0.21004   1.57057   0.48949   0.20787   0.03081   0.27848   0.15493   0.21217   0.21422   0.12657   1.51996   0.20424   1.99926   0.94974   1.88940   3.49353   2.79556   0.08216   1.00000  
 55  6.8228   7441.866236  x:  5.40808   0.06961   0.06842   0.44264   0.68876   0.90652   0.60191   0.92476   0.04177   0.11119   0.26298   0.83867   0.69458   0.00000   0.23295   0.94849   1.08061   1.13424   1.46797   1.05652   0.49005   0.42981   0.50554   0.22165   1.57677   0.47022   0.20549   0.03087   0.27754   0.14952   0.21190   0.21449   0.11205   1.47054   0.18686   2.06140   0.90493   1.88448   3.52931   2.81735   0.08198   1.00000  
 56  6.7087   7441.398277  x:  5.48592   0.07105   0.07325   0.45061   0.64265   0.90051   0.60859   0.93702   0.04416   0.11177   0.27056   0.85358   0.67850   0.00000   0.26034   0.87395   1.07400   1.11999   1.37998   1.10824   0.50276   0.39916   0.53495   0.22771   1.56615   0.47040   0.20629   0.03147   0.27785   0.14107   0.21390   0.21710   0.11175   1.40475   0.20060   2.13476   0.90981   1.89539   3.55378   2.85785   0.08176   1.00000  
 57  4.4928   7441.007453  x:  5.55909   0.06978   0.07539   0.47686   0.63404   0.88823   0.58177   0.92492   0.04617   0.11454   0.26504   0.84403   0.71331   0.00000   0.30882   0.81759   1.07385   1.15257   1.30272   1.11543   0.48848   0.42596   0.50377   0.22222   1.55212   0.48969   0.20646   0.03238   0.28070   0.13173   0.21612   0.22070   0.12885   1.39291   0.17983   2.17402   0.93266   1.89658   3.56833   2.90053   0.08163   1.00000  
 58  4.8853   7440.754486  x:  5.60334   0.07052   0.07737   0.46151   0.65866   0.88300   0.58188   0.92103   0.04735   0.11613   0.27943   0.81706   0.68980   0.00000   0.35542   0.79180   1.05841   1.17667   1.27606   1.08388   0.50117   0.41062   0.52313   0.24221   1.55471   0.46863   0.20761   0.03340   0.28190   0.12461   0.21843   0.22241   0.14082   1.42869   0.17600   2.16757   0.93055   1.89374   3.57966   2.93120   0.08153   1.00000  
 59  3.0980   7440.625710  x:  5.61324   0.06996   0.07849   0.44080   0.67010   0.88156   0.58424   0.91448   0.04963   0.11923   0.27248   0.84695   0.68169   0.00000   0.34803   0.78187   1.03545   1.15587   1.27774   1.08525   0.49155   0.41050   0.51999   0.23636   1.56226   0.47525   0.20715   0.03384   0.28119   0.12038   0.21932   0.22270   0.15197   1.44794   0.17879   2.14071   0.90025   1.90806   3.59527   2.94291   0.08149   1.00000  
 60  1.9490   7440.503199  x:  5.60150   0.07334   0.07702   0.44583   0.66384   0.88445   0.57052   0.89815   0.04957   0.11609   0.27025   0.82555   0.68400   0.00000   0.32567   0.79386   1.03377   1.11103   1.29284   1.09318   0.50378   0.41003   0.51203   0.22981   1.56425   0.47224   0.20691   0.03441   0.27862   0.11622   0.21857   0.22040   0.15894   1.43758   0.19648   2.11346   0.88003   1.88840   3.61856   2.95348   0.08145   1.00000  
 61  1.7821   7440.389996  x:  5.57109   0.07590   0.07515   0.44651   0.64991   0.88293   0.58100   0.90558   0.05006   0.11757   0.26712   0.80378   0.68451   0.00000   0.30715   0.81818   1.05335   1.07944   1.30831   1.08144   0.48546   0.40821   0.51460   0.23052   1.55541   0.46625   0.20628   0.03493   0.27671   0.11272   0.21799   0.21841   0.16921   1.41364   0.17887   2.09962   0.87361   1.89985   3.64348   2.96511   0.08143   1.00000  
 62  2.6226   7440.276967  x:  5.51118   0.08507   0.07458   0.44592   0.65273   0.87023   0.57035   0.90033   0.05039   0.11679   0.26460   0.82354   0.67474   0.00000   0.29255   0.83789   1.07636   1.06756   1.32005   1.05043   0.49300   0.40967   0.51144   0.23208   1.53530   0.46097   0.20718   0.03543   0.27464   0.11025   0.21728   0.21641   0.16618   1.39552   0.18788   2.10956   0.89172   1.91453   3.66631   2.98768   0.08135   1.00000  
 63  2.4267   7440.100703  x:  5.37754   0.09678   0.07095   0.42835   0.66718   0.86379   0.58545   0.90421   0.05098   0.11608   0.26143   0.83396   0.67925   0.00000   0.27969   0.83579   1.07604   1.07751   1.33129   1.04979   0.49110   0.41300   0.52017   0.22341   1.50909   0.47262   0.20959   0.03614   0.27380   0.10810   0.21783   0.21435   0.15836   1.40712   0.17502   2.14747   0.89929   1.87535   3.69586   3.03986   0.08121   1.00000  
 64  2.8436   7439.926106  x:  5.22783   0.11192   0.06692   0.42782   0.66852   0.87174   0.58402   0.90001   0.04948   0.11070   0.25811   0.81155   0.68617   0.00000   0.29329   0.82787   1.06129   1.09982   1.33966   1.08098   0.48872   0.42102   0.51886   0.21820   1.50962   0.46899   0.21046   0.03665   0.27096   0.10600   0.21690   0.21070   0.14167   1.44160   0.18414   2.18606   0.89342   1.90794   3.73851   3.08595   0.08104   1.00000  
 65  5.0519   7439.885087  x:  5.18987   0.11463   0.06579   0.44671   0.64991   0.88094   0.57778   0.90441   0.04866   0.11185   0.25302   0.82016   0.68878   0.00000   0.29937   0.82874   1.05886   1.10714   1.33062   1.07102   0.48386   0.42029   0.52283   0.22066   1.53115   0.46039   0.21078   0.03692   0.27067   0.10552   0.21668   0.20981   0.13944   1.45315   0.18457   2.18941   0.88014   1.90312   3.74937   3.10168   0.08101   1.00000  
 66  1.9439   7439.874546  x:  5.18006   0.11552   0.06568   0.44894   0.64651   0.87826   0.57756   0.90774   0.04888   0.11132   0.25661   0.81836   0.68306   0.00000   0.30427   0.82907   1.06141   1.10433   1.32550   1.06775   0.48427   0.42049   0.52326   0.21394   1.53908   0.47114   0.21081   0.03692   0.27073   0.10534   0.21665   0.20977   0.13772   1.45559   0.18540   2.18467   0.88063   1.90293   3.75526   3.10916   0.08099   1.00000  
 67  0.6588   7439.824338  x:  5.13653   0.11713   0.06409   0.44533   0.65676   0.85890   0.57977   0.90963   0.04882   0.10784   0.25421   0.82067   0.68839   0.00000   0.32013   0.81998   1.07424   1.08409   1.29808   1.07560   0.48328   0.42166   0.52442   0.21665   1.55532   0.46192   0.21007   0.03780   0.27001   0.10422   0.21543   0.20944   0.13297   1.45475   0.18108   2.14454   0.89456   1.89883   3.79908   3.15150   0.08089   1.00000  
 68  0.7316   7439.712000  x:  5.04179   0.11799   0.06212   0.44138   0.64846   0.88542   0.58081   0.89266   0.05138   0.10435   0.25396   0.81782   0.68013   0.00000   0.33774   0.78246   1.06504   1.09505   1.27873   1.06186   0.47974   0.41859   0.52233   0.21428   1.51884   0.46144   0.20761   0.03985   0.26751   0.10119   0.21198   0.20841   0.12770   1.41973   0.18007   2.05554   0.89345   1.89476   3.91540   3.24583   0.08067   1.00000  
 69  1.8760   7439.690341  x:  5.01994   0.11729   0.06157   0.44363   0.64603   0.86424   0.57398   0.90372   0.05170   0.10323   0.25282   0.81286   0.67931   0.00000   0.33771   0.78403   1.04225   1.10227   1.27481   1.05623   0.47869   0.41736   0.51971   0.21366   1.50787   0.45888   0.20662   0.04031   0.26643   0.10055   0.21074   0.20759   0.12711   1.40870   0.18194   2.04472   0.88511   1.89304   3.94519   3.26245   0.08063   1.00000  
 70  1.3155   7439.682558  x:  5.00209   0.11669   0.06159   0.44451   0.64399   0.86217   0.58139   0.89239   0.05143   0.10279   0.25364   0.81239   0.67889   0.00000   0.33756   0.79620   1.03093   1.10101   1.26570   1.05431   0.47844   0.41667   0.51937   0.21345   1.50546   0.45898   0.20621   0.04056   0.26632   0.10076   0.21037   0.20742   0.12735   1.40788   0.18111   2.04624   0.88653   1.89323   3.96046   3.27415   0.08063   1.00000  
 71  0.3991   7439.637209  x:  4.85613   0.11107   0.06302   0.44177   0.64784   0.87047   0.57212   0.90289   0.05002   0.10267   0.25629   0.81183   0.68056   0.00000   0.33440   0.80132   1.04135   1.09110   1.25672   1.05487   0.48016   0.41405   0.51771   0.21635   1.49206   0.45939   0.20408   0.04248   0.26770   0.10449   0.20972   0.20830   0.13214   1.41448   0.18398   2.05098   0.87456   1.89425   4.06224   3.37364   0.08063   1.00000  
 72  0.5373   7439.622816  x:  4.81086   0.10922   0.06320   0.44864   0.64284   0.86164   0.57805   0.89580   0.04971   0.10352   0.25476   0.81184   0.67969   0.00000   0.33535   0.78608   1.04060   1.08674   1.27184   1.05127   0.48014   0.41299   0.51740   0.21679   1.49686   0.45853   0.20324   0.04313   0.26806   0.10550   0.20949   0.20839   0.13406   1.41448   0.18165   2.05319   0.87901   1.89446   4.09838   3.40744   0.08063   1.00000  
 73  1.6311   7439.621103  x:  4.80888   0.10898   0.06338   0.44840   0.64338   0.85824   0.58065   0.89276   0.04969   0.10372   0.25496   0.81116   0.67993   0.00000   0.33350   0.78535   1.04458   1.09098   1.27151   1.05160   0.48030   0.41306   0.51718   0.21665   1.49863   0.45862   0.20327   0.04324   0.26813   0.10544   0.20968   0.20843   0.13417   1.41301   0.18336   2.05237   0.87477   1.89455   4.10712   3.41673   0.08063   1.00000  
 74  0.2270   7439.599371  x:  4.81429   0.10423   0.06498   0.44858   0.64134   0.85789   0.57522   0.89219   0.04921   0.10903   0.25467   0.80846   0.67968   0.00000   0.33092   0.78416   1.04077   1.08861   1.27015   1.05225   0.47730   0.41394   0.51601   0.21965   1.49959   0.45851   0.20351   0.04496   0.26905   0.10295   0.21344   0.20960   0.13043   1.42036   0.18208   2.04611   0.87891   1.89432   4.26180   3.57446   0.08064   1.00000  
 75  0.3615   7439.562020  x:  4.82591   0.10451   0.06442   0.44513   0.64692   0.86623   0.57732   0.89792   0.05004   0.11018   0.25011   0.81081   0.67685   0.00000   0.33828   0.78544   1.03958   1.09399   1.27158   1.05808   0.47700   0.41614   0.51605   0.21719   1.51371   0.45865   0.20247   0.04926   0.26589   0.10396   0.21201   0.20935   0.13283   1.40922   0.18447   2.06655   0.88095   1.89276   4.73677   4.05387   0.08103   1.00000  
 76  0.1748   7439.539081  x:  4.85445   0.10831   0.06347   0.44871   0.64230   0.86098   0.57698   0.89570   0.04993   0.10639   0.25436   0.81271   0.68019   0.00000   0.32958   0.79104   1.04472   1.09354   1.27809   1.05581   0.47966   0.41372   0.51770   0.21792   1.50327   0.45998   0.19996   0.05143   0.26865   0.10343   0.21070   0.20899   0.13003   1.42203   0.18075   2.05582   0.88160   1.89446   5.11973   4.43364   0.08128   1.00000  
 77  0.3131   7439.524979  x:  4.83504   0.10858   0.06458   0.44657   0.64637   0.86230   0.57825   0.89584   0.04862   0.10617   0.25680   0.81006   0.68091   0.00000   0.33561   0.78133   1.03747   1.08987   1.26692   1.05147   0.47857   0.41707   0.51713   0.21781   1.50391   0.45878   0.20155   0.05109   0.26862   0.10380   0.21309   0.20967   0.13320   1.41394   0.18429   2.05610   0.87789   1.89500   5.53845   4.85434   0.08147   1.00000  
 78  0.1807   7439.499721  x:  4.78667   0.10960   0.06520   0.44801   0.64480   0.85946   0.57556   0.89410   0.05038   0.10675   0.25261   0.81081   0.67847   0.00000   0.33230   0.78944   1.04034   1.09179   1.27495   1.05610   0.47843   0.41408   0.51678   0.21793   1.50200   0.45937   0.20325   0.04692   0.26687   0.10483   0.21127   0.21047   0.12922   1.41489   0.18009   2.04793   0.88155   1.89391   6.36828   5.68634   0.08180   1.00000  
 79  0.3234   7439.493721  x:  4.78527   0.10827   0.06394   0.44724   0.64163   0.85884   0.57646   0.89390   0.04989   0.10707   0.25421   0.81011   0.67860   0.00000   0.33375   0.78315   1.04006   1.08931   1.26863   1.05338   0.47879   0.41402   0.51669   0.21746   1.49927   0.45846   0.20294   0.04557   0.26831   0.10416   0.21172   0.20856   0.13058   1.41375   0.18158   2.04777   0.87997   1.89383   6.67751   5.98939   0.08192   1.00000  
 80  0.3339   7439.492140  x:  4.77915   0.10709   0.06411   0.44696   0.64470   0.85966   0.57665   0.89417   0.04959   0.10694   0.25452   0.80996   0.67974   0.00000   0.33357   0.78415   1.03830   1.09071   1.26996   1.05190   0.47802   0.41473   0.51695   0.21794   1.50075   0.45926   0.20309   0.04559   0.26787   0.10393   0.21147   0.20938   0.13093   1.41454   0.18205   2.04455   0.88019   1.89391   6.98820   6.29982   0.08198   1.00000  
 81  0.1792   7439.488337  x:  4.78129   0.10746   0.06444   0.44813   0.64177   0.85877   0.57679   0.89416   0.04994   0.10650   0.25352   0.81079   0.67844   0.00000   0.33529   0.78310   1.04054   1.09042   1.26872   1.05528   0.47930   0.41406   0.51648   0.21745   1.49912   0.45875   0.20273   0.04659   0.26738   0.10385   0.21211   0.20858   0.12993   1.41428   0.18118   2.05229   0.87975   1.89381   7.85832   7.17077   0.08196   1.00000  
 82  0.2136   7439.483477  x:  4.80421   0.10834   0.06396   0.44604   0.64337   0.86064   0.57629   0.89482   0.04980   0.10727   0.25489   0.81003   0.67920   0.00000   0.33095   0.78671   1.03978   1.09076   1.27245   1.05241   0.47766   0.41458   0.51698   0.21749   1.50338   0.45844   0.20257   0.04633   0.26888   0.10439   0.21125   0.20926   0.13135   1.41472   0.18215   2.04452   0.88156   1.89382   8.82047   8.13382   0.08169   1.00000  
 83  0.4187   7439.480755  x:  4.82276   0.10787   0.06405   0.44765   0.64403   0.86039   0.57679   0.89444   0.04963   0.10703   0.25406   0.81064   0.67981   0.00000   0.33365   0.78508   1.04062   1.09052   1.27102   1.05341   0.47920   0.41448   0.51724   0.21784   1.50124   0.45946   0.20309   0.04593   0.26792   0.10419   0.21158   0.20924   0.13146   1.41593   0.18190   2.05371   0.87928   1.89437   9.67449   8.98788   0.08139   1.00000  
 84  0.6113   7439.480449  x:  4.82661   0.10764   0.06404   0.44752   0.64355   0.86088   0.57707   0.89517   0.04974   0.10683   0.25432   0.81103   0.67946   0.00000   0.33275   0.78667   1.04125   1.09153   1.27260   1.05432   0.47884   0.41460   0.51703   0.21783   1.50251   0.45905   0.20294   0.04602   0.26802   0.10431   0.21178   0.20896   0.13142   1.41654   0.18215   2.05337   0.88037   1.89408   9.97771   9.29157   0.08132   1.00000  
 85  0.3608   7439.480379  x:  4.82881   0.10743   0.06413   0.44721   0.64346   0.86100   0.57684   0.89505   0.04970   0.10683   0.25422   0.81084   0.67966   0.00000   0.33261   0.78650   1.04128   1.09138   1.27247   1.05396   0.47886   0.41451   0.51714   0.21760   1.50291   0.45910   0.20283   0.04606   0.26812   0.10419   0.21153   0.20911   0.13159   1.41638   0.18205   2.05366   0.88026   1.89416  10.28091   9.59440   0.08130   1.00000  
 86  0.1818   7439.480189  x:  4.82480   0.10752   0.06409   0.44744   0.64403   0.86086   0.57697   0.89496   0.04969   0.10672   0.25442   0.81098   0.67952   0.00000   0.33286   0.78637   1.04086   1.09153   1.27235   1.05386   0.47890   0.41456   0.51710   0.21761   1.50228   0.45913   0.20305   0.04600   0.26801   0.10430   0.21186   0.20897   0.13142   1.41636   0.18198   2.05279   0.88026   1.89415  11.45489  10.76839   0.08136   1.00000  
 87  0.2677   7439.480123  x:  4.82454   0.10761   0.06410   0.44740   0.64337   0.86077   0.57698   0.89506   0.04972   0.10683   0.25427   0.81088   0.67949   0.00000   0.33282   0.78632   1.04116   1.09131   1.27222   1.05414   0.47882   0.41457   0.51703   0.21780   1.50243   0.45904   0.20288   0.04604   0.26805   0.10423   0.21163   0.20908   0.13144   1.41636   0.18214   2.05323   0.88025   1.89410  12.05297  11.36664   0.08135   1.00000  
 88  0.5287   7439.480096  x:  4.82538   0.10760   0.06405   0.44734   0.64366   0.86088   0.57684   0.89497   0.04974   0.10692   0.25420   0.81087   0.67962   0.00000   0.33272   0.78649   1.04112   1.09132   1.27246   1.05398   0.47889   0.41450   0.51715   0.21763   1.50260   0.45914   0.20289   0.04605   0.26809   0.10426   0.21168   0.20899   0.13146   1.41618   0.18196   2.05301   0.88025   1.89415  13.08779  12.40138   0.08134   1.00000  
 89  0.4969   7439.480084  x:  4.82514   0.10760   0.06408   0.44742   0.64355   0.86080   0.57698   0.89503   0.04971   0.10683   0.25431   0.81090   0.67948   0.00000   0.33280   0.78631   1.04109   1.09136   1.27226   1.05406   0.47882   0.41456   0.51704   0.21777   1.50239   0.45907   0.20293   0.04604   0.26804   0.10425   0.21167   0.20905   0.13144   1.41639   0.18211   2.05316   0.88025   1.89411  13.74862  13.06223   0.08135   1.00000  
 90  0.5183   7439.480079  x:  4.82479   0.10759   0.06409   0.44736   0.64352   0.86082   0.57692   0.89503   0.04972   0.10684   0.25424   0.81089   0.67959   0.00000   0.33282   0.78646   1.04112   1.09133   1.27236   1.05407   0.47888   0.41456   0.51710   0.21771   1.50251   0.45909   0.20289   0.04604   0.26807   0.10424   0.21168   0.20903   0.13145   1.41628   0.18205   2.05312   0.88025   1.89412  14.72725  14.04092   0.08135   1.00000  
 91  0.4949   7439.480076  x:  4.82509   0.10760   0.06408   0.44740   0.64357   0.86082   0.57693   0.89501   0.04972   0.10684   0.25428   0.81088   0.67951   0.00000   0.33276   0.78633   1.04110   1.09135   1.27228   1.05404   0.47882   0.41453   0.51706   0.21772   1.50246   0.45909   0.20291   0.04604   0.26805   0.10425   0.21167   0.20903   0.13144   1.41632   0.18206   2.05313   0.88026   1.89412  15.42566  14.73924   0.08135   1.00000  
 92  0.5141   7439.480075  x:  4.82504   0.10760   0.06408   0.44739   0.64354   0.86081   0.57696   0.89503   0.04972   0.10685   0.25428   0.81091   0.67953   0.00000   0.33282   0.78641   1.04111   1.09134   1.27234   1.05406   0.47887   0.41457   0.51708   0.21774   1.50244   0.45908   0.20291   0.04604   0.26806   0.10425   0.21168   0.20905   0.13145   1.41634   0.18208   2.05311   0.88024   1.89412  16.29935  15.61300   0.08135   1.00000  
 93  0.5133   7439.480075  x:  4.82499   0.10760   0.06408   0.44739   0.64355   0.86082   0.57693   0.89502   0.04972   0.10684   0.25427   0.81088   0.67954   0.00000   0.33279   0.78637   1.04111   1.09134   1.27230   1.05405   0.47884   0.41454   0.51707   0.21772   1.50248   0.45909   0.20290   0.04604   0.26806   0.10425   0.21167   0.20903   0.13144   1.41631   0.18206   2.05314   0.88025   1.89412  17.06935  16.38296   0.08135   1.00000  
 94  0.5348   7439.480075  x:  4.82506   0.10759   0.06408   0.44739   0.64355   0.86082   0.57695   0.89502   0.04972   0.10685   0.25428   0.81090   0.67952   0.00000   0.33279   0.78638   1.04111   1.09134   1.27231   1.05405   0.47885   0.41455   0.51708   0.21773   1.50245   0.45908   0.20291   0.04604   0.26805   0.10425   0.21167   0.20904   0.13145   1.41633   0.18207   2.05311   0.88025   1.89412  17.94461  17.25822   0.08135   1.00000  
 95  0.5063   7439.480075  x:  4.82500   0.10760   0.06408   0.44739   0.64355   0.86082   0.57694   0.89502   0.04972   0.10684   0.25427   0.81089   0.67954   0.00000   0.33280   0.78638   1.04111   1.09134   1.27231   1.05405   0.47885   0.41454   0.51707   0.21773   1.50246   0.45909   0.20291   0.04604   0.26806   0.10425   0.21167   0.20904   0.13144   1.41632   0.18207   2.05313   0.88025   1.89412  18.72681  18.04043   0.08135   1.00000  
 96  0.5031   7439.480075  x:  4.82503   0.10760   0.06408   0.44739   0.64355   0.86082   0.57694   0.89502   0.04972   0.10685   0.25428   0.81089   0.67953   0.00000   0.33279   0.78638   1.04111   1.09134   1.27231   1.05405   0.47885   0.41455   0.51708   0.21772   1.50246   0.45908   0.20291   0.04604   0.26805   0.10425   0.21167   0.20904   0.13145   1.41632   0.18207   2.05312   0.88025   1.89412  19.52108  18.83470   0.08135   1.00000  
 97  0.4705   7439.480074  x:  4.82503   0.10760   0.06408   0.44739   0.64355   0.86082   0.57694   0.89502   0.04972   0.10684   0.25427   0.81089   0.67953   0.00000   0.33280   0.78638   1.04111   1.09135   1.27231   1.05405   0.47885   0.41455   0.51707   0.21773   1.50246   0.45908   0.20291   0.04604   0.26806   0.10425   0.21167   0.20904   0.13144   1.41632   0.18207   2.05313   0.88025   1.89412  21.45820  20.77183   0.08135   1.00000  
 98  0.8197   7439.480074  x:  4.82502   0.10760   0.06408   0.44739   0.64355   0.86082   0.57694   0.89502   0.04972   0.10684   0.25427   0.81089   0.67953   0.00000   0.33279   0.78638   1.04111   1.09134   1.27231   1.05405   0.47885   0.41455   0.51707   0.21773   1.50246   0.45908   0.20291   0.04604   0.26806   0.10425   0.21167   0.20904   0.13144   1.41632   0.18207   2.05313   0.88025   1.89412  22.82879  22.14241   0.08135   1.00000  
 99  1.2114   7439.480074  x:  4.82502   0.10760   0.06408   0.44739   0.64355   0.86082   0.57694   0.89502   0.04972   0.10684   0.25427   0.81089   0.67953   0.00000   0.33279   0.78638   1.04111   1.09134   1.27231   1.05405   0.47885   0.41455   0.51707   0.21773   1.50246   0.45908   0.20291   0.04604   0.26806   0.10425   0.21167   0.20904   0.13144   1.41632   0.18207   2.05313   0.88025   1.89412  22.82344  22.13706   0.08135   1.00000  
100  1.9383   7439.480074  x:  4.82502   0.10760   0.06408   0.44739   0.64355   0.86082   0.57694   0.89502   0.04972   0.10684   0.25427   0.81089   0.67953   0.00000   0.33279   0.78638   1.04111   1.09134   1.27231   1.05405   0.47885   0.41455   0.51707   0.21773   1.50246   0.45908   0.20291   0.04604   0.26806   0.10425   0.21167   0.20904   0.13144   1.41632   0.18207   2.05313   0.88025   1.89412  22.82195  22.13557   0.08135   1.00000  
101  8.4364   7439.480074  x:  4.82502   0.10760   0.06408   0.44739   0.64355   0.86082   0.57694   0.89502   0.04972   0.10684   0.25427   0.81089   0.67953   0.00000   0.33279   0.78638   1.04111   1.09134   1.27231   1.05405   0.47885   0.41455   0.51707   0.21773   1.50246   0.45908   0.20291   0.04604   0.26806   0.10425   0.21167   0.20904   0.13144   1.41632   0.18207   2.05313   0.88025   1.89412  22.82205  22.13567   0.08135   1.00000  
102  3.3282   7439.480074  x:  4.82502   0.10760   0.06408   0.44739   0.64355   0.86082   0.57694   0.89502   0.04972   0.10684   0.25427   0.81089   0.67953   0.00000   0.33279   0.78638   1.04111   1.09134   1.27231   1.05405   0.47885   0.41455   0.51707   0.21773   1.50246   0.45908   0.20291   0.04604   0.26806   0.10425   0.21167   0.20904   0.13144   1.41632   0.18207   2.05313   0.88025   1.89412  22.82205  22.13567   0.08135   1.00000  
103  0.2436   7439.480074  x:  4.82502   0.10760   0.06408   0.44739   0.64355   0.86082   0.57694   0.89502   0.04972   0.10684   0.25427   0.81089   0.67953   0.00000   0.33279   0.78638   1.04111   1.09134   1.27231   1.05405   0.47885   0.41455   0.51707   0.21773   1.50246   0.45908   0.20291   0.04604   0.26806   0.10425   0.21167   0.20904   0.13144   1.41632   0.18207   2.05313   0.88025   1.89412  22.82205  22.13567   0.08135   1.00000  
check convergence!
