

TREE # 1

  0  0.0000   9221.173214  x:  0.17444   0.02804   0.07307   0.00000   0.21220   0.15259   0.14764   0.15672   0.09176   0.01488   0.10164   0.09888   0.08304   0.02822   0.03654   0.11840   0.16638   0.13073   0.17006   0.12456   0.13600   0.08105   0.05011   0.02312   0.14692   0.15208   0.08109   0.04353   0.13235   0.02986   0.05286   0.04009   0.10565   0.11049   0.05181   0.16210   0.10351   2.00000   1.39835   0.16116   0.29812   1.40136  
  1 99.0000   8112.169550  x:  0.33886   0.14842   0.13396   0.33249   0.26364   0.21931   0.20697   0.22888   0.13520   0.11034   0.15878   0.22778   0.21378   0.09966   0.16614   0.18687   0.24335   0.24215   0.25628   0.23579   0.18560   0.17994   0.21998   0.13332   0.27004   0.19689   0.10896   0.05589   0.15039   0.08379   0.12669   0.14524   0.14707   0.24517   0.15068   0.28391   0.25668   1.99211   1.43203   0.12838   0.00000   1.40054  
  2 3566.8585   7962.411299  x:  0.52067   0.28151   0.20126   0.70007   0.32052   0.29308   0.27257   0.30867   0.18321   0.21586   0.22195   0.37030   0.35832   0.17864   0.30942   0.26259   0.32848   0.36536   0.35162   0.35878   0.24044   0.28928   0.40779   0.25515   0.40618   0.24642   0.13977   0.06955   0.17033   0.14339   0.20831   0.26147   0.19286   0.39409   0.26001   0.41860   0.42603   1.98338   1.46927   0.09214   0.00097   1.39963  
  3 19459.2536   7875.641945  x:  0.62357   0.26281   0.14571   0.68662   0.31550   0.31630   0.30519   0.35973   0.12387   0.16422   0.18534   0.38853   0.36203   0.14045   0.31576   0.28943   0.37963   0.42956   0.40027   0.38479   0.22517   0.26599   0.38500   0.21808   0.47637   0.24390   0.10129   0.00000   0.13887   0.06332   0.13961   0.18555   0.17624   0.43555   0.26351   0.49414   0.47413   1.98061   1.42413   0.13866   0.00096   1.39840  
  4 390.9566   7821.027306  x:  0.76939   0.22388   0.05400   0.65014   0.30339   0.34809   0.34208   0.42194   0.02795   0.08188   0.13149   0.41211   0.36475   0.08104   0.31747   0.31928   0.44304   0.50868   0.46386   0.42244   0.21128   0.23416   0.34693   0.15576   0.57632   0.23971   0.14372   0.12085   0.14610   0.02213   0.07470   0.09016   0.13844   0.49263   0.25536   0.59481   0.53182   1.97669   1.36200   0.20361   0.00094   1.39596  
  5 800.6067   7802.783964  x:  0.82461   0.20042   0.02410   0.61916   0.29627   0.35843   0.35095   0.44059   0.00000   0.05445   0.11595   0.41803   0.36400   0.05963   0.31217   0.32594   0.46269   0.53252   0.48479   0.43783   0.21601   0.22484   0.32748   0.13207   0.61191   0.23550   0.14024   0.12271   0.15852   0.07003   0.10166   0.09556   0.11571   0.51332   0.24188   0.62961   0.54563   1.97517   1.33633   0.23112   0.00094   1.39442  
  6 440.8122   7769.065907  x:  1.02816   0.09202   0.07077   0.44285   0.26791   0.39051   0.35648   0.48134   0.08253   0.05988   0.12109   0.43157   0.37253   0.02942   0.27576   0.32926   0.51050   0.58698   0.54550   0.51473   0.30573   0.22994   0.25393   0.10584   0.73608   0.23913   0.14884   0.15787   0.18609   0.02862   0.18201   0.18408   0.00000   0.59652   0.14134   0.73847   0.55787   1.96794   1.24329   0.33572   0.00091   1.38485  
  7 275.8926   7756.980770  x:  1.13456   0.08069   0.08482   0.30890   0.28297   0.40912   0.34176   0.48213   0.11160   0.10197   0.16999   0.44179   0.38998   0.05145   0.25404   0.31542   0.51755   0.58582   0.56968   0.55951   0.35304   0.27076   0.27122   0.12570   0.77929   0.26292   0.15719   0.15701   0.20379   0.08893   0.12743   0.14994   0.00400   0.66526   0.08860   0.78930   0.54284   1.96234   1.19328   0.39618   0.00090   1.37619  
  8 161.8153   7751.718802  x:  1.19770   0.11005   0.06856   0.22180   0.33213   0.42323   0.32578   0.47116   0.09112   0.09444   0.19027   0.44690   0.40040   0.05235   0.23783   0.29987   0.50972   0.56536   0.57760   0.57724   0.36825   0.29831   0.30407   0.14552   0.78442   0.28008   0.16525   0.16199   0.19905   0.06828   0.16231   0.16074   0.05639   0.71514   0.08925   0.81689   0.52932   1.95714   1.15804   0.44203   0.00089   1.36734  
  9 102.1140   7749.510200  x:  1.23518   0.08290   0.07522   0.21810   0.42294   0.43837   0.32513   0.46425   0.07600   0.07864   0.20260   0.45278   0.41265   0.05559   0.24293   0.30164   0.50317   0.54001   0.57988   0.58181   0.36947   0.30121   0.32613   0.15586   0.75883   0.28295   0.16506   0.16349   0.20356   0.06609   0.15566   0.17339   0.03183   0.73639   0.09924   0.82347   0.51375   1.95409   1.13066   0.48564   0.00089   1.35359  
 10 40.7035   7748.469233  x:  1.26245   0.09407   0.08870   0.20964   0.46196   0.44199   0.33992   0.47501   0.08806   0.08886   0.20444   0.45118   0.41853   0.06399   0.25960   0.32487   0.51340   0.53797   0.58372   0.58281   0.36728   0.28233   0.31112   0.15736   0.73617   0.27980   0.16776   0.16601   0.21333   0.07147   0.16544   0.16350   0.03219   0.74694   0.13099   0.82754   0.51287   1.94957   1.12832   0.51020   0.00089   1.33446  
 11 22.2462   7746.460377  x:  1.30624   0.11594   0.06402   0.21647   0.45982   0.43237   0.36602   0.49902   0.10088   0.10027   0.20629   0.46671   0.44078   0.05301   0.29154   0.37896   0.54439   0.56083   0.58455   0.57832   0.36646   0.31452   0.34950   0.16503   0.70031   0.28513   0.18308   0.17044   0.19995   0.07562   0.15536   0.19727   0.00943   0.76110   0.15497   0.82388   0.51480   1.94445   1.14049   0.57940   0.00088   1.26317  
 12 15.9202   7744.174425  x:  1.33140   0.12547   0.06720   0.25361   0.44661   0.42898   0.36694   0.50151   0.10294   0.09579   0.20948   0.48308   0.45494   0.05058   0.30296   0.39136   0.55126   0.57082   0.58281   0.58465   0.36426   0.32772   0.37074   0.18507   0.70209   0.29931   0.18240   0.17242   0.21020   0.07439   0.17336   0.18188   0.00000   0.77496   0.15232   0.82424   0.52460   1.94412   1.14529   0.64271   0.00088   1.20241  
 13 37.4811   7740.542447  x:  1.37554   0.13894   0.06850   0.35848   0.42474   0.44770   0.36551   0.50118   0.08367   0.09415   0.22900   0.52117   0.47912   0.09085   0.32564   0.37068   0.54030   0.58272   0.59168   0.63184   0.35934   0.30853   0.37752   0.20864   0.76588   0.30693   0.17810   0.18411   0.22499   0.07766   0.14581   0.24417   0.03631   0.82034   0.15959   0.84861   0.58591   1.95063   1.17923   0.80630   0.00086   1.02112  
 14 54.5772   7739.904360  x:  1.37208   0.13392   0.06553   0.36491   0.43029   0.45538   0.37061   0.50500   0.08106   0.10129   0.23123   0.52149   0.48039   0.09523   0.32798   0.36544   0.53926   0.58574   0.59642   0.63706   0.36264   0.31201   0.38247   0.20622   0.77641   0.30206   0.17985   0.18495   0.21983   0.07722   0.15081   0.24207   0.03796   0.82405   0.15871   0.85372   0.59198   1.95288   1.18927   0.81736   0.00086   1.00000  
 15 34.5403   7739.334041  x:  1.34340   0.13904   0.08301   0.36776   0.44958   0.46852   0.37442   0.51167   0.08275   0.10111   0.20879   0.51007   0.48225   0.07559   0.33260   0.35693   0.54623   0.60445   0.61648   0.63679   0.37287   0.32334   0.39678   0.21232   0.80055   0.29089   0.18958   0.18064   0.23500   0.08047   0.14565   0.24589   0.04531   0.83517   0.15924   0.87321   0.59728   1.96324   1.20673   0.84973   0.00086   1.00000  
 16 15.0285   7738.598125  x:  1.28514   0.14942   0.08098   0.36467   0.45945   0.46479   0.36201   0.51206   0.07667   0.11925   0.20413   0.51895   0.50534   0.07703   0.35509   0.35583   0.56555   0.62620   0.64968   0.64320   0.37592   0.31657   0.39964   0.22200   0.81921   0.28475   0.19147   0.18394   0.22966   0.08160   0.15062   0.24818   0.03603   0.84864   0.16326   0.90050   0.59514   1.98432   1.21106   0.93160   0.00086   1.00000  
 17 12.7849   7737.433462  x:  1.23850   0.14698   0.07060   0.34784   0.46661   0.46499   0.39609   0.55054   0.08203   0.09257   0.21741   0.55644   0.52162   0.09088   0.35768   0.35507   0.58341   0.62651   0.66674   0.66265   0.37645   0.32290   0.39486   0.23268   0.83111   0.32500   0.18301   0.18465   0.25502   0.07668   0.15293   0.25082   0.02643   0.87417   0.17148   0.93119   0.59820   1.99245   1.28262   1.03188   0.00085   1.00000  
 18 11.3654   7732.667110  x:  1.25786   0.16056   0.09803   0.37332   0.48174   0.47474   0.42132   0.59397   0.13265   0.04861   0.22866   0.60245   0.50070   0.06311   0.30936   0.37720   0.62017   0.62152   0.65934   0.71213   0.38463   0.36025   0.38989   0.17023   0.84776   0.35728   0.17327   0.19799   0.18972   0.10510   0.15857   0.23331   0.02943   0.95902   0.19420   1.00930   0.64851   1.97841   1.56900   1.46911   0.00085   1.00000  
 19 25.4837   7722.506658  x:  1.42105   0.15979   0.06943   0.41133   0.50344   0.50379   0.40354   0.60750   0.10200   0.10697   0.26484   0.63898   0.47209   0.03826   0.27001   0.45934   0.69804   0.64703   0.67763   0.79255   0.38378   0.39947   0.41291   0.05609   0.89006   0.37523   0.21003   0.15448   0.29739   0.07376   0.17813   0.21734   0.01102   1.07617   0.19320   1.12834   0.72813   1.94061   2.26703   2.36123   0.00082   1.00000  
 20 119.1186   7715.737621  x:  1.51151   0.15026   0.07253   0.40947   0.51046   0.52092   0.40458   0.61148   0.07266   0.11038   0.26182   0.63583   0.47223   0.03634   0.27869   0.48880   0.72326   0.66580   0.70205   0.80987   0.37681   0.39079   0.41405   0.09386   0.92308   0.39028   0.22980   0.14340   0.28724   0.07442   0.18578   0.21321   0.00000   1.10092   0.18152   1.16314   0.74622   1.92946   2.56113   2.68984   0.00081   1.00000  
 21 221.0958   7709.156736  x:  1.71297   0.17261   0.06552   0.39996   0.50865   0.54720   0.43551   0.63002   0.08494   0.06431   0.23241   0.63496   0.58869   0.05522   0.35170   0.46930   0.71111   0.69923   0.77211   0.78801   0.41031   0.35708   0.46819   0.08058   0.98130   0.34535   0.14232   0.17104   0.29552   0.07342   0.19145   0.19531   0.00000   1.10175   0.14889   1.18890   0.72600   1.96630   3.04210   3.22027   0.00080   1.00000  
 22 120.9832   7707.398902  x:  1.78950   0.17679   0.04221   0.41168   0.51051   0.54299   0.45762   0.65358   0.11011   0.06729   0.21470   0.64691   0.63708   0.04926   0.36256   0.41138   0.68221   0.71652   0.77976   0.75926   0.42228   0.34023   0.46931   0.07112   1.00136   0.36309   0.19605   0.14415   0.29334   0.07638   0.19428   0.18677   0.00000   1.08075   0.16256   1.19424   0.71184   2.01597   3.16160   3.38676   0.00080   1.00000  
 23 47.2551   7706.821401  x:  1.82379   0.17097   0.05629   0.40841   0.51582   0.52925   0.45917   0.66659   0.09496   0.08886   0.19972   0.65859   0.62777   0.05628   0.36414   0.37494   0.68028   0.74559   0.77629   0.74569   0.41202   0.36316   0.46548   0.06614   1.00708   0.38679   0.18031   0.15106   0.29332   0.07799   0.19478   0.18881   0.00000   1.05782   0.18930   1.20052   0.70604   2.04750   3.20212   3.44301   0.00079   1.00000  
 24 16.0519   7706.459418  x:  1.84198   0.17368   0.04424   0.41164   0.53193   0.52364   0.44155   0.66143   0.10858   0.07194   0.21491   0.67344   0.60396   0.06225   0.36856   0.36354   0.69235   0.78086   0.77681   0.75263   0.41427   0.37397   0.45503   0.07145   1.01124   0.38019   0.18048   0.14984   0.29392   0.07870   0.19455   0.18619   0.00000   1.04349   0.19559   1.21002   0.69007   2.06447   3.24006   3.47169   0.00079   1.00000  
 25  5.9959   7705.306064  x:  1.87897   0.18149   0.08263   0.41190   0.53286   0.53078   0.46003   0.67868   0.07766   0.06787   0.26266   0.69845   0.59062   0.03274   0.38034   0.35905   0.70677   0.82188   0.77634   0.78236   0.39878   0.35176   0.46558   0.06323   1.01089   0.36828   0.19664   0.14053   0.28512   0.08028   0.19662   0.18803   0.00000   1.03049   0.17165   1.23929   0.66057   2.07086   3.35249   3.59118   0.00079   1.00000  
 26  6.2678   7700.959217  x:  1.96462   0.16592   0.06574   0.41731   0.52532   0.56374   0.49076   0.69306   0.06334   0.09011   0.25888   0.68252   0.55983   0.00000   0.40273   0.37570   0.71759   0.84958   0.77013   0.84423   0.41980   0.32425   0.48450   0.10572   1.02846   0.37609   0.18758   0.13104   0.28038   0.08389   0.19552   0.18323   0.05964   1.02724   0.17236   1.31534   0.67300   2.05994   3.63472   3.93402   0.00079   1.00000  
 27 31.8358   7696.031336  x:  2.09755   0.10056   0.07915   0.41593   0.51201   0.59401   0.49953   0.70170   0.04174   0.07301   0.19928   0.65274   0.56328   0.05739   0.45394   0.43751   0.75808   0.87309   0.80611   0.89948   0.41037   0.35501   0.48880   0.11496   1.06155   0.39618   0.23043   0.09157   0.26470   0.08994   0.20302   0.17158   0.01478   1.04229   0.15616   1.41547   0.71921   2.03554   4.07882   4.46287   0.00077   1.00000  
 28 102.5114   7692.615197  x:  2.19756   0.10894   0.07352   0.41326   0.55659   0.59820   0.46248   0.70370   0.03029   0.08755   0.21274   0.65311   0.63845   0.03390   0.41769   0.47731   0.79727   0.87125   0.87515   0.83582   0.35175   0.39992   0.42098   0.11964   1.13794   0.42385   0.23226   0.07494   0.24390   0.09660   0.20348   0.16903   0.01011   1.10287   0.13238   1.45725   0.79383   2.01047   4.44067   4.79923   0.00076   1.00000  
 29 57.6692   7692.274882  x:  2.20438   0.11437   0.07198   0.41406   0.55957   0.59445   0.46384   0.71015   0.02872   0.09028   0.21293   0.65649   0.62976   0.03881   0.40604   0.47884   0.80318   0.86999   0.88307   0.82401   0.35536   0.39249   0.42662   0.12371   1.14553   0.42099   0.23146   0.07462   0.24347   0.09671   0.20353   0.16944   0.00000   1.11093   0.13042   1.45223   0.79925   2.01150   4.45994   4.82202   0.00076   1.00000  
 30 16.1801   7692.171998  x:  2.20883   0.12059   0.07654   0.41083   0.55706   0.59335   0.46459   0.71091   0.02677   0.08572   0.21149   0.65857   0.62332   0.04973   0.40056   0.47608   0.80614   0.86912   0.89326   0.82158   0.35193   0.39095   0.43349   0.12224   1.15074   0.41544   0.23711   0.07145   0.24303   0.09666   0.20413   0.16895   0.01075   1.11901   0.13555   1.44328   0.80336   2.01143   4.47122   4.83515   0.00076   1.00000  
 31  7.8746   7692.011261  x:  2.21673   0.10753   0.07493   0.40877   0.54792   0.60131   0.47220   0.70463   0.03467   0.08653   0.21663   0.66163   0.61793   0.03999   0.39609   0.46689   0.81152   0.87478   0.91859   0.83114   0.33978   0.39045   0.43930   0.12766   1.15658   0.40909   0.23649   0.07014   0.24539   0.09753   0.20435   0.16809   0.00655   1.13693   0.15702   1.41062   0.80314   2.00940   4.48593   4.86105   0.00076   1.00000  
 32  3.4817   7691.768944  x:  2.23054   0.11403   0.07149   0.41779   0.54907   0.61416   0.48120   0.70310   0.02810   0.09181   0.20527   0.66535   0.61192   0.03335   0.39706   0.45818   0.82332   0.88178   0.94550   0.85230   0.35916   0.39573   0.42359   0.12444   1.15891   0.42057   0.23549   0.06722   0.24249   0.09765   0.20225   0.16888   0.00686   1.15977   0.15661   1.36629   0.78962   2.00711   4.51352   4.89917   0.00076   1.00000  
 33  5.3841   7690.672576  x:  2.29806   0.11802   0.05586   0.41784   0.58176   0.61644   0.45640   0.75436   0.05974   0.09903   0.18558   0.65070   0.61498   0.02882   0.39717   0.45970   0.87076   0.89917   0.94646   0.89451   0.35046   0.35603   0.46072   0.12249   1.20252   0.45506   0.22917   0.05831   0.24041   0.10393   0.20138   0.17643   0.01713   1.15761   0.13142   1.35299   0.81638   2.01658   4.65612   5.07172   0.00076   1.00000  
 34  3.9137   7688.749249  x:  2.41599   0.11710   0.05498   0.41683   0.58476   0.61497   0.46071   0.81516   0.04845   0.08731   0.21688   0.65812   0.62319   0.01474   0.41108   0.47289   0.90385   0.89782   0.93259   0.89151   0.43250   0.36405   0.46126   0.17204   1.26341   0.40756   0.23304   0.03234   0.25242   0.10767   0.19395   0.17760   0.01752   1.13942   0.15352   1.40123   0.88793   2.02998   4.89511   5.39423   0.00076   1.00000  
 35 23.6994   7687.990442  x:  2.46535   0.13587   0.03859   0.43192   0.57958   0.63709   0.51477   0.79369   0.06400   0.09916   0.20796   0.66475   0.59916   0.03036   0.40382   0.48410   0.87386   0.91647   0.94387   0.86560   0.40851   0.37226   0.45226   0.19589   1.26553   0.38913   0.22757   0.02675   0.25822   0.10849   0.19328   0.18494   0.01211   1.16415   0.12897   1.47232   0.88032   2.04036   4.98789   5.52296   0.00076   1.00000  
 36 14.4567   7687.735389  x:  2.48185   0.12928   0.03974   0.43337   0.56978   0.63613   0.51704   0.76623   0.06353   0.09991   0.20303   0.67297   0.59814   0.03121   0.39292   0.48984   0.85421   0.93519   0.95927   0.85361   0.42484   0.35216   0.46352   0.19081   1.25348   0.40584   0.22581   0.02399   0.25307   0.10970   0.19271   0.18472   0.00684   1.18882   0.14187   1.51589   0.87132   2.04219   5.03704   5.54861   0.00076   1.00000  
 37  8.5777   7687.699643  x:  2.48559   0.13095   0.03839   0.43798   0.56583   0.62828   0.51305   0.77607   0.06108   0.09912   0.20608   0.65766   0.60074   0.03264   0.38815   0.48539   0.84841   0.93736   0.96242   0.86044   0.42366   0.35317   0.46221   0.19372   1.24751   0.40314   0.22445   0.02424   0.25294   0.10904   0.19265   0.18523   0.00220   1.19882   0.14564   1.52432   0.86393   2.04306   5.04353   5.55049   0.00076   1.00000  
 38  1.5805   7687.607731  x:  2.49255   0.12953   0.03917   0.43678   0.56195   0.62721   0.50101   0.78891   0.06093   0.10449   0.19619   0.67250   0.59749   0.02814   0.39734   0.48109   0.84224   0.92983   0.95861   0.86414   0.41884   0.35390   0.46097   0.19814   1.24509   0.39409   0.22264   0.02435   0.25243   0.10875   0.19249   0.18561   0.00000   1.21050   0.14653   1.52978   0.85569   2.04150   5.04964   5.54709   0.00076   1.00000  
 39  0.5616   7686.989232  x:  2.54242   0.13462   0.05586   0.43446   0.54121   0.65908   0.49777   0.79689   0.05524   0.10628   0.22883   0.66136   0.57900   0.02733   0.44454   0.46555   0.85725   0.92713   0.93907   0.84267   0.41515   0.35956   0.46458   0.19683   1.24950   0.41585   0.20196   0.03370   0.25077   0.10693   0.19532   0.19976   0.00000   1.22598   0.15023   1.54347   0.84295   2.04807   5.04797   5.55118   0.00078   1.00000  
 40  1.1984   7686.519011  x:  2.57865   0.13326   0.06870   0.42904   0.54791   0.63326   0.52913   0.77614   0.04540   0.11461   0.22140   0.67933   0.61114   0.03781   0.40486   0.46722   0.86733   0.95339   0.92324   0.87251   0.41676   0.36521   0.46537   0.21300   1.24506   0.39961   0.18793   0.04064   0.25155   0.10616   0.19635   0.20817   0.00000   1.20626   0.14659   1.54420   0.84538   2.04319   5.04593   5.55213   0.00078   1.00000  
 41  4.5633   7686.455440  x:  2.58466   0.13188   0.07043   0.42924   0.55304   0.61392   0.53221   0.77924   0.04689   0.11522   0.22542   0.68226   0.60332   0.03363   0.40728   0.47639   0.84828   0.95312   0.94557   0.87792   0.41838   0.36899   0.46574   0.21168   1.24409   0.40364   0.18657   0.04145   0.25163   0.10651   0.19680   0.20910   0.00000   1.19345   0.14016   1.54304   0.85347   2.04045   5.04447   5.55481   0.00079   1.00000  
 42  2.3267   7686.372457  x:  2.59427   0.14353   0.07209   0.42330   0.54978   0.64071   0.52006   0.78626   0.04658   0.11425   0.22589   0.68675   0.60538   0.03329   0.39712   0.48375   0.83086   0.95670   0.95544   0.88891   0.41750   0.37072   0.46569   0.21336   1.23562   0.40634   0.18637   0.03986   0.25189   0.10636   0.19651   0.20916   0.00000   1.17454   0.14243   1.53868   0.86355   2.04551   5.05901   5.56968   0.00079   1.00000  
 43  0.4878   7685.591304  x:  2.68434   0.10717   0.08117   0.42208   0.53287   0.66809   0.49552   0.81031   0.04838   0.11498   0.23253   0.68531   0.61764   0.04802   0.38892   0.49658   0.83219   0.97167   0.95632   0.86377   0.42128   0.37583   0.45814   0.21666   1.21586   0.40303   0.19515   0.02408   0.25273   0.10049   0.20404   0.21027   0.00000   1.17299   0.12169   1.50155   0.85532   2.05730   5.19048   5.68789   0.00083   1.00000  
 44  1.3492   7685.281669  x:  2.72882   0.10271   0.08414   0.41741   0.52849   0.66847   0.49240   0.80756   0.05018   0.11554   0.23413   0.68310   0.62017   0.04867   0.39692   0.49336   0.83408   0.96962   0.95139   0.86298   0.42069   0.37826   0.45670   0.21529   1.22019   0.40359   0.19970   0.01534   0.25213   0.09787   0.20686   0.20984   0.04558   1.16921   0.11745   1.48694   0.85122   2.05328   5.25896   5.74444   0.00085   1.00000  
 45 17.3841   7685.031634  x:  2.75774   0.12109   0.08369   0.40982   0.53077   0.64813   0.50497   0.78144   0.05305   0.11672   0.23205   0.67945   0.61587   0.03786   0.41827   0.47826   0.84120   0.94619   0.94322   0.88215   0.41606   0.38036   0.45973   0.20909   1.24745   0.40766   0.20274   0.00861   0.24989   0.09678   0.20709   0.20801   0.01289   1.15850   0.12636   1.48625   0.84333   2.03853   5.30730   5.77567   0.00086   1.00000  
 46  5.1314   7684.829606  x:  2.77538   0.12584   0.08307   0.40064   0.53211   0.63486   0.51191   0.76232   0.05594   0.11517   0.23070   0.67828   0.61249   0.02790   0.43560   0.45621   0.85031   0.93692   0.94050   0.89337   0.41630   0.37900   0.45728   0.21350   1.21559   0.40269   0.20267   0.00997   0.24939   0.09523   0.20835   0.20665   0.00612   1.17522   0.10968   1.48147   0.88327   2.07148   5.32789   5.77756   0.00087   1.00000  
 47  0.6279   7683.801600  x:  2.81765   0.13178   0.07882   0.40015   0.53187   0.62784   0.50806   0.75169   0.06992   0.11709   0.22734   0.68051   0.61561   0.02991   0.43986   0.43001   0.84973   0.92965   0.94080   0.88237   0.42077   0.38361   0.45607   0.21324   1.20269   0.40092   0.20257   0.01760   0.24752   0.09273   0.21178   0.20671   0.00000   1.17124   0.11318   1.47274   0.87708   2.03113   5.35620   5.80152   0.00091   1.00000  
 48  1.3156   7682.974628  x:  2.87673   0.13181   0.08199   0.40053   0.53171   0.61309   0.50870   0.72889   0.07682   0.11637   0.22784   0.67518   0.61920   0.02734   0.42984   0.50248   0.81255   0.89172   0.90730   0.89175   0.42306   0.39688   0.45473   0.20184   1.26077   0.40188   0.20015   0.02628   0.24273   0.08868   0.21550   0.20617   0.00105   1.18955   0.14406   1.43851   0.82035   2.10119   5.40841   5.83553   0.00096   1.00000  
 49  6.7997   7682.868932  x:  2.88116   0.13224   0.08164   0.39914   0.53332   0.61234   0.50860   0.72913   0.07712   0.11599   0.22817   0.67488   0.61947   0.02793   0.43153   0.50264   0.80777   0.89692   0.90328   0.89088   0.42357   0.39657   0.45473   0.20177   1.26133   0.40206   0.20026   0.02646   0.24284   0.08843   0.21564   0.20616   0.00000   1.19260   0.14385   1.43572   0.82246   2.09811   5.41991   5.84853   0.00097   1.00000  
 50  1.0140   7677.679699  x:  3.47014   0.13575   0.04779   0.43526   0.53585   0.64597   0.47398   0.71642   0.14785   0.13061   0.21875   0.67929   0.61959   0.03234   0.33701   0.42821   0.90647   0.80185   1.00341   0.84635   0.45137   0.39989   0.46530   0.20752   1.14945   0.41089   0.21022   0.04543   0.24393   0.07221   0.22382   0.21034   0.00000   1.14877   0.15034   1.48453   0.79995   2.00600   6.67249   7.14409   0.00141   1.00000  
 51 12.5036   7669.931201  x:  4.29058   0.18503   0.03443   0.38229   0.66115   0.62801   0.51317   0.76171   0.14656   0.09376   0.26143   0.68269   0.63098   0.03608   0.46961   0.52791   0.71252   1.09664   0.82168   0.90473   0.46570   0.37866   0.48972   0.19677   1.25192   0.46368   0.21379   0.06391   0.24128   0.07787   0.20727   0.21894   0.00000   1.35285   0.14417   1.52516   0.93820   1.94533   9.11351   9.73481   0.00208   1.00000  
 52  1.5206   7651.255308  x:  6.54475   0.00000   0.08848   0.40141   0.68362   0.70203   0.55840   0.85259   0.09994   0.07614   0.29417   0.73569   0.66658   0.01656   0.43911   0.70778   0.89699   1.13368   0.95967   0.97482   0.45001   0.40101   0.50159   0.18742   1.29872   0.49395   0.20854   0.07990   0.25611   0.07977   0.18171   0.21896   0.00000   1.35438   0.06883   1.65273   0.92332   2.17863  15.61431  16.12840   0.00392   1.00000  
 53  2.5778   7651.255308  x:  6.54475   0.00000   0.08848   0.40141   0.68362   0.70203   0.55840   0.85259   0.09994   0.07614   0.29417   0.73569   0.66658   0.01656   0.43911   0.70778   0.89699   1.13368   0.95967   0.97482   0.45001   0.40101   0.50159   0.18742   1.29872   0.49395   0.20854   0.07990   0.25611   0.07977   0.18171   0.21896   0.00000   1.35438   0.06883   1.65273   0.92332   2.17863  15.61431  16.12840   0.00392   1.00000  
 54 6259.7645   7521.470973  x:  6.54475   0.00067   0.08845   0.40142   0.68361   0.70204   0.55841   0.85259   0.09988   0.07619   0.29417   0.73570   0.66658   0.01659   0.43912   0.70776   0.89699   1.13366   0.95969   0.97482   0.45001   0.40102   0.50160   0.18745   1.29874   0.49395   0.20853   0.07976   0.25616   0.07991   0.18182   0.21897   0.00088   1.35441   0.06902   1.65277   0.92338   2.17857  15.61441  16.12829   0.06241   1.00000  
 55 11426.5895   7499.326630  x:  6.54419   0.12800   0.09676   0.40869   0.68790   0.70800   0.56470   0.85805   0.10120   0.09059   0.29966   0.74239   0.67267   0.02792   0.44534   0.71041   0.90168   1.13643   0.96682   0.98044   0.45659   0.40815   0.50883   0.19819   1.30532   0.50063   0.21472   0.07499   0.26758   0.10028   0.19954   0.22692   0.33328   1.36099   0.09750   1.65974   0.93369   2.16757  15.65235  16.09036   0.07970   1.00000  
 56 758.0215   7460.109293  x:  6.53598   0.11644   0.08796   0.47332   0.72424   0.77360   0.63522   0.91493   0.09930   0.16146   0.34587   0.81528   0.73166   0.09827   0.49848   0.73949   0.95457   1.16706   1.03826   1.03580   0.53251   0.48360   0.57811   0.25035   1.37277   0.53673   0.26278   0.03609   0.35207   0.20770   0.32448   0.28607   0.31088   1.38844   0.18321   1.71323   0.98222   2.07031  15.99681  15.74589   0.08426   1.00000  
 57 127.7742   7449.833877  x:  6.52972   0.11176   0.05354   0.48861   0.72943   0.81041   0.66153   0.94008   0.05066   0.12661   0.33300   0.84466   0.74718   0.07312   0.50891   0.75468   0.98329   1.18571   1.08020   1.05691   0.54618   0.48869   0.58882   0.25405   1.41276   0.53512   0.22897   0.00854   0.31033   0.10527   0.25618   0.21931   0.31381   1.40285   0.21425   1.75210   0.99976   2.00064  16.12304  15.61966   0.08544   1.00000  
 58 88.6585   7448.352677  x:  6.52748   0.11006   0.04604   0.49076   0.72891   0.82020   0.66657   0.94554   0.03802   0.11359   0.32680   0.85121   0.74947   0.06173   0.50961   0.75834   0.99078   1.19034   1.09204   1.06203   0.54769   0.48634   0.58855   0.25334   1.42426   0.53301   0.22612   0.04580   0.29918   0.08957   0.23776   0.20657   0.31488   1.40637   0.22036   1.76387   1.00320   1.98101  16.15367  15.58903   0.08579   1.00000  
 59 142.1671   7446.605676  x:  6.51979   0.10454   0.04988   0.48273   0.71615   0.83729   0.66281   0.94732   0.03240   0.07217   0.30022   0.85518   0.74191   0.01441   0.49772   0.76238   1.00284   1.19629   1.11736   1.06849   0.53748   0.45994   0.56865   0.24135   1.44974   0.51476   0.20864   0.04512   0.27760   0.13271   0.21299   0.22254   0.31730   1.41078   0.21761   1.79364   1.00123   1.94011  16.18373  15.55896   0.08595   1.00000  
 60 36.7631   7445.987727  x:  6.51500   0.10187   0.05738   0.47687   0.70796   0.84357   0.65674   0.94508   0.04905   0.07377   0.29198   0.85539   0.73659   0.00000   0.49005   0.76322   1.00734   1.19682   1.12929   1.07294   0.53286   0.44792   0.55774   0.23710   1.46141   0.50608   0.20817   0.04586   0.27593   0.12650   0.22011   0.22524   0.31845   1.41168   0.21283   1.80846   0.99754   1.92462  16.19134  15.55135   0.08602   1.00000  
 61 28.0089   7445.218790  x:  6.49843   0.09304   0.05369   0.45591   0.68136   0.85897   0.63359   0.93437   0.02861   0.10608   0.27461   0.85512   0.71710   0.00000   0.46527   0.76347   1.01866   1.19299   1.16528   1.08668   0.51902   0.42295   0.53209   0.22194   1.49272   0.48099   0.21697   0.04387   0.28726   0.12133   0.23676   0.22289   0.32241   1.41150   0.19661   1.85333   0.98225   1.89128  16.20101  15.54168   0.08605   1.00000  
 62 28.9978   7444.827865  x:  6.48113   0.08753   0.05162   0.44853   0.66672   0.87003   0.61453   0.92470   0.03939   0.12927   0.27010   0.85443   0.70226   0.00000   0.44135   0.76150   1.02547   1.18344   1.19409   1.09416   0.51536   0.43007   0.53394   0.22288   1.51495   0.47325   0.21618   0.04380   0.28936   0.13354   0.21367   0.21058   0.32461   1.40984   0.18545   1.89072   0.96561   1.88370  16.20355  15.53913   0.08609   1.00000  
 63 16.2375   7444.257521  x:  6.44380   0.08280   0.05978   0.44782   0.65017   0.88996   0.58506   0.91014   0.03176   0.12573   0.26136   0.85139   0.67797   0.00000   0.39144   0.75586   1.03586   1.15947   1.24673   1.09918   0.50911   0.45531   0.55062   0.23430   1.55057   0.47192   0.19982   0.04672   0.27082   0.12894   0.21091   0.22970   0.32677   1.40640   0.17254   1.96140   0.93243   1.88938  16.20244  15.54022   0.08613   1.00000  
 64 18.9335   7443.929143  x:  6.41247   0.08477   0.05051   0.45675   0.64888   0.90259   0.57752   0.90848   0.03389   0.09711   0.26014   0.84922   0.67263   0.00000   0.35675   0.75447   1.04361   1.14086   1.28159   1.09610   0.50173   0.45308   0.54965   0.23627   1.56822   0.47279   0.20842   0.04514   0.27823   0.13179   0.21769   0.21560   0.32598   1.40518   0.17711   2.01124   0.91235   1.90208  16.19812  15.54454   0.08606   1.00000  
 65 15.5323   7443.684948  x:  6.37532   0.09309   0.06565   0.46988   0.65574   0.91007   0.58479   0.91594   0.02923   0.09623   0.27403   0.84713   0.68499   0.00000   0.33253   0.76128   1.05402   1.12359   1.31150   1.08932   0.49701   0.43215   0.53439   0.23136   1.57505   0.47472   0.20889   0.04530   0.27611   0.13233   0.20646   0.21794   0.32121   1.40589   0.19241   2.05831   0.89833   1.91644  16.19214  15.55050   0.08597   1.00000  
 66 11.8418   7443.593675  x:  6.35654   0.09514   0.05487   0.47177   0.65779   0.91029   0.59091   0.92071   0.03279   0.10003   0.27594   0.84584   0.69106   0.00000   0.32736   0.76874   1.06005   1.11840   1.32137   1.08611   0.49848   0.42790   0.53113   0.22498   1.57375   0.47386   0.20223   0.04657   0.27124   0.13305   0.20718   0.22209   0.32024   1.40705   0.19835   2.07722   0.89432   1.91996  16.18830  15.55433   0.08593   1.00000  
 67 10.0235   7443.356618  x:  6.27007   0.10022   0.06509   0.46152   0.65873   0.89842   0.61619   0.93830   0.03351   0.10412   0.25210   0.83706   0.70761   0.00000   0.32693   0.81457   1.08822   1.10880   1.34703   1.07568   0.51350   0.44109   0.53804   0.21300   1.55502   0.47840   0.20292   0.04708   0.27206   0.13464   0.21303   0.21567   0.31712   1.41684   0.20609   2.14485   0.88522   1.91641  16.17224  15.57036   0.08581   1.00000  
 68  7.3661   7443.256290  x:  6.22235   0.09914   0.06050   0.45827   0.66189   0.89111   0.61912   0.93955   0.03555   0.10263   0.25290   0.83872   0.71260   0.00000   0.32609   0.83437   1.09852   1.10710   1.35434   1.07573   0.51496   0.44263   0.54051   0.21920   1.54659   0.48335   0.21482   0.04539   0.27879   0.12857   0.20677   0.22724   0.31749   1.42319   0.20327   2.17402   0.88318   1.91437  16.16707  15.57551   0.08579   1.00000  
 69  9.5359   7443.044604  x:  6.10326   0.09450   0.05948   0.45791   0.67520   0.87510   0.61267   0.93226   0.03578   0.10370   0.27660   0.85137   0.71896   0.00000   0.32130   0.87185   1.11425   1.10736   1.36230   1.08500   0.50985   0.43882   0.54452   0.24481   1.53027   0.49544   0.20961   0.04629   0.28011   0.12822   0.21700   0.22088   0.31846   1.43977   0.19104   2.23281   0.88428   1.91203  16.15867  15.58386   0.08572   1.00000  
 70 12.7491   7442.801435  x:  5.93638   0.10124   0.06648   0.47129   0.69194   0.87350   0.60458   0.92242   0.03824   0.10629   0.28830   0.86277   0.70056   0.00000   0.30576   0.88533   1.10678   1.11288   1.34943   1.10784   0.50768   0.44750   0.55527   0.22169   1.52041   0.47112   0.21518   0.04605   0.28154   0.12227   0.22069   0.22001   0.31448   1.45985   0.19464   2.27390   0.90267   1.92974  16.15838  15.58407   0.08550   1.00000  
 71  7.4436   7442.404716  x:  5.62824   0.10630   0.06457   0.46385   0.67408   0.89083   0.61618   0.92553   0.04116   0.11533   0.26420   0.85397   0.67783   0.00000   0.29639   0.86518   1.06663   1.12339   1.31433   1.13095   0.51558   0.43999   0.53327   0.23755   1.52893   0.48985   0.20547   0.04706   0.28875   0.11465   0.21936   0.22008   0.30889   1.47503   0.20423   2.28914   0.92627   1.95165  16.16130  15.58101   0.08505   1.00000  
 72  9.6163   7442.090473  x:  5.37487   0.10382   0.06425   0.45363   0.65340   0.90350   0.61851   0.92661   0.04326   0.11424   0.27022   0.84637   0.69167   0.00000   0.30938   0.83927   1.03697   1.13198   1.29466   1.12988   0.51443   0.43923   0.52763   0.23278   1.53879   0.49093   0.22541   0.04418   0.26131   0.11328   0.22306   0.21407   0.30880   1.47186   0.19084   2.27893   0.92436   1.94553  16.16334  15.57884   0.08476   1.00000  
 73 20.2063   7441.699528  x:  5.05468   0.09841   0.06880   0.44565   0.63429   0.91463   0.61183   0.92382   0.04544   0.10191   0.28231   0.83641   0.71642   0.00000   0.33732   0.80504   1.00814   1.14268   1.27569   1.11412   0.50741   0.43816   0.52943   0.21514   1.54938   0.47932   0.20929   0.04643   0.27944   0.10395   0.21928   0.21395   0.31037   1.45737   0.16832   2.25259   0.90932   1.92369  16.16629  15.57573   0.08442   1.00000  
 74 38.1756   7441.411696  x:  4.81481   0.09519   0.06739   0.46601   0.65920   0.90262   0.58188   0.90859   0.04730   0.10688   0.25678   0.82451   0.69933   0.00000   0.36849   0.78836   1.01874   1.14859   1.26685   1.08274   0.49098   0.42297   0.52698   0.21938   1.54844   0.46928   0.20846   0.04638   0.27325   0.10092   0.21650   0.21172   0.30915   1.42962   0.17849   2.20901   0.88465   1.89760  16.17224  15.56965   0.08409   1.00000  
 75 13.4066   7441.299263  x:  4.72375   0.10135   0.06863   0.44432   0.64908   0.87332   0.58117   0.91145   0.04879   0.10404   0.26116   0.83288   0.67854   0.00000   0.35512   0.78386   1.04814   1.13186   1.26866   1.06663   0.48542   0.41942   0.51912   0.22250   1.53683   0.45505   0.20655   0.04637   0.27011   0.09893   0.21503   0.20965   0.30616   1.41180   0.18219   2.16969   0.86537   1.90726  16.18773  15.55408   0.08391   1.00000  
 76  4.3022   7441.245508  x:  4.68548   0.09066   0.06918   0.44699   0.64888   0.86291   0.58271   0.90548   0.04881   0.10618   0.25891   0.82387   0.68009   0.00000   0.32439   0.78189   1.05972   1.10470   1.27346   1.06488   0.49095   0.41680   0.51831   0.21696   1.52181   0.45941   0.20638   0.04604   0.26966   0.09784   0.21507   0.20870   0.30996   1.40190   0.17877   2.14118   0.86173   1.89947  16.19600  15.54577   0.08389   1.00000  
 77  2.7351   7441.222737  x:  4.67382   0.10023   0.06803   0.44674   0.64348   0.86438   0.58021   0.89679   0.04953   0.10619   0.25785   0.81809   0.68304   0.00000   0.31830   0.78949   1.05988   1.08829   1.28442   1.06844   0.48383   0.41880   0.51736   0.21683   1.51268   0.46082   0.20585   0.04605   0.26940   0.09792   0.21494   0.20868   0.30563   1.39750   0.18022   2.12440   0.86849   1.89555  16.19870  15.54303   0.08377   1.00000  
 78  1.7146   7441.202631  x:  4.67041   0.09403   0.06850   0.44948   0.64078   0.87247   0.58223   0.89372   0.04969   0.10505   0.25686   0.82032   0.67912   0.00000   0.32013   0.80449   1.05585   1.07868   1.29818   1.06986   0.48540   0.41744   0.51409   0.21849   1.50690   0.45612   0.20543   0.04617   0.26881   0.09848   0.21447   0.20865   0.30764   1.39301   0.17481   2.10721   0.87468   1.90062  16.19946  15.54222   0.08376   1.00000  
 79  1.1723   7441.164331  x:  4.67989   0.09716   0.06822   0.44722   0.64136   0.88114   0.58233   0.90185   0.04986   0.10775   0.25746   0.82942   0.67659   0.00000   0.30319   0.82514   1.04603   1.08651   1.30905   1.05810   0.48744   0.41075   0.52719   0.22163   1.51430   0.45479   0.20608   0.04636   0.26955   0.10070   0.21497   0.20950   0.30427   1.39160   0.17698   2.07955   0.88032   1.89493  16.19533  15.54620   0.08359   1.00000  
 80  0.7552   7441.106081  x:  4.70479   0.09801   0.06754   0.44522   0.65040   0.87681   0.57298   0.90769   0.05001   0.10671   0.25902   0.82671   0.68206   0.00000   0.29177   0.84047   1.04385   1.10703   1.31805   1.05665   0.48864   0.42557   0.51066   0.21360   1.52846   0.46337   0.20542   0.04663   0.27035   0.10422   0.21483   0.21063   0.30061   1.39478   0.17656   2.04892   0.87953   1.89708  16.19389  15.54743   0.08334   1.00000  
 81  1.3568   7441.014994  x:  4.75539   0.09053   0.06734   0.44047   0.65207   0.85876   0.57583   0.90879   0.05071   0.10403   0.25742   0.80472   0.68884   0.00000   0.30357   0.82733   1.04984   1.11677   1.31843   1.07950   0.48494   0.41541   0.52439   0.21450   1.53568   0.45761   0.20388   0.04720   0.26983   0.10995   0.21368   0.21198   0.29706   1.39742   0.18264   2.02718   0.87563   1.90520  16.19386  15.54709   0.08292   1.00000  
 82  1.4076   7440.891533  x:  4.83060   0.10648   0.06437   0.45490   0.65107   0.85252   0.59134   0.90235   0.05138   0.10451   0.25407   0.81325   0.68328   0.00000   0.32751   0.78384   1.05612   1.10104   1.30141   1.07731   0.49841   0.41661   0.52002   0.22061   1.52784   0.44862   0.20295   0.04789   0.27001   0.11710   0.21362   0.21365   0.28307   1.39477   0.17206   2.02111   0.86628   1.89475  16.19254  15.54787   0.08217   1.00000  
 83  2.6209   7440.823237  x:  4.87303   0.09398   0.06558   0.45461   0.64087   0.85659   0.59022   0.89552   0.05295   0.10619   0.25399   0.82383   0.68134   0.00000   0.34244   0.76093   1.05999   1.08746   1.28561   1.05825   0.48822   0.42228   0.51825   0.21583   1.51899   0.45340   0.20261   0.04808   0.27047   0.12027   0.21375   0.21441   0.28195   1.39065   0.18608   2.02582   0.87144   1.89332  16.19403  15.54608   0.08183   1.00000  
 84  3.6017   7440.797430  x:  4.88980   0.09682   0.06497   0.45214   0.63985   0.86483   0.58236   0.89638   0.05320   0.10754   0.25234   0.81663   0.68015   0.00000   0.34651   0.76151   1.06124   1.08412   1.27261   1.04616   0.48523   0.41673   0.52126   0.21007   1.51270   0.45967   0.20213   0.04787   0.26992   0.12082   0.21340   0.21386   0.27926   1.38518   0.17713   2.03167   0.87067   1.90251  16.20110  15.53887   0.08168   1.00000  
 85  1.4307   7440.764504  x:  4.91140   0.09635   0.06435   0.44433   0.64130   0.87238   0.57202   0.90073   0.05252   0.10412   0.25858   0.80338   0.67932   0.00000   0.34474   0.77190   1.05262   1.08124   1.25311   1.04355   0.49188   0.41867   0.51593   0.21659   1.50191   0.44933   0.20146   0.04791   0.26892   0.12105   0.21256   0.21330   0.27601   1.37401   0.18327   2.04011   0.86706   1.89819  16.20526  15.53450   0.08145   1.00000  
 86  0.9173   7440.696762  x:  4.95405   0.09513   0.06396   0.43777   0.64974   0.86766   0.57504   0.90755   0.05297   0.10232   0.25161   0.81609   0.68073   0.00000   0.33963   0.78839   1.02927   1.08199   1.23551   1.05886   0.47658   0.41943   0.51405   0.21306   1.48688   0.45285   0.19974   0.04796   0.26697   0.12094   0.21018   0.21317   0.26970   1.35901   0.18168   2.05010   0.85402   1.89225  16.20990  15.52940   0.08098   1.00000  
 87  1.1239   7440.482500  x:  5.08250   0.10015   0.06252   0.43978   0.63883   0.83975   0.57284   0.88144   0.05312   0.09651   0.25509   0.82588   0.67732   0.00000   0.34077   0.81031   0.99665   1.10360   1.25702   1.05882   0.50553   0.40750   0.51947   0.19890   1.48673   0.47270   0.19952   0.04743   0.26489   0.11574   0.20863   0.21137   0.24413   1.36351   0.19450   2.07049   0.85287   1.89558  16.21403  15.52376   0.07937   1.00000  
 88  1.7841   7440.227320  x:  5.23085   0.09900   0.05836   0.45878   0.64180   0.84008   0.60570   0.88354   0.05360   0.10436   0.25943   0.80526   0.67791   0.00000   0.32841   0.82028   0.99708   1.12987   1.28719   1.04182   0.48294   0.42346   0.52081   0.21612   1.50341   0.46065   0.20075   0.04714   0.26676   0.10868   0.21016   0.21011   0.21687   1.39040   0.18809   2.08708   0.86761   1.90395  16.21268  15.52328   0.07752   1.00000  
 89  5.3361   7440.109563  x:  5.29382   0.10096   0.05755   0.45230   0.65215   0.87260   0.58609   0.90472   0.05383   0.10326   0.25150   0.82544   0.69759   0.00000   0.32816   0.81872   1.04293   1.12388   1.28717   1.06253   0.49049   0.42337   0.52477   0.22165   1.51461   0.45947   0.20145   0.04738   0.26717   0.10673   0.21019   0.21085   0.20293   1.42330   0.18697   2.08093   0.88528   1.90795  16.19996  15.53512   0.07666   1.00000  
 90  2.6378   7440.096047  x:  5.29823   0.10114   0.05785   0.45035   0.65494   0.87786   0.58693   0.91195   0.05405   0.10177   0.25876   0.82314   0.68773   0.00000   0.33191   0.81954   1.04899   1.11919   1.28765   1.06730   0.49023   0.42353   0.52598   0.21699   1.51824   0.46665   0.20185   0.04735   0.26743   0.10657   0.21036   0.21115   0.20139   1.42751   0.18723   2.08027   0.88631   1.90230  16.19714  15.53784   0.07658   1.00000  
 91  1.2390   7440.074048  x:  5.27707   0.10105   0.05926   0.44647   0.66154   0.87320   0.58569   0.91228   0.05360   0.10371   0.25692   0.82283   0.68988   0.00000   0.33589   0.82419   1.04546   1.09584   1.28618   1.06547   0.48962   0.42314   0.52549   0.21718   1.54281   0.46426   0.20268   0.04720   0.26860   0.10573   0.21182   0.21089   0.19942   1.42983   0.18813   2.08967   0.88043   1.90401  16.19753  15.53719   0.07658   1.00000  
 92  0.2171   7439.972073  x:  5.15612   0.09914   0.06666   0.46018   0.63386   0.87319   0.58680   0.89526   0.05022   0.10442   0.25623   0.81993   0.68415   0.00000   0.32011   0.82411   1.07003   1.09481   1.28647   1.06761   0.48137   0.41464   0.51755   0.21755   1.54523   0.45839   0.20410   0.04693   0.26958   0.10580   0.21333   0.21025   0.19131   1.43373   0.18013   2.13741   0.87494   1.89394  16.19772  15.53585   0.07675   1.00000  
 93  0.6819   7439.943147  x:  5.12113   0.09904   0.06896   0.44741   0.64475   0.87961   0.57942   0.90210   0.05009   0.10727   0.25465   0.81877   0.68271   0.00000   0.31687   0.80553   1.06534   1.09755   1.31013   1.06685   0.48168   0.41358   0.51600   0.21941   1.52964   0.45755   0.20504   0.04676   0.27050   0.10518   0.21488   0.21009   0.18868   1.43019   0.18067   2.15246   0.87067   1.89438  16.19918  15.53406   0.07682   1.00000  
 94  1.2814   7439.888246  x:  5.08187   0.10305   0.06943   0.45919   0.63636   0.88014   0.57619   0.91155   0.04823   0.10872   0.25527   0.82011   0.68479   0.00000   0.31722   0.79961   1.07545   1.09772   1.31368   1.07384   0.48403   0.41703   0.51820   0.21938   1.53754   0.46109   0.20548   0.04643   0.27148   0.10332   0.21571   0.21009   0.18091   1.38287   0.18476   2.14500   0.87771   1.89799  16.19779  15.53423   0.07733   1.00000  
 95  0.0757   7439.650604  x:  4.92286   0.10685   0.06869   0.43970   0.65112   0.86582   0.58232   0.88662   0.03802   0.10384   0.25111   0.81225   0.67640   0.00000   0.31723   0.78479   1.07150   1.07380   1.29863   1.04728   0.48137   0.41473   0.51784   0.21864   1.51972   0.45665   0.19924   0.04575   0.26519   0.10063   0.20769   0.20784   0.15060   1.39331   0.17848   2.08414   0.89455   1.88822  16.21169  15.51503   0.07958   1.00000  
 96  1.0595   7439.617043  x:  4.90011   0.10731   0.06833   0.45244   0.63721   0.87100   0.57547   0.89348   0.03708   0.10625   0.24994   0.81064   0.67614   0.00000   0.32011   0.78651   1.06565   1.06962   1.29817   1.04738   0.47854   0.41535   0.51890   0.21933   1.51077   0.45669   0.19896   0.04560   0.26550   0.09981   0.20809   0.20751   0.14599   1.40995   0.18699   2.07164   0.86716   1.89060  16.21454  15.51139   0.07990   1.00000  
 97  1.3491   7439.524297  x:  4.84661   0.10744   0.06529   0.45821   0.63533   0.84838   0.56453   0.91505   0.04306   0.10624   0.25195   0.81128   0.67754   0.00000   0.33193   0.78472   1.03944   1.08134   1.28062   1.04928   0.47760   0.41463   0.51692   0.21919   1.50092   0.45728   0.20173   0.04584   0.26654   0.10470   0.20987   0.20895   0.13332   1.42087   0.17860   2.05456   0.89108   1.89154  16.20885  15.51412   0.08067   1.00000  
 98  0.0893   7439.490167  x:  4.82693   0.10860   0.06479   0.44765   0.64457   0.86191   0.57778   0.89537   0.04573   0.10697   0.25509   0.81226   0.67964   0.00000   0.33460   0.78684   1.03867   1.09299   1.27100   1.05430   0.47905   0.41513   0.51778   0.21773   1.50096   0.46062   0.20347   0.04587   0.26788   0.10615   0.21170   0.20960   0.12842   1.41797   0.18347   2.04605   0.88206   1.89569  16.20538  15.51650   0.08098   1.00000  
 99  1.1681   7439.481172  x:  4.83915   0.10670   0.06443   0.44713   0.64432   0.86105   0.57702   0.89503   0.04859   0.10706   0.25479   0.81126   0.67973   0.00000   0.33382   0.78625   1.03968   1.09322   1.27118   1.05447   0.47889   0.41445   0.51719   0.21768   1.50245   0.45943   0.20325   0.04601   0.26826   0.10436   0.21195   0.20915   0.13355   1.41733   0.18202   2.04888   0.88021   1.89468  16.20333  15.51814   0.08134   1.00000  
100  0.0166   7439.480116  x:  4.82489   0.10769   0.06416   0.44743   0.64362   0.86065   0.57693   0.89499   0.04946   0.10690   0.25432   0.81079   0.67956   0.00000   0.33286   0.78630   1.04094   1.09157   1.27215   1.05418   0.47888   0.41449   0.51705   0.21779   1.50267   0.45908   0.20287   0.04606   0.26813   0.10412   0.21170   0.20900   0.13128   1.41639   0.18198   2.05371   0.88003   1.89417  16.20361  15.51758   0.08135   1.00000  
101  0.0170   7439.480077  x:  4.82437   0.10760   0.06408   0.44741   0.64353   0.86084   0.57696   0.89501   0.04969   0.10684   0.25427   0.81088   0.67953   0.00000   0.33278   0.78639   1.04113   1.09127   1.27229   1.05405   0.47886   0.41456   0.51708   0.21774   1.50244   0.45909   0.20290   0.04605   0.26805   0.10425   0.21167   0.20904   0.13147   1.41630   0.18209   2.05317   0.88025   1.89413  16.20380  15.51741   0.08135   1.00000  
102  0.0010   7439.480076  x:  4.82509   0.10759   0.06408   0.44739   0.64354   0.86082   0.57694   0.89502   0.04971   0.10684   0.25427   0.81089   0.67953   0.00000   0.33279   0.78638   1.04111   1.09133   1.27231   1.05404   0.47885   0.41455   0.51707   0.21773   1.50245   0.45908   0.20290   0.04605   0.26805   0.10425   0.21167   0.20904   0.13144   1.41631   0.18207   2.05310   0.88025   1.89412  16.20380  15.51741   0.08135   1.00000  
103  0.0009   7439.480076  x:  4.82503   0.10760   0.06408   0.44739   0.64355   0.86082   0.57694   0.89502   0.04972   0.10685   0.25427   0.81089   0.67953   0.00000   0.33279   0.78638   1.04111   1.09135   1.27231   1.05406   0.47885   0.41455   0.51707   0.21773   1.50246   0.45908   0.20291   0.04604   0.26806   0.10425   0.21167   0.20904   0.13144   1.41633   0.18207   2.05314   0.88025   1.89412  16.20379  15.51742   0.08135   1.00000  
104  0.0001   7439.480076  x:  4.82502   0.10760   0.06408   0.44739   0.64355   0.86082   0.57694   0.89502   0.04972   0.10684   0.25427   0.81089   0.67953   0.00000   0.33279   0.78638   1.04111   1.09134   1.27231   1.05405   0.47885   0.41455   0.51707   0.21773   1.50246   0.45908   0.20291   0.04604   0.26806   0.10425   0.21167   0.20904   0.13144   1.41632   0.18207   2.05312   0.88025   1.89412  16.20380  15.51742   0.08135   1.00000  
105  0.0000   7439.480076  x:  4.82502   0.10760   0.06408   0.44739   0.64355   0.86082   0.57694   0.89502   0.04972   0.10684   0.25427   0.81089   0.67953   0.00000   0.33279   0.78638   1.04111   1.09134   1.27231   1.05405   0.47885   0.41455   0.51707   0.21773   1.50246   0.45908   0.20291   0.04604   0.26806   0.10425   0.21167   0.20904   0.13144   1.41632   0.18207   2.05313   0.88025   1.89412  16.20380  15.51742   0.08135   1.00000  
106  0.0000   7439.480076  x:  4.82502   0.10760   0.06408   0.44739   0.64355   0.86082   0.57694   0.89502   0.04972   0.10684   0.25427   0.81089   0.67953   0.00000   0.33279   0.78638   1.04111   1.09134   1.27231   1.05405   0.47885   0.41455   0.51707   0.21773   1.50246   0.45908   0.20291   0.04604   0.26806   0.10425   0.21167   0.20904   0.13144   1.41632   0.18207   2.05313   0.88025   1.89412  16.20380  15.51742   0.08135   1.00000  